time,value
0,100
0.014098,100
0.030021,100
0.046012,100
0.062016,100
0.078008,100
0.094007,100
0.11,100.01
0.126,100.02
0.142,100.03
0.158,100.05
0.17399,100.09
0.18999,100.15
0.20599,100.21
0.22199,100.27
0.23799,100.34
0.25398,100.41
0.26998,100.51
0.28598,100.59
0.30198,100.66
0.31797,100.74
0.33397,100.81
0.34997,100.91
0.36597,100.99
0.38197,101.06
0.39799,101.14
0.41398,101.21
0.42996,101.31
0.44596,101.39
0.46195,101.46
0.47795,101.54
0.49394,101.61
0.50994,101.71
0.52595,101.79
0.54194,101.86
0.55794,101.94
0.57393,102.01
0.58994,102.11
0.60593,102.19
0.62193,102.26
0.63792,102.34
0.65393,102.41
0.66992,102.51
0.68592,102.59
0.70192,102.66
0.71791,102.74
0.73391,102.81
0.74992,102.91
0.76591,102.99
0.7819,103.06
0.79791,103.14
0.8139,103.21
0.8299,103.31
0.84589,103.39
0.86189,103.46
0.87789,103.54
0.89391,103.61
0.90991,103.71
0.9259,103.79
0.94189,103.86
0.95788,103.94
0.97388,104.01
0.98987,104.11
1.0059,104.19
1.0219,104.26
1.0379,104.34
1.0539,104.41
1.0699,104.51
1.0859,104.59
1.1019,104.66
1.1179,104.74
1.1339,104.81
1.1499,104.91
1.1658,104.99
1.1818,105.06
1.1978,105.14
1.2138,105.21
1.2298,105.31
1.2459,105.39
1.2618,105.46
1.2778,105.54
1.2938,105.61
1.3098,105.71
1.3258,105.79
1.3418,105.86
1.3578,105.94
1.3738,106.01
1.3898,106.11
1.4058,106.19
1.4218,106.26
1.4378,106.34
1.4538,106.41
1.4698,106.51
1.4858,106.59
1.5018,106.66
1.5178,106.74
1.5338,106.81
1.5498,106.91
1.5658,106.99
1.5818,107.06
1.5978,107.14
1.6138,107.21
1.6298,107.31
1.6458,107.39
1.6618,107.46
1.6778,107.54
1.6938,107.61
1.7098,107.71
1.7258,107.79
1.7418,107.86
1.7578,107.94
1.7738,108.01
1.7898,108.11
1.8058,108.19
1.8218,108.26
1.8378,108.34
1.8538,108.41
1.8698,108.51
1.8858,108.59
1.9018,108.66
1.9178,108.74
1.9338,108.81
1.9498,108.91
1.9658,108.99
1.9818,109.06
1.9978,109.14
2.0138,109.21
2.0298,109.31
2.0458,109.39
2.0618,109.46
2.0778,109.54
2.0938,109.61
2.1098,109.71
2.1258,109.79
2.1418,109.86
2.1578,109.94
2.1738,110.01
2.1898,110.11
2.2058,110.19
2.2218,110.26
2.2378,110.34
2.2538,110.41
2.2698,110.51
2.2858,110.59
2.3017,110.66
2.3177,110.74
2.3337,110.81
2.3497,110.91
2.3657,110.99
2.3817,111.06
2.3977,111.14
2.4137,111.21
2.4297,111.31
2.4457,111.39
2.4617,111.46
2.4777,111.54
2.4937,111.61
2.5097,111.71
2.5257,111.79
2.5417,111.86
2.5577,111.94
2.5737,112.01
2.5896,112.11
2.6056,112.19
2.6216,112.26
2.6376,112.34
2.6536,112.41
2.6696,112.51
2.6856,112.59
2.7016,112.66
2.7176,112.74
2.7336,112.81
2.7496,112.91
2.7656,112.99
2.7816,113.06
2.7976,113.14
2.8136,113.21
2.8296,113.31
2.8456,113.39
2.8616,113.46
2.8776,113.54
2.8936,113.61
2.9096,113.71
2.9256,113.79
2.9416,113.86
2.9576,113.94
2.9736,114.01
2.9896,114.11
3.0056,114.19
3.0216,114.26
3.0376,114.34
3.0536,114.41
3.0696,114.51
3.0856,114.59
3.1016,114.66
3.1176,114.74
3.1336,114.81
3.1496,114.91
3.1656,114.99
3.1816,115.06
3.1976,115.14
3.2136,115.21
3.2296,115.31
3.2455,115.39
3.2615,115.46
3.2775,115.54
3.2935,115.61
3.3095,115.71
3.3255,115.79
3.3415,115.86
3.3575,115.94
3.3735,116.01
3.3895,116.11
3.4056,116.19
3.4215,116.26
3.4375,116.34
3.4535,116.41
3.4695,116.51
3.4855,116.59
3.5015,116.66
3.5175,116.74
3.5335,116.81
3.5495,116.91
3.5655,116.99
3.5815,117.06
3.5975,117.14
3.6135,117.21
3.6295,117.31
3.6455,117.39
3.6615,117.46
3.6775,117.54
3.6935,117.61
3.7095,117.71
3.7255,117.79
3.7415,117.86
3.7575,117.94
3.7735,118.01
3.7895,118.11
3.8055,118.19
3.8215,118.26
3.8375,118.34
3.8535,118.41
3.8695,118.51
3.8855,118.59
3.9015,118.66
3.9175,118.74
3.9335,118.81
3.9494,118.91
3.9654,118.99
3.9814,119.06
3.9974,119.14
4.0134,119.21
4.0294,119.31
4.0454,119.39
4.0614,119.46
4.0774,119.54
4.0934,119.61
4.1094,119.71
4.1254,119.79
4.1414,119.86
4.1574,119.94
4.1734,120.01
4.1894,120.11
4.2054,120.19
4.2214,120.26
4.2374,120.34
4.2534,120.41
4.2694,120.51
4.2854,120.59
4.3015,120.66
4.3174,120.74
4.3335,120.81
4.3494,120.91
4.3654,120.99
4.3814,121.06
4.3974,121.14
4.4134,121.21
4.4294,121.31
4.4454,121.39
4.4614,121.46
4.4774,121.54
4.4934,121.61
4.5094,121.71
4.5254,121.79
4.5414,121.86
4.5574,121.94
4.5734,122.01
4.5894,122.11
4.6054,122.19
4.6214,122.26
4.6373,122.34
4.6533,122.41
4.6693,122.49
4.6853,122.59
4.7013,122.66
4.7173,122.74
4.7333,122.81
4.7493,122.89
4.7653,122.99
4.7813,123.06
4.7973,123.14
4.8133,123.21
4.8293,123.29
4.8453,123.39
4.8613,123.46
4.8773,123.54
4.8933,123.61
4.9093,123.69
4.9253,123.79
4.9413,123.86
4.9573,123.94
4.9733,124.01
4.9893,124.09
5.0053,124.19
5.0213,124.26
5.0373,124.34
5.0533,124.41
5.0693,124.49
5.0853,124.59
5.1013,124.66
5.1173,124.74
5.1333,124.81
5.1493,124.89
5.1653,124.99
5.1813,125.06
5.1973,125.14
5.2133,125.21
5.2293,125.29
5.2453,125.39
5.2613,125.46
5.2773,125.54
5.2933,125.61
5.3093,125.69
5.3253,125.79
5.3412,125.86
5.3572,125.94
5.3732,126.01
5.3892,126.09
5.4052,126.19
5.4212,126.26
5.4372,126.34
5.4532,126.41
5.4692,126.49
5.4852,126.59
5.5012,126.66
5.5172,126.74
5.5332,126.81
5.5492,126.89
5.5652,126.99
5.5812,127.06
5.5972,127.14
5.6132,127.21
5.6292,127.29
5.6452,127.39
5.6612,127.46
5.6772,127.54
5.6932,127.61
5.7092,127.69
5.7252,127.79
5.7412,127.86
5.7572,127.94
5.7732,128.01
5.7892,128.09
5.8052,128.19
5.8212,128.26
5.8372,128.34
5.8532,128.41
5.8692,128.49
5.8852,128.59
5.9012,128.66
5.9172,128.74
5.9332,128.81
5.9492,128.89
5.9652,128.99
5.9812,129.06
5.9972,129.14
6.0132,129.21
6.0292,129.29
6.0451,129.39
6.0611,129.46
6.0771,129.54
6.0931,129.61
6.1091,129.69
6.1251,129.79
6.1412,129.86
6.1571,129.94
6.1731,130.01
6.1891,130.09
6.2051,130.19
6.2211,130.26
6.2371,130.34
6.2531,130.41
6.2691,130.49
6.2851,130.59
6.3011,130.66
6.3171,130.74
6.3331,130.81
6.3491,130.89
6.3651,130.99
6.3811,131.06
6.3971,131.14
6.4131,131.21
6.4291,131.29
6.4451,131.39
6.4611,131.46
6.4771,131.54
6.4931,131.61
6.5091,131.69
6.5251,131.79
6.5411,131.86
6.5571,131.94
6.5731,132.01
6.5891,132.09
6.6051,132.19
6.6211,132.26
6.6371,132.34
6.6531,132.41
6.6691,132.49
6.6851,132.59
6.7011,132.66
6.717,132.74
6.733,132.81
6.749,132.89
6.765,132.99
6.781,133.06
6.797,133.14
6.813,133.21
6.829,133.29
6.845,133.39
6.861,133.46
6.877,133.54
6.893,133.61
6.909,133.69
6.925,133.79
6.941,133.86
6.957,133.94
6.973,134.01
6.989,134.09
7.005,134.19
7.021,134.26
7.037,134.34
7.053,134.41
7.069,134.49
7.085,134.59
7.101,134.66
7.117,134.74
7.133,134.81
7.149,134.89
7.165,134.99
7.181,135.06
7.197,135.14
7.213,135.21
7.229,135.29
7.245,135.39
7.261,135.46
7.277,135.54
7.293,135.61
7.309,135.69
7.325,135.79
7.341,135.86
7.357,135.94
7.373,136.01
7.389,136.09
7.405,136.19
7.421,136.26
7.437,136.34
7.453,136.41
7.469,136.49
7.485,136.59
7.501,136.66
7.517,136.74
7.533,136.81
7.549,136.89
7.565,136.99
7.581,137.06
7.597,137.14
7.613,137.21
7.629,137.29
7.645,137.39
7.661,137.46
7.677,137.54
7.693,137.61
7.709,137.69
7.725,137.79
7.741,137.86
7.7569,137.94
7.7729,138.01
7.7889,138.09
7.8049,138.19
7.8209,138.26
7.8369,138.34
7.8529,138.41
7.8689,138.49
7.8849,138.59
7.9009,138.66
7.9169,138.74
7.9329,138.81
7.9489,138.89
7.9649,138.99
7.9809,139.06
7.9969,139.14
8.0129,139.21
8.0289,139.29
8.0449,139.39
8.0609,139.46
8.0769,139.54
8.0929,139.61
8.1088,139.69
8.1248,139.79
8.1408,139.86
8.1568,139.94
8.1728,140.01
8.1888,140.09
8.2048,140.19
8.2208,140.26
8.2368,140.34
8.2528,140.41
8.2688,140.49
8.2848,140.59
8.3008,140.66
8.3168,140.74
8.3328,140.81
8.3488,140.89
8.3648,140.99
8.3808,141.06
8.3968,141.14
8.4128,141.21
8.4288,141.29
8.4448,141.39
8.4608,141.46
8.4768,141.54
8.4928,141.61
8.5088,141.69
8.5248,141.79
8.5408,141.86
8.5568,141.94
8.5728,142.01
8.5888,142.09
8.6048,142.19
8.6208,142.26
8.6368,142.34
8.6528,142.41
8.6688,142.49
8.6848,142.59
8.7008,142.66
8.7168,142.74
8.7328,142.81
8.7488,142.89
8.7648,142.99
8.7808,143.06
8.7968,143.14
8.8127,143.21
8.8287,143.29
8.8448,143.39
8.8607,143.46
8.8767,143.54
8.8927,143.61
8.9087,143.69
8.9247,143.79
8.9407,143.86
8.9567,143.94
8.9727,144.01
8.9887,144.09
9.0047,144.19
9.0207,144.26
9.0367,144.34
9.0527,144.41
9.0687,144.49
9.0847,144.59
9.1007,144.66
9.1167,144.74
9.1327,144.81
9.1487,144.89
9.1647,144.99
9.1807,145.06
9.1967,145.14
9.2127,145.21
9.2287,145.29
9.2447,145.39
9.2607,145.46
9.2767,145.54
9.2927,145.61
9.3087,145.69
9.3247,145.79
9.3407,145.86
9.3567,145.94
9.3727,146.01
9.3887,146.09
9.4047,146.19
9.4207,146.26
9.4367,146.34
9.4527,146.41
9.4687,146.49
9.4847,146.59
9.5006,146.66
9.5167,146.74
9.5326,146.81
9.5486,146.89
9.5646,146.99
9.5806,147.06
9.5966,147.14
9.6126,147.21
9.6286,147.29
9.6446,147.39
9.6606,147.46
9.6766,147.54
9.6926,147.61
9.7086,147.69
9.7246,147.79
9.7406,147.86
9.7566,147.94
9.7726,148.01
9.7886,148.09
9.8046,148.19
9.8206,148.26
9.8366,148.34
9.8526,148.41
9.8686,148.49
9.8846,148.59
9.9006,148.66
9.9166,148.74
9.9326,148.81
9.9486,148.89
9.9646,148.99
9.9806,149.06
9.9966,149.14
10.013,149.21
10.029,149.29
10.045,149.39
10.061,149.46
10.077,149.53
10.093,149.6
10.109,149.66
10.125,149.73
10.141,149.76
10.157,149.78
10.173,149.77
10.189,149.75
10.205,149.69
10.221,149.63
10.237,149.57
10.253,149.49
10.269,149.42
10.285,149.32
10.301,149.24
10.317,149.17
10.333,149.09
10.349,149.02
10.365,148.92
10.381,148.84
10.397,148.77
10.413,148.69
10.429,148.62
10.445,148.52
10.461,148.44
10.477,148.37
10.493,148.29
10.509,148.22
10.525,148.12
10.541,148.04
10.557,147.97
10.572,147.89
10.588,147.82
10.604,147.72
10.62,147.64
10.636,147.57
10.652,147.49
10.668,147.42
10.684,147.32
10.7,147.24
10.716,147.17
10.732,147.09
10.748,147.02
10.764,146.92
10.78,146.84
10.796,146.77
10.812,146.69
10.828,146.62
10.844,146.52
10.86,146.44
10.876,146.37
10.892,146.29
10.908,146.22
10.924,146.12
10.94,146.04
10.956,145.97
10.972,145.89
10.988,145.82
11.004,145.72
11.02,145.64
11.036,145.57
11.052,145.49
11.068,145.42
11.084,145.32
11.1,145.24
11.116,145.17
11.132,145.09
11.148,145.02
11.164,144.92
11.18,144.84
11.196,144.77
11.212,144.69
11.228,144.62
11.244,144.52
11.26,144.44
11.276,144.37
11.292,144.29
11.308,144.22
11.324,144.12
11.34,144.04
11.356,143.97
11.372,143.89
11.388,143.82
11.404,143.72
11.42,143.64
11.436,143.57
11.452,143.49
11.468,143.42
11.484,143.32
11.5,143.24
11.516,143.17
11.532,143.09
11.548,143.02
11.564,142.92
11.58,142.84
11.596,142.77
11.612,142.69
11.628,142.62
11.644,142.52
11.66,142.44
11.676,142.37
11.692,142.29
11.708,142.22
11.724,142.12
11.74,142.04
11.756,141.97
11.772,141.89
11.788,141.82
11.804,141.72
11.82,141.64
11.836,141.57
11.852,141.49
11.868,141.42
11.884,141.32
11.9,141.24
11.916,141.17
11.932,141.09
11.948,141.02
11.964,140.92
11.98,140.84
11.996,140.77
12.012,140.69
12.028,140.62
12.044,140.52
12.06,140.44
12.076,140.37
12.092,140.29
12.108,140.22
12.124,140.12
12.14,140.04
12.156,139.97
12.172,139.89
12.188,139.82
12.204,139.72
12.22,139.64
12.236,139.57
12.252,139.49
12.268,139.42
12.284,139.32
12.3,139.24
12.316,139.17
12.332,139.09
12.348,139.02
12.364,138.92
12.38,138.84
12.396,138.77
12.412,138.69
12.428,138.62
12.444,138.52
12.46,138.44
12.476,138.37
12.492,138.29
12.508,138.22
12.524,138.12
12.54,138.04
12.556,137.97
12.572,137.89
12.588,137.82
12.604,137.74
12.62,137.64
12.636,137.57
12.652,137.49
12.668,137.42
12.684,137.34
12.7,137.24
12.716,137.17
12.732,137.09
12.748,137.02
12.764,136.94
12.78,136.84
12.796,136.77
12.812,136.69
12.828,136.62
12.844,136.54
12.86,136.44
12.876,136.37
12.892,136.29
12.908,136.22
12.924,136.14
12.94,136.04
12.956,135.97
12.972,135.89
12.988,135.82
13.004,135.74
13.02,135.64
13.036,135.57
13.052,135.49
13.068,135.42
13.084,135.34
13.1,135.24
13.116,135.17
13.132,135.09
13.148,135.02
13.164,134.94
13.18,134.84
13.196,134.77
13.212,134.69
13.228,134.62
13.244,134.52
13.26,134.44
13.276,134.37
13.292,134.29
13.308,134.22
13.324,134.14
13.34,134.04
13.356,133.97
13.372,133.89
13.388,133.82
13.404,133.74
13.42,133.64
13.436,133.57
13.452,133.49
13.468,133.42
13.484,133.34
13.5,133.24
13.516,133.17
13.532,133.09
13.548,133.02
13.564,132.94
13.58,132.84
13.596,132.77
13.612,132.69
13.628,132.62
13.644,132.54
13.66,132.44
13.676,132.37
13.692,132.29
13.708,132.22
13.724,132.14
13.74,132.04
13.756,131.97
13.772,131.89
13.788,131.82
13.804,131.74
13.82,131.64
13.836,131.57
13.852,131.49
13.868,131.42
13.884,131.34
13.9,131.24
13.916,131.17
13.932,131.09
13.948,131.02
13.964,130.94
13.98,130.84
13.996,130.77
14.012,130.69
14.028,130.62
14.044,130.54
14.06,130.44
14.076,130.37
14.092,130.29
14.108,130.22
14.124,130.14
14.14,130.04
14.156,129.97
14.172,129.89
14.188,129.82
14.204,129.74
14.22,129.64
14.236,129.57
14.252,129.49
14.268,129.42
14.284,129.34
14.3,129.24
14.316,129.17
14.332,129.09
14.348,129.02
14.364,128.94
14.38,128.84
14.396,128.77
14.412,128.69
14.428,128.62
14.444,128.54
14.46,128.44
14.476,128.37
14.492,128.29
14.508,128.22
14.524,128.14
14.54,128.04
14.556,127.97
14.572,127.89
14.588,127.82
14.604,127.74
14.62,127.64
14.636,127.57
14.652,127.49
14.668,127.42
14.684,127.34
14.7,127.24
14.716,127.17
14.732,127.09
14.748,127.02
14.764,126.94
14.78,126.84
14.796,126.77
14.812,126.69
14.828,126.62
14.844,126.54
14.86,126.44
14.876,126.37
14.892,126.29
14.908,126.22
14.924,126.14
14.94,126.04
14.956,125.97
14.972,125.89
14.988,125.82
15.004,125.74
15.02,125.64
15.036,125.57
15.052,125.49
15.068,125.42
15.084,125.34
15.1,125.24
15.116,125.17
15.132,125.09
15.148,125.02
15.164,124.94
15.18,124.84
15.196,124.77
15.212,124.69
15.228,124.62
15.244,124.54
15.26,124.44
15.276,124.37
15.292,124.29
15.308,124.22
15.324,124.14
15.34,124.04
15.356,123.97
15.372,123.89
15.388,123.82
15.404,123.74
15.42,123.64
15.436,123.57
15.452,123.49
15.468,123.42
15.484,123.34
15.5,123.24
15.516,123.17
15.532,123.09
15.548,123.02
15.564,122.94
15.58,122.84
15.596,122.77
15.612,122.69
15.628,122.62
15.644,122.54
15.66,122.44
15.676,122.37
15.692,122.29
15.708,122.22
15.724,122.14
15.74,122.04
15.756,121.97
15.772,121.89
15.788,121.82
15.804,121.74
15.82,121.64
15.836,121.57
15.852,121.49
15.868,121.42
15.884,121.34
15.9,121.24
15.916,121.17
15.932,121.09
15.948,121.02
15.964,120.94
15.98,120.84
15.996,120.77
16.012,120.69
16.028,120.62
16.044,120.54
16.06,120.44
16.076,120.37
16.092,120.29
16.108,120.22
16.124,120.14
16.14,120.04
16.156,119.97
16.172,119.89
16.188,119.82
16.204,119.74
16.22,119.64
16.236,119.57
16.252,119.49
16.268,119.42
16.284,119.34
16.3,119.24
16.316,119.17
16.332,119.09
16.348,119.02
16.364,118.94
16.38,118.84
16.396,118.77
16.412,118.69
16.428,118.62
16.444,118.54
16.46,118.44
16.476,118.37
16.492,118.29
16.508,118.22
16.524,118.14
16.54,118.04
16.556,117.97
16.572,117.89
16.588,117.82
16.604,117.74
16.62,117.64
16.636,117.57
16.652,117.49
16.668,117.42
16.684,117.34
16.7,117.24
16.716,117.17
16.732,117.09
16.748,117.02
16.764,116.94
16.78,116.84
16.796,116.77
16.812,116.69
16.828,116.62
16.844,116.54
16.86,116.44
16.876,116.37
16.892,116.29
16.908,116.22
16.924,116.14
16.94,116.04
16.956,115.97
16.972,115.89
16.988,115.82
17.004,115.74
17.02,115.64
17.036,115.57
17.052,115.49
17.068,115.42
17.084,115.34
17.1,115.24
17.116,115.17
17.132,115.09
17.148,115.02
17.164,114.94
17.18,114.84
17.196,114.77
17.212,114.69
17.228,114.62
17.244,114.54
17.26,114.44
17.276,114.37
17.292,114.29
17.308,114.22
17.324,114.14
17.34,114.04
17.356,113.97
17.372,113.89
17.388,113.82
17.404,113.74
17.42,113.64
17.436,113.57
17.452,113.49
17.468,113.42
17.484,113.34
17.5,113.24
17.516,113.17
17.532,113.09
17.548,113.02
17.564,112.94
17.58,112.84
17.596,112.77
17.612,112.69
17.628,112.62
17.644,112.54
17.659,112.44
17.675,112.37
17.691,112.29
17.707,112.22
17.723,112.14
17.739,112.04
17.755,111.97
17.771,111.89
17.787,111.82
17.803,111.74
17.819,111.64
17.835,111.57
17.851,111.49
17.867,111.42
17.883,111.34
17.899,111.24
17.915,111.17
17.931,111.09
17.947,111.02
17.963,110.94
17.979,110.84
17.995,110.77
18.011,110.69
18.027,110.62
18.043,110.54
18.059,110.44
18.075,110.37
18.091,110.29
18.107,110.22
18.123,110.14
18.139,110.04
18.155,109.97
18.171,109.89
18.187,109.82
18.203,109.74
18.219,109.64
18.235,109.57
18.251,109.49
18.267,109.42
18.283,109.34
18.299,109.24
18.315,109.17
18.331,109.09
18.347,109.02
18.363,108.94
18.379,108.84
18.395,108.77
18.411,108.69
18.427,108.62
18.443,108.54
18.459,108.44
18.475,108.37
18.491,108.29
18.507,108.22
18.523,108.14
18.539,108.04
18.555,107.97
18.571,107.89
18.587,107.82
18.603,107.74
18.619,107.64
18.635,107.57
18.651,107.49
18.667,107.42
18.683,107.34
18.699,107.24
18.715,107.17
18.731,107.09
18.747,107.02
18.763,106.94
18.779,106.84
18.795,106.77
18.811,106.69
18.827,106.62
18.843,106.54
18.859,106.44
18.875,106.37
18.891,106.29
18.907,106.22
18.923,106.14
18.939,106.04
18.955,105.97
18.971,105.89
18.987,105.82
19.003,105.74
19.019,105.64
19.035,105.57
19.051,105.49
19.067,105.42
19.083,105.34
19.099,105.24
19.115,105.17
19.131,105.09
19.147,105.02
19.163,104.94
19.179,104.84
19.195,104.77
19.211,104.69
19.227,104.62
19.243,104.54
19.259,104.44
19.275,104.37
19.291,104.29
19.307,104.22
19.323,104.14
19.339,104.04
19.355,103.97
19.371,103.89
19.387,103.82
19.403,103.74
19.419,103.64
19.435,103.57
19.451,103.49
19.467,103.42
19.483,103.34
19.499,103.24
19.515,103.17
19.531,103.09
19.547,103.02
19.563,102.94
19.579,102.84
19.595,102.77
19.611,102.69
19.627,102.62
19.643,102.54
19.659,102.44
19.675,102.37
19.691,102.29
19.707,102.22
19.723,102.14
19.739,102.04
19.755,101.97
19.771,101.89
19.787,101.82
19.803,101.74
19.819,101.64
19.835,101.57
19.851,101.49
19.867,101.42
19.883,101.34
19.899,101.24
19.915,101.17
19.931,101.09
19.947,101.02
19.963,100.94
19.979,100.84
19.995,100.77
20.011,100.69
