value
15802,34,
13914,34,
13978,36,
13988,34,
13982,34,
13989,35,
13989,33,
13989,33,
13989,34,
13989,32,
13990,35,
13986,33,
13989,34,
13983,33,
13989,35,
13989,34,
13989,32,
13989,33,
13989,34,
13983,34,
13989,32,
13995,32,
13975,33,
13989,32,
13988,34,
13983,34,
13991,33,
13986,33,
13989,33,
13990,32,
13989,34,
13982,34,
14002,33,
14001,32,
14003,34,
14002,34,
14001,33,
14003,34,
13905,33,
13989,32,
13989,31,
13992,34,
13984,33,
13982,32,
13989,32,
13988,33,
13989,32,
13989,33,
13989,34,
13989,31,
13983,33,
13988,33,
13991,35,
13985,33,
13989,33,
13982,34,
13989,32,
13990,32,
13990,33,
13985,35,
13989,32,
13981,32,
13989,32,
13988,32,
13989,33,
13989,32,
13989,32,
13989,33,
13982,34,
13989,33,
13989,33,
13989,31,
13989,33,
13991,33,
13988,32,
13987,32,
13983,32,
13989,32,
13989,33,
13992,32,
13984,33,
13989,33,
13984,33,
13987,32,
13989,33,
13989,33,
13989,33,
13982,35,
13993,34,
13984,34,
13988,35,
13991,32,
13986,33,
13982,33,
13988,33,
13989,31,
13991,33,
13988,31,
13990,33,
13989,33,
