time,value
0,125
0.024832,125
0.040757,124
0.056756,124
0.07275,123
0.088751,126
0.10474,125
0.12074,123
0.13674,120
0.15273,123
0.16873,122
0.18473,123
0.20072,122
0.21672,120
0.23272,120
0.24871,121
0.26471,118
0.28071,118
0.29671,118
0.3127,117
0.3287,116
0.3447,116
0.36069,114
0.37669,116
0.39269,112
0.40868,113
0.42468,112
0.44068,113
0.45667,110
0.47267,108
0.48867,110
0.50466,110
0.52066,111
0.53666,111
0.55266,109
0.56865,110
0.58464,109
0.60065,107
0.61664,106
0.63263,105
0.64863,103
0.66463,106
0.68064,103
0.69663,106
0.71263,101
0.72862,102
0.74462,101
0.76062,100
0.77661,102
0.7926,99
0.80861,99
0.8246,98
0.8406,97
0.8566,97
0.87259,99
0.88859,96
0.90458,98
0.92058,94
0.93658,95
0.95258,95
0.96857,95
0.98457,94
1.0006,93
1.0166,93
1.0326,95
1.0486,94
1.0646,94
1.0806,92
1.0965,91
1.1125,92
1.1285,90
1.1445,91
1.1605,89
1.1766,89
1.1925,88
1.2085,89
1.2245,89
1.2405,88
1.2565,88
1.2725,87
1.2885,87
1.3045,83
1.3205,84
1.3365,83
1.3525,85
1.3685,85
1.3845,83
1.4005,81
1.4165,84
1.4325,81
1.4485,82
1.4645,82
1.4805,80
1.4965,82
1.5125,79
1.5285,80
1.5445,80
1.5605,77
1.5765,79
1.5924,76
1.6084,78
1.6244,78
1.6404,76
1.6564,75
1.6724,73
1.6884,77
1.7044,75
1.7204,73
1.7364,72
1.7524,71
1.7684,72
1.7844,72
1.8004,69
1.8164,70
1.8324,70
1.8484,69
1.8644,71
1.8804,69
1.8964,70
1.9124,67
1.9284,69
1.9444,68
1.9604,69
1.9764,67
1.9924,64
2.0084,65
2.0244,65
2.0404,65
2.0564,62
2.0724,63
2.0884,61
2.1043,65
2.1203,62
2.1363,64
2.1523,61
2.1683,62
2.1843,60
2.2003,60
2.2163,58
2.2323,60
2.2483,60
2.2643,58
2.2803,57
2.2963,57
2.3123,57
2.3283,58
2.3443,55
2.3603,53
2.3763,55
2.3923,53
2.4083,53
2.4243,55
2.4403,51
2.4563,52
2.4723,52
2.4883,51
2.5043,51
2.5203,48
2.5363,48
2.5523,46
2.5683,47
2.5843,48
2.6002,49
2.6163,46
2.6322,48
2.6482,44
2.6643,45
2.6802,43
2.6963,44
2.7122,44
2.7282,43
2.7442,43
2.7602,41
2.7762,40
2.7922,41
2.8082,40
2.8242,41
2.8402,41
2.8562,39
2.8722,40
2.8882,38
2.9042,37
2.9202,40
2.9362,37
2.9522,36
2.9682,36
2.9842,35
3.0002,34
3.0162,34
3.0322,33
3.0482,34
3.0642,33
3.0802,33
3.0962,33
3.1121,33
3.1281,31
3.1441,32
3.1601,32
3.1761,30
3.1921,32
3.2081,31
3.2241,30
3.2401,33
3.2561,31
3.2721,33
3.2881,30
3.3041,32
3.3201,31
3.3361,32
3.3521,31
3.3681,31
3.3841,30
3.4001,30
3.4161,31
3.4321,30
3.4481,31
3.4641,30
3.4801,30
3.4961,32
3.5121,32
3.5281,32
3.5441,31
3.5601,31
3.5761,31
3.5921,32
3.6081,32
3.624,33
3.64,30
3.6561,30
3.6721,32
3.6881,30
3.7041,32
3.7201,29
3.7361,33
3.7521,29
3.7681,31
3.7841,31
3.8001,32
3.8161,31
3.8321,29
3.8481,32
3.8641,31
3.8801,34
3.8961,32
3.9121,31
3.9281,31
3.944,31
3.96,28
3.976,29
3.992,31
4.008,31
4.024,30
4.04,32
4.056,31
4.072,31
4.088,33
4.104,30
4.12,32
4.136,29
4.152,31
4.168,29
4.1839,31
4.1999,32
4.2159,31
4.2319,34
4.2479,31
4.2639,32
4.2799,32
4.2959,31
4.3119,31
4.3279,33
4.3439,31
4.3599,29
4.3759,33
4.3919,32
4.4079,33
4.4239,33
4.4399,34
4.4559,32
4.4719,31
4.4879,33
4.5039,34
4.5199,33
4.5359,33
4.5519,33
4.5679,34
4.5839,34
4.5999,32
4.6159,33
4.6319,33
4.6479,32
4.6638,34
4.6799,33
4.6958,34
4.7118,33
4.7278,35
4.7438,33
4.7598,33
4.7758,33
4.7918,33
4.8078,31
4.8238,32
4.8398,34
4.8558,35
4.8718,35
4.8878,32
4.9038,33
4.9198,33
4.9358,31
4.9518,34
4.9678,34
4.9838,32
4.9998,33
5.0158,32
5.0318,33
5.0478,33
5.0638,32
5.0798,33
5.0958,31
5.1118,33
5.1278,33
5.1438,33
5.1597,33
5.1758,34
5.1917,34
5.2077,33
5.2237,31
5.2397,32
5.2557,33
5.2717,33
5.2877,33
5.3037,33
5.3197,35
5.3357,34
5.3517,33
5.3677,33
5.3837,33
5.3997,33
5.4157,33
5.4317,31
5.4477,33
5.4637,34
5.4797,32
5.4957,33
5.5117,34
5.5277,35
5.5437,33
5.5597,35
5.5757,32
5.5917,33
5.6077,33
5.6237,35
5.6397,33
5.6557,32
5.6717,32
5.6876,31
5.7036,33
5.7196,33
5.7356,33
5.7516,32
5.7676,32
5.7836,34
5.7996,31
5.8156,32
5.8316,35
5.8476,33
5.8636,34
5.8796,33
5.8956,33
5.9116,32
5.9276,32
5.9436,34
5.9596,34
5.9756,34
5.9916,31
6.0076,32
6.0236,33
6.0396,34
6.0556,32
6.0716,32
6.0876,33
6.1036,32
6.1196,34
6.1356,31
6.1516,30
6.1675,34
6.1836,33
6.1995,35
6.2155,34
6.2315,35
6.2475,36
6.2635,34
6.2795,36
6.2955,37
6.3115,37
6.3275,38
6.3435,39
6.3595,41
6.3755,39
6.3915,40
6.4075,38
6.4235,41
6.4395,43
6.4555,41
6.4715,43
6.4875,41
6.5035,42
6.5195,45
6.5355,43
6.5515,45
6.5675,44
6.5835,45
6.5995,45
6.6155,47
6.6315,47
6.6474,46
6.6635,47
6.6794,49
6.6955,47
6.7114,50
6.7274,50
6.7434,49
6.7594,51
6.7754,51
6.7914,53
6.8074,53
6.8234,51
6.8394,53
6.8554,56
6.8714,53
6.8874,56
6.9034,54
6.9194,56
6.9354,58
6.9514,58
6.9674,57
6.9834,58
6.9994,59
7.0154,58
7.0314,61
7.0474,60
7.0634,61
7.0794,62
7.0954,63
7.1114,63
7.1274,60
7.1434,64
7.1594,64
7.1753,64
7.1913,64
7.2073,64
7.2233,66
7.2393,66
7.2553,68
7.2713,66
7.2873,66
7.3033,67
7.3193,69
7.3353,70
7.3513,70
7.3673,70
7.3833,73
7.3993,72
7.4153,72
7.4313,72
7.4473,73
7.4633,72
7.4793,74
7.4953,75
7.5113,75
7.5273,75
7.5433,76
7.5593,77
7.5753,78
7.5913,77
7.6073,76
7.6233,77
7.6393,77
7.6553,77
7.6713,80
7.6873,80
7.7033,79
7.7193,80
7.7353,79
7.7513,80
7.7673,82
7.7833,80
7.7993,81
7.8153,83
7.8313,83
7.8473,85
7.8633,84
7.8793,86
7.8953,83
7.9113,87
7.9273,85
7.9432,87
7.9592,87
7.9752,87
7.9912,87
8.0072,87
8.0232,88
8.0392,90
8.0552,89
8.0712,90
8.0872,89
8.1032,91
8.1192,93
8.1352,93
8.1511,93
8.1672,94
8.1832,93
8.1991,95
8.2151,96
8.2311,95
8.2471,96
8.2631,95
8.2791,98
8.2951,95
8.3111,94
8.3271,98
8.3431,97
8.3591,100
8.3751,100
8.3911,100
8.4071,99
8.4231,100
8.4391,100
8.4551,101
8.4711,105
8.4871,104
8.5031,104
8.5191,107
8.5351,103
8.5511,104
8.5671,104
8.5831,104
8.5991,106
8.6151,105
8.6311,108
8.6471,108
8.663,108
8.679,112
8.6951,111
8.711,111
8.7271,110
8.743,111
8.759,113
8.775,113
8.791,113
8.807,112
8.823,117
8.839,112
8.855,114
8.871,116
8.887,115
8.903,118
8.919,116
8.935,119
8.951,119
8.967,118
8.983,117
8.999,120
9.015,118
9.031,121
9.047,122
9.063,124
9.079,121
9.095,123
9.111,122
9.127,123
9.1429,122
9.1589,124
9.1749,124
9.191,127
9.2069,125
9.2229,125
9.2389,124
9.2549,127
9.2709,123
9.2869,126
9.3029,123
9.3189,126
9.3349,123
9.3509,125
9.3669,127
9.3829,122
9.3989,126
9.4149,125
9.4309,122
9.4469,126
9.4629,125
9.4789,126
9.4949,126
9.5109,125
9.5269,124
9.5429,124
9.5589,124
9.5749,126
9.5909,124
9.6069,124
9.6229,123
9.6388,124
9.6549,125
9.6708,127
9.6868,124
9.7028,126
9.7188,126
9.7348,126
9.7508,127
9.7668,123
9.7828,127
9.7988,126
9.8148,124
9.8308,123
9.8468,125
9.8628,127
9.8788,126
9.8948,124
9.9108,126
9.9268,122
9.9428,125
9.9588,126
9.9748,126
9.9908,124
10.007,126
10.023,125
10.039,127
10.055,124
10.071,127
10.087,125
10.103,126
10.119,124
10.135,124
10.151,126
10.167,126
10.183,124
10.199,125
10.215,125
10.231,122
10.247,126
10.263,125
10.279,124
10.295,124
10.311,126
10.327,125
10.343,123
10.359,126
10.375,125
10.391,125
10.407,125
10.423,125
10.439,124
10.455,125
10.471,127
10.487,124
10.503,125
10.519,124
10.535,123
10.551,125
10.567,124
10.583,127
10.599,125
10.615,125
10.631,125
10.647,126
10.663,127
10.679,125
10.695,125
10.711,122
10.727,126
10.743,124
10.759,124
10.775,123
10.791,125
10.807,123
10.823,125
10.839,126
10.855,122
10.871,125
10.887,124
10.903,124
10.919,126
10.935,125
10.951,123
10.967,124
10.983,124
10.999,125
11.015,123
11.031,124
11.047,126
11.063,122
11.079,126
11.095,127
11.111,126
11.127,127
11.143,124
11.159,126
11.175,123
11.191,125
11.207,125
11.223,125
11.239,124
11.255,126
11.271,126
11.287,125
11.303,122
11.319,128
11.335,125
11.351,126
11.367,124
11.383,127
11.399,125
11.415,123
11.43,127
11.446,125
11.462,124
11.478,126
11.494,125
11.51,123
11.526,124
11.542,126
11.558,125
11.574,125
11.59,124
11.606,124
11.622,126
11.638,123
11.654,125
11.67,127
11.686,128
11.702,126
11.718,125
11.734,128
11.75,126
11.766,124
11.782,126
11.798,127
11.814,124
11.83,125
11.846,123
11.862,124
11.878,124
11.894,123
11.91,125
11.926,125
11.942,125
11.958,125
11.974,123
11.99,126
12.006,123
12.022,125
12.038,125
12.054,127
12.07,126
12.086,125
12.102,125
12.118,127
12.134,125
12.15,125
12.166,128
12.182,125
12.198,126
12.214,128
12.23,128
12.246,125
12.262,124
12.278,122
12.294,125
12.31,125
12.326,124
12.342,122
12.358,123
12.374,122
12.39,119
12.406,122
12.422,119
12.438,118
12.454,119
12.47,119
12.486,116
12.502,115
12.518,115
12.534,117
12.55,116
12.566,115
12.582,113
12.598,114
12.614,114
12.63,114
12.646,112
12.662,109
12.678,111
12.694,113
12.71,109
12.726,112
12.742,111
12.758,110
12.774,109
12.79,108
12.806,106
12.822,104
12.838,104
12.854,107
12.87,106
12.886,107
12.902,104
12.918,101
12.934,100
12.95,102
12.966,103
12.982,101
12.998,103
13.014,99
13.03,99
13.046,99
13.062,99
13.078,97
13.094,96
13.11,96
13.126,96
13.142,95
13.158,95
13.174,96
13.19,94
13.206,94
13.222,91
13.238,94
13.254,94
13.27,91
13.286,93
13.302,93
13.318,91
13.334,92
13.35,90
13.366,92
13.382,93
13.398,90
13.414,87
13.43,89
13.446,87
13.462,89
13.478,89
13.494,87
13.51,85
13.526,84
13.542,84
13.558,83
13.574,86
13.59,84
13.606,83
13.622,82
13.638,82
13.654,81
13.67,82
13.686,83
13.702,81
13.718,80
13.734,79
13.75,80
13.766,81
13.782,76
13.798,76
13.814,77
13.83,76
13.846,76
13.862,76
13.878,77
13.894,76
13.91,76
13.926,74
13.942,75
13.958,74
13.974,70
13.99,73
14.006,71
14.022,71
14.038,73
14.054,67
14.07,69
14.086,69
14.102,72
14.118,68
14.134,68
14.15,70
14.166,69
14.182,65
14.198,66
14.214,65
14.23,63
14.246,65
14.262,64
14.278,62
14.294,64
14.31,64
14.326,63
14.342,62
14.358,61
14.374,61
14.39,60
14.406,60
14.422,61
14.438,59
14.454,57
14.47,58
14.486,59
14.502,58
14.518,58
14.534,57
14.55,54
14.566,55
14.582,57
14.598,52
14.614,53
14.63,53
14.646,51
14.662,52
14.678,50
14.694,50
14.71,50
14.726,50
14.742,47
14.758,48
14.774,46
14.79,48
14.806,45
14.822,44
14.838,47
14.854,44
14.87,43
14.886,45
14.902,43
14.918,44
14.934,43
14.95,42
14.966,41
14.982,41
14.998,40
15.014,40
15.03,40
15.046,39
15.062,40
15.078,37
15.094,39
15.11,38
15.126,37
15.142,38
15.158,34
15.174,35
15.19,35
15.206,35
15.222,35
15.238,34
15.254,34
15.27,32
15.286,33
15.302,36
15.318,35
15.334,36
15.35,33
15.366,31
15.382,35
15.398,33
15.414,33
15.43,32
15.446,33
15.462,35
15.478,33
15.494,32
15.51,33
15.526,34
15.542,32
15.558,33
15.574,35
15.59,34
15.606,32
15.622,32
15.638,33
15.654,33
15.67,32
15.686,34
15.702,34
15.718,34
15.734,34
15.75,35
15.766,34
15.782,33
15.798,32
15.814,33
15.83,34
15.846,33
15.862,34
15.878,32
15.894,31
15.91,32
15.926,35
15.942,35
15.958,31
15.974,33
15.99,35
16.006,31
16.022,33
16.038,34
16.054,33
16.07,32
16.086,33
16.102,32
16.118,35
16.134,34
16.15,35
16.166,33
16.182,34
16.198,34
16.214,32
16.23,34
16.246,34
16.262,35
16.278,34
16.294,35
16.31,33
16.326,35
16.342,32
16.358,34
16.374,32
16.39,34
16.406,33
16.421,36
16.438,33
16.453,31
16.469,33
16.485,33
16.501,36
16.517,33
16.533,31
16.549,34
16.565,34
16.581,32
16.597,34
16.614,34
16.629,33
16.645,33
16.661,32
16.677,31
16.693,35
16.709,34
16.725,32
16.741,35
16.757,33
16.773,34
16.789,34
16.805,35
16.821,34
16.837,33
16.853,34
16.869,35
16.885,33
16.901,33
16.917,34
16.933,34
16.949,33
16.965,34
16.981,33
16.997,36
17.013,34
17.029,32
17.045,33
17.061,34
17.077,34
17.093,35
17.109,34
17.125,33
17.141,33
17.157,33
17.173,34
17.189,33
17.205,33
17.221,34
17.237,35
17.253,34
17.269,36
17.285,32
17.301,33
17.317,33
17.333,33
17.349,33
17.365,32
17.381,34
17.397,34
17.413,33
17.429,35
17.445,32
17.461,32
17.477,35
17.493,33
17.509,34
17.525,34
17.541,34
17.557,34
17.573,34
17.589,33
17.605,33
17.621,34
17.637,32
17.653,35
17.669,33
17.685,34
17.701,33
17.717,34
17.733,33
17.749,34
17.765,34
17.781,33
17.797,33
17.813,34
17.829,33
17.845,34
17.861,33
17.877,34
17.893,34
17.909,34
17.925,33
17.941,35
17.957,35
17.973,34
17.989,34
18.005,34
18.021,34
18.037,34
18.053,33
18.069,32
18.085,33
18.101,35
18.117,31
18.133,32
18.149,33
18.165,34
18.181,33
18.197,35
18.213,33
18.229,33
18.245,35
18.261,30
18.277,34
18.293,35
18.309,36
18.325,35
18.341,37
18.357,36
18.373,36
18.389,36
18.405,37
18.421,38
18.437,38
18.453,39
18.469,40
18.485,41
18.501,40
18.517,42
18.533,43
18.549,45
18.565,41
18.581,43
18.597,43
18.613,43
18.629,44
18.645,45
18.661,47
18.677,44
18.693,46
18.709,46
18.725,49
18.741,47
18.757,49
18.773,50
18.789,51
18.805,48
18.821,51
18.837,53
18.853,51
18.869,52
18.885,52
18.901,54
18.917,54
18.933,55
18.949,55
18.965,55
18.981,55
18.997,56
19.013,56
19.029,54
19.045,56
19.061,57
19.077,58
19.093,59
19.109,61
19.125,61
19.141,59
19.157,62
19.173,62
19.189,63
19.205,61
19.221,64
19.237,63
19.253,64
19.269,66
19.285,66
19.301,66
19.317,68
19.333,66
19.349,67
19.365,70
19.381,70
19.397,68
19.413,68
19.429,69
19.445,71
19.461,73
19.477,72
19.493,71
19.509,71
19.525,72
19.541,74
19.557,72
19.573,73
19.589,74
19.605,75
19.621,77
19.637,76
19.653,76
19.669,77
19.685,77
19.701,77
19.717,79
19.733,77
19.749,82
19.765,80
19.781,79
19.797,79
19.813,79
19.829,80
19.845,83
19.861,82
19.877,84
19.893,83
19.909,82
19.925,82
19.941,84
19.957,85
19.973,86
19.989,86
20.005,84
20.021,87
20.037,88
20.053,89
20.069,89
20.085,88
20.101,90
20.117,90
20.133,91
20.149,90
20.165,94
20.181,90
20.197,90
20.213,94
20.229,93
20.245,93
20.261,92
20.277,95
20.293,93
20.309,95
20.325,97
20.341,96
20.357,96
20.373,99
20.389,96
20.405,100
20.421,98
20.437,97
20.453,99
20.469,101
20.485,98
20.501,101
20.517,98
20.533,105
20.549,101
20.565,105
20.581,104
20.597,106
20.613,107
20.629,105
20.645,105
20.661,107
20.677,108
20.693,107
20.709,106
20.725,110
20.741,110
20.757,109
20.773,109
20.789,112
20.805,110
20.821,112
20.837,113
20.853,112
20.869,113
20.885,112
20.901,114
20.917,114
20.933,114
20.949,114
20.965,117
20.981,116
20.997,118
21.013,119
21.029,119
21.045,119
21.061,119
21.077,121
21.093,118
21.109,122
21.125,119
21.141,120
21.157,123
21.173,121
21.189,123
21.205,123
21.221,124
21.237,124
21.253,124
21.269,125
21.285,124
21.301,125
21.317,125
21.333,124
21.349,125
21.365,126
21.381,123
21.397,123
21.413,126
21.429,126
21.445,126
21.46,127
21.477,123
21.492,125
21.508,125
21.524,126
21.54,128
21.557,124
21.572,125
21.588,126
21.604,127
21.62,126
21.636,125
21.652,124
21.668,124
21.684,125
21.7,127
21.716,125
21.732,128
21.748,128
21.764,125
21.78,126
21.796,126
21.812,124
21.828,127
21.844,127
21.86,126
21.876,124
21.892,126
21.908,125
21.924,126
21.94,127
21.956,126
21.972,127
21.988,125
22.004,125
22.02,125
22.036,127
22.052,124
22.068,125
22.084,125
22.1,127
22.116,125
22.132,124
22.148,125
22.164,125
22.18,124
22.196,123
22.212,126
22.228,127
22.244,127
22.26,126
22.276,126
22.292,126
22.308,127
22.324,125
22.34,125
22.356,125
22.372,123
22.388,125
22.404,125
22.42,129
22.436,126
22.452,124
22.468,128
22.484,125
22.5,125
22.516,125
22.532,127
22.548,126
22.564,126
22.58,126
22.596,127
22.612,127
22.628,125
22.644,127
22.66,127
22.676,128
22.692,123
22.708,124
22.724,124
22.74,127
22.756,124
22.772,126
22.788,126
22.804,125
22.82,126
22.836,125
22.852,125
22.868,126
22.884,125
22.9,125
22.916,127
22.932,125
22.948,126
22.964,126
22.98,124
22.996,126
23.012,124
23.028,124
23.044,129
23.06,124
23.076,124
23.092,127
23.108,125
23.124,125
23.14,124
23.156,124
23.172,125
23.188,125
23.204,125
23.22,127
23.236,128
23.252,125
23.268,127
23.284,125
23.3,127
23.316,125
23.332,126
23.348,125
23.364,125
23.38,126
23.396,125
23.412,127
23.428,124
23.444,125
23.46,125
23.476,124
23.492,124
23.508,126
23.524,126
23.54,126
23.556,124
23.572,125
23.588,126
23.604,129
23.62,128
23.636,127
23.652,124
23.668,125
23.684,125
23.7,125
23.716,126
23.732,125
23.748,127
23.764,125
23.78,127
23.796,124
23.812,126
23.828,128
23.844,126
23.86,129
23.876,124
23.892,126
23.908,128
23.924,126
23.94,128
23.956,127
23.972,126
23.988,127
24.004,126
24.02,125
24.036,125
24.052,126
24.068,124
24.084,123
24.1,126
24.116,126
24.132,127
24.148,124
24.164,126
24.18,125
24.196,128
24.212,124
24.228,126
24.244,126
24.26,126
24.276,126
24.292,127
24.308,123
24.324,127
24.34,124
24.356,125
24.372,124
24.388,124
24.404,122
24.42,124
24.436,122
24.452,120
24.468,120
24.484,120
24.5,122
24.516,119
24.532,121
24.548,118
24.564,121
24.58,118
24.596,119
24.612,116
24.628,115
24.644,115
24.66,114
24.676,113
24.692,114
24.708,115
24.724,116
24.74,115
24.756,114
24.772,112
24.788,111
24.804,110
24.82,108
24.836,110
24.852,110
24.868,111
24.884,109
24.9,107
24.916,106
24.932,105
24.948,106
24.964,104
24.98,106
24.996,104
25.012,106
25.028,105
25.044,101
25.06,101
25.076,103
25.092,101
25.108,99
25.124,99
25.14,99
25.156,99
25.172,99
25.188,99
25.204,98
25.22,97
25.236,97
25.252,95
25.268,95
25.284,96
25.3,92
25.316,95
25.332,94
25.348,94
25.364,95
25.38,95
25.396,94
25.412,90
25.428,91
25.444,90
25.46,91
25.476,88
25.492,88
25.508,88
25.524,88
25.54,88
25.556,89
25.572,90
25.588,86
25.604,86
25.62,87
25.636,86
25.652,83
25.668,84
25.684,83
25.7,81
25.716,83
25.732,83
25.748,83
25.764,79
25.78,79
25.796,79
25.812,80
25.828,80
25.844,79
25.86,78
25.876,77
25.892,78
25.908,77
25.924,76
25.94,77
25.956,78
25.972,75
25.988,75
26.004,73
26.02,73
26.036,73
26.052,75
26.068,73
26.084,72
26.1,72
26.116,72
26.132,73
26.148,71
26.164,70
26.18,68
26.196,68
26.212,68
26.228,66
26.244,69
26.26,69
26.276,69
26.292,67
26.308,66
26.324,65
26.34,66
26.356,64
26.372,64
26.388,61
26.404,66
26.42,64
26.436,62
26.452,62
26.467,61
26.483,59
26.499,60
26.515,61
26.531,59
26.547,58
26.563,56
26.579,58
26.595,57
26.611,56
26.627,55
26.643,57
26.659,52
26.675,56
26.691,53
26.707,52
26.723,53
26.739,51
26.755,51
26.771,49
26.787,52
26.803,52
26.819,49
26.835,49
26.851,48
26.867,49
26.883,48
26.899,47
26.915,46
26.931,47
26.947,44
26.963,46
26.979,46
26.995,44
27.011,44
27.027,44
27.043,43
27.059,43
27.075,40
27.091,40
27.107,41
27.123,42
27.139,39
27.155,39
27.171,38
27.187,38
27.203,38
27.219,35
27.235,37
27.251,35
27.267,37
27.283,37
27.299,33
27.315,35
27.331,35
27.347,32
27.363,35
27.379,36
27.395,31
27.411,34
27.427,34
27.443,34
27.459,34
27.475,34
27.491,34
27.507,32
27.523,35
27.539,32
27.555,35
27.571,35
27.587,32
27.603,33
27.619,35
27.635,33
27.651,35
27.667,33
27.683,35
27.699,33
27.715,33
27.731,32
27.747,35
27.763,33
27.779,33
27.795,33
27.811,35
27.827,32
27.843,35
27.859,35
27.875,33
27.891,35
27.907,33
27.923,34
27.939,35
27.955,35
27.971,34
27.987,33
28.003,34
28.019,33
28.035,33
28.051,35
28.067,34
28.083,33
28.099,32
28.115,34
28.131,34
28.147,34
28.163,32
28.179,33
28.195,33
28.211,33
28.227,34
28.243,34
28.259,33
28.275,33
28.291,33
28.307,35
28.323,34
28.339,33
28.355,34
28.371,32
28.387,33
28.403,35
28.419,34
28.435,33
28.451,35
28.467,33
28.483,35
28.499,34
28.515,34
28.531,34
28.547,34
28.563,35
28.579,33
28.595,32
28.611,33
28.627,35
28.643,36
28.659,33
28.675,34
28.691,32
28.707,34
28.723,33
28.739,33
28.755,35
28.771,34
28.787,34
28.803,34
28.819,32
28.835,35
28.851,34
28.867,34
28.883,34
28.899,34
28.915,34
28.931,34
28.947,33
28.963,34
28.979,35
28.995,35
29.011,35
29.027,33
29.043,32
29.059,32
29.075,34
29.091,32
29.107,33
29.123,34
29.139,34
29.155,33
29.171,31
29.187,33
29.203,35
29.219,35
29.235,35
29.251,33
29.267,33
29.283,35
29.299,34
29.315,34
29.331,34
29.347,33
29.363,33
29.379,33
29.395,33
29.411,33
29.427,34
29.443,32
29.459,32
29.475,33
29.491,35
29.507,34
29.523,32
29.539,33
29.555,33
29.571,34
29.587,35
29.603,35
29.619,34
29.635,34
29.651,33
29.667,37
29.683,33
29.699,35
29.715,35
29.731,35
29.747,35
29.763,33
29.779,33
29.795,35
29.811,36
29.827,33
29.843,32
29.859,35
29.875,34
29.891,34
29.907,33
29.923,33
29.939,34
29.955,34
29.971,34
29.987,35
30.003,34
30.019,34
30.035,33
30.051,34
30.067,35
30.083,34
30.099,33
30.115,33
30.131,33
30.147,34
30.163,35
30.179,33
30.195,33
30.211,35
