time,value
0,-5
0.021449,5
0.037387,5
0.053381,5
0.069373,5
0.085372,5
0.10137,5
0.11737,5
0.13337,5
0.14936,5
0.16536,5
0.18136,5
0.19736,5
0.21336,5
0.22936,5
0.24535,5
0.26136,5
0.27736,5
0.29335,5
0.30935,5
0.32535,5
0.34135,5
0.35734,5
0.37334,5
0.38934,5
0.40534,5
0.42133,5
0.43733,5
0.45333,5
0.46933,5
0.48533,5
0.50132,5
0.51732,5
0.53332,5
0.54931,5
0.56531,5
0.58131,5
0.5973,5
0.6133,5
0.6293,5
0.6453,5
0.6613,5
0.67729,5
0.6933,5
0.70929,5
0.72529,5
0.74128,5
0.75728,5
0.77328,5
0.78929,5
0.80528,5
0.82127,5
0.83727,5
0.85327,5
0.86927,5
0.88526,5
0.90126,5
0.91726,5
0.93326,5
0.94926,5
0.96525,5
0.98126,5
0.99725,5
1.0132,5
1.0292,5
1.0453,5
1.0612,5
1.0772,5
1.0932,5
1.1092,5
1.1252,5
1.1412,5
1.1572,5
1.1732,5
1.1892,5
1.2052,5
1.2212,5
1.2372,5
1.2532,5
1.2692,5
1.2852,5
1.3012,5
1.3172,5
1.3332,5
1.3492,5
1.3652,5
1.3812,5
1.3972,5
1.4132,5
1.4292,5
1.4452,5
1.4612,5
1.4772,5
1.4932,5
1.5092,5
1.5252,5
1.5412,5
1.5572,5
1.5732,5
1.5892,5
1.6052,5
1.6212,5
1.6372,5
1.6532,5
1.6691,5
1.6851,5
1.7011,5
1.7171,5
1.7331,5
1.7491,5
1.7651,5
1.7811,5
1.7971,5
1.8131,5
1.8291,5
1.8451,5
1.8611,5
1.8771,5
1.8931,5
1.9091,5
1.9251,5
1.9411,5
1.9571,5
1.9731,5
1.9891,5
2.0051,5
2.0211,5
2.0371,5
2.0531,5
2.0691,5
2.0851,5
2.1011,5
2.1171,5
2.1331,5
2.1491,5
2.1651,5
2.1811,5
2.1971,5
2.2131,5
2.2291,5
2.2451,5
2.2611,5
2.2771,5
2.2931,5
2.3091,5
2.3251,5
2.341,5
2.357,5
2.373,5
2.389,5
2.405,5
2.421,5
2.437,5
2.453,5
2.469,5
2.485,5
2.501,5
2.517,5
2.533,5
2.549,5
2.565,5
2.581,5
2.597,5
2.613,5
2.629,5
2.645,5
2.661,5
2.677,5
2.693,5
2.709,5
2.725,5
2.741,5
2.757,5
2.773,5
2.789,5
2.805,5
2.821,5
2.837,5
2.853,5
2.869,5
2.885,5
2.901,5
2.917,5
2.933,5
2.949,5
2.965,5
2.981,5
2.997,5
3.013,5
3.029,5
3.045,5
3.061,5
3.077,5
3.093,5
3.1089,5
3.1249,5
3.1409,5
3.1569,5
3.1729,5
3.1889,5
3.2049,5
3.2209,5
3.2369,5
3.2529,5
3.2689,5
3.2849,5
3.3009,5
3.3169,5
3.3329,5
3.3489,5
3.3649,5
3.3809,5
3.3969,5
3.4129,5
3.4289,5
3.4449,5
3.4609,5
3.4769,5
3.4929,5
3.5089,5
3.5249,5
3.5409,5
3.5569,5
3.5729,5
3.5889,5
3.6049,5
3.6209,5
3.6369,5
3.6529,5
3.6689,5
3.6848,5
3.7008,5
3.7168,5
3.7328,5
3.7488,5
3.7648,5
3.7808,5
3.7968,5
3.8128,5
3.8288,5
3.8448,5
3.8608,5
3.8768,5
3.8928,5
3.9088,5
3.9248,5
3.9408,5
3.9568,5
3.9728,5
3.9888,5
4.0048,5
4.0208,5
4.0368,5
4.0528,5
4.0688,5
4.0848,5
4.1008,5
4.1168,5
4.1328,5
4.1488,5
4.1648,5
4.1808,5
4.1968,5
4.2128,5
4.2288,5
4.2448,5
4.2608,5
4.2768,5
4.2928,5
4.3088,5
4.3248,5
4.3408,5
4.3568,5
4.3727,5
4.3888,5
4.4047,5
4.4207,5
4.4367,5
4.4527,5
4.4687,5
4.4847,5
4.5007,5
4.5167,5
4.5327,5
4.5487,5
4.5647,5
4.5807,5
4.5967,5
4.6127,5
4.6287,5
4.6447,5
4.6607,5
4.6767,5
4.6927,5
4.7087,5
4.7247,5
4.7407,5
4.7567,5
4.7727,5
4.7887,5
4.8047,5
4.8207,5
4.8367,5
4.8527,5
4.8687,5
4.8847,5
4.9007,5
4.9167,5
4.9327,5
4.9487,5
4.9647,5
4.9807,5
4.9967,5
5.0127,5
5.0287,5
5.0447,5
5.0607,5
5.0766,5
5.0926,5
5.1086,5
5.1246,5
5.1406,5
5.1566,5
5.1726,5
5.1886,5
5.2046,5
5.2206,5
5.2366,5
5.2526,5
5.2686,5
5.2846,5
5.3006,5
5.3166,5
5.3326,5
5.3486,5
5.3646,5
5.3806,5
5.3966,5
5.4126,5
5.4286,5
5.4446,5
5.4606,5
5.4766,5
5.4926,5
5.5086,5
5.5246,5
5.5406,5
5.5566,5
5.5726,5
5.5886,5
5.6046,5
5.6206,5
5.6366,5
5.6526,5
5.6686,5
5.6846,5
5.7006,5
5.7166,5
5.7326,5
5.7485,5
5.7645,5
5.7805,5
5.7966,5
5.8125,5
5.8285,5
5.8445,5
5.8605,5
5.8765,5
5.8925,5
5.9085,5
5.9245,5
5.9405,5
5.9565,5
5.9725,5
5.9885,5
6.0045,5
6.0205,5
6.0365,5
6.0525,5
6.0685,5
6.0845,5
6.1005,5
6.1165,5
6.1325,5
6.1485,5
6.1645,5
6.1805,5
6.1965,5
6.2125,5
6.2285,5
6.2445,5
6.2605,5
6.2765,5
6.2925,5
6.3085,5
6.3245,5
6.3405,5
6.3565,5
6.3725,5
6.3885,5
6.4044,5
6.4204,5
6.4364,5
6.4524,5
6.4684,5
6.4844,5
6.5004,5
6.5164,5
6.5324,5
6.5484,5
6.5644,5
6.5804,5
6.5964,5
6.6124,5
6.6284,5
6.6444,5
6.6604,5
6.6764,5
6.6924,5
6.7084,5
6.7244,5
6.7404,5
6.7564,5
6.7724,5
6.7884,5
6.8044,5
6.8204,5
6.8364,5
6.8524,5
6.8684,5
6.8844,5
6.9004,5
6.9164,5
6.9324,5
6.9484,5
6.9644,5
6.9804,5
6.9964,5
7.0124,5
7.0284,5
7.0444,5
7.0604,5
7.0764,5
7.0923,5
7.1083,5
7.1243,5
7.1403,5
7.1563,5
7.1723,5
7.1883,5
7.2043,5
7.2203,5
7.2363,5
7.2523,5
7.2683,5
7.2843,5
7.3003,5
7.3163,5
7.3323,5
7.3483,5
7.3643,5
7.3803,5
7.3963,5
7.4123,5
7.4283,5
7.4443,5
7.4603,5
7.4763,5
7.4923,5
7.5083,5
7.5243,5
7.5403,5
7.5563,5
7.5723,5
7.5883,5
7.6043,5
7.6203,5
7.6363,5
7.6523,5
7.6683,5
7.6843,5
7.7003,5
7.7163,5
7.7323,5
7.7483,5
7.7642,5
7.7802,5
7.7963,5
7.8122,5
7.8282,5
7.8442,5
7.8602,5
7.8762,5
7.8922,5
7.9082,5
7.9242,5
7.9402,5
7.9562,5
7.9722,5
7.9882,5
8.0042,5
8.0202,5
8.0362,5
8.0522,5
8.0682,5
8.0842,5
8.1002,5
8.1162,5
8.1322,5
8.1482,5
8.1642,5
8.1802,5
8.1962,5
8.2122,5
8.2282,5
8.2442,5
8.2602,5
8.2762,5
8.2922,5
8.3082,5
8.3242,5
8.3402,5
8.3562,5
8.3722,5
8.3882,5
8.4042,5
8.4202,5
8.4362,5
8.4522,5
8.4682,5
8.4842,5
8.5002,5
8.5162,5
8.5322,5
8.5482,5
8.5641,5
8.5801,5
8.5961,5
8.6121,5
8.6281,5
8.6441,5
8.6601,5
8.6761,5
8.6921,5
8.7081,5
8.7241,5
8.7401,5
8.7561,5
8.7721,5
8.7881,5
8.8041,5
8.8201,5
8.8361,5
8.8521,5
8.8681,5
8.8841,5
8.9001,5
8.9161,5
8.9321,5
8.9481,5
8.9641,5
8.9801,5
8.9961,5
9.0121,5
9.0281,5
9.0441,5
9.0601,5
9.0761,5
9.0921,5
9.1081,5
9.124,5
9.14,5
9.156,5
9.172,5
9.188,5
9.204,5
9.22,5
9.236,5
9.252,5
9.268,5
9.284,5
9.3,5
9.316,5
9.332,5
9.348,5
9.364,5
9.38,5
9.396,5
9.412,5
9.428,5
9.444,5
9.46,5
9.476,5
9.492,5
9.508,5
9.524,5
9.54,5
9.556,5
9.572,5
9.588,5
9.604,5
9.62,5
9.636,5
9.652,5
9.668,5
9.684,5
9.7,5
9.716,5
9.732,5
9.748,5
9.764,5
9.78,5
9.796,5
9.8119,5
9.8279,5
9.8439,5
9.8599,5
9.8759,5
9.8919,5
9.9079,5
9.9239,5
9.9399,5
9.9559,5
9.9719,5
9.9879,5
10.004,-5
