time,value
1.4e-05,130
0.00579,130
0.011236,130
0.018679,130
0.024252,130
0.029839,130
0.035252,130
0.041161,130
0.046773,130
0.053738,130
0.059272,130
0.064843,130
0.070263,130
0.07607,130.01
0.083193,130.01
0.088833,130.02
0.094249,130.02
0.10002,130.03
0.10561,130.04
0.111,130.04
0.11646,130.05
0.1221,130.08
0.12851,130.1
0.1339,130.11
0.13945,130.13
0.14485,130.16
0.15025,130.18
0.15593,130.21
0.16132,130.24
0.16688,130.27
0.1736,130.34
0.17903,130.37
0.18473,130.41
0.19013,130.45
0.19563,130.49
0.20102,130.53
0.20648,130.58
0.21187,130.62
0.21808,130.72
0.22351,130.77
0.22894,130.81
0.23484,130.86
0.24024,130.91
0.24589,130.96
0.25129,131.01
0.257,131.11
0.26346,131.16
0.26887,131.21
0.27431,131.26
0.27985,131.31
0.28557,131.36
0.29108,131.41
0.29651,131.46
0.30186,131.51
0.30808,131.61
0.3135,131.66
0.31891,131.71
0.32447,131.76
0.32987,131.81
0.33526,131.86
0.34083,131.91
0.34623,131.96
0.35185,132.01
0.35831,132.11
0.36392,132.16
0.3699,132.21
0.3753,132.26
0.38091,132.31
0.38632,132.36
0.39193,132.41
0.39853,132.51
0.40397,132.56
0.4095,132.61
0.41488,132.66
0.42029,132.71
0.42589,132.76
0.4313,132.81
0.43683,132.86
0.44315,132.96
0.44879,133.01
0.45419,133.06
0.45978,133.11
0.46519,133.16
0.47079,133.21
0.47619,133.26
0.48205,133.36
0.48874,133.41
0.49415,133.46
0.49973,133.51
0.50513,133.56
0.51073,133.61
0.51613,133.66
0.52179,133.71
0.52813,133.81
0.53371,133.86
0.53915,133.91
0.54481,133.96
0.55023,134.01
0.5559,134.06
0.5613,134.11
0.56683,134.16
0.57359,134.26
0.57903,134.31
0.58474,134.36
0.59014,134.41
0.59571,134.46
0.6011,134.51
0.60652,134.56
0.61191,134.61
0.61814,134.71
0.62377,134.76
0.62921,134.81
0.63498,134.86
0.64048,134.91
0.64588,134.96
0.65128,135.01
0.657,135.11
0.66348,135.16
0.66889,135.21
0.67433,135.26
0.67986,135.31
0.6856,135.36
0.69115,135.41
0.69678,135.46
0.70317,135.56
0.7088,135.61
0.71433,135.66
0.71984,135.71
0.72564,135.76
0.73122,135.81
0.73701,135.91
0.74385,135.96
0.74957,136.01
0.75515,136.06
0.76081,136.11
0.76625,136.16
0.77179,136.21
0.77721,136.31
0.78387,136.36
0.78959,136.41
0.79516,136.46
0.80084,136.51
0.80627,136.56
0.81186,136.61
0.81823,136.71
0.8239,136.76
0.82969,136.81
0.83509,136.86
0.84051,136.91
0.84604,136.96
0.85145,137.01
0.85702,137.06
0.86348,137.16
0.86888,137.21
0.87432,137.26
0.87984,137.31
0.88564,137.36
0.89105,137.41
0.89646,137.46
0.90185,137.51
0.90815,137.61
0.91409,137.66
0.91975,137.71
0.92516,137.76
0.93106,137.81
0.93648,137.86
0.94187,137.91
0.94818,138.01
0.95382,138.06
0.95923,138.11
0.96495,138.16
0.97054,138.21
0.97596,138.26
0.98171,138.31
0.98711,138.41
0.99396,138.46
0.99952,138.51
1.0056,138.56
1.011,138.61
1.0165,138.66
1.0219,138.71
1.0282,138.81
1.0338,138.86
1.0392,138.91
1.0449,138.96
1.0503,139.01
1.056,139.06
1.0617,139.11
1.0671,139.21
1.074,139.26
1.0797,139.31
1.0851,139.36
1.091,139.41
1.0965,139.46
1.1019,139.51
1.1082,139.61
1.1138,139.66
1.1192,139.71
1.1249,139.76
1.1303,139.81
1.1359,139.86
1.1417,139.91
1.1471,140.01
1.1539,140.06
1.1593,140.11
1.165,140.16
1.1704,140.21
1.1759,140.26
1.1816,140.31
1.1871,140.41
1.1938,140.46
1.1992,140.51
1.2048,140.56
1.2102,140.61
1.2159,140.66
1.2216,140.71
1.2271,140.81
1.234,140.86
1.2397,140.91
1.2451,140.96
1.2511,141.01
1.2565,141.06
1.2619,141.11
1.2682,141.21
1.2738,141.26
1.2792,141.31
1.2849,141.36
1.2903,141.41
1.2959,141.46
1.3016,141.51
1.3071,141.61
1.314,141.66
1.3195,141.71
1.325,141.76
1.3305,141.81
1.3359,141.86
1.3416,141.91
1.3471,142.01
1.3535,142.06
1.3589,142.11
1.3643,142.16
1.3698,142.21
1.3752,142.26
1.3808,142.31
1.3862,142.36
1.3919,142.41
1.3985,142.51
1.404,142.56
1.4099,142.61
1.4153,142.66
1.4207,142.71
1.4261,142.76
1.4317,142.81
1.4372,142.91
1.4439,142.96
1.4495,143.01
1.4549,143.06
1.4603,143.11
1.4659,143.16
1.4713,143.21
1.4768,143.26
1.4822,143.36
1.4888,143.41
1.4942,143.46
1.4999,143.51
1.5053,143.56
1.511,143.61
1.5168,143.66
1.5222,143.76
1.5288,143.81
1.5342,143.86
1.5399,143.91
1.5453,143.96
1.5511,144.01
1.5567,144.06
1.5622,144.16
1.5689,144.21
1.5745,144.26
1.5801,144.31
1.5861,144.36
1.5917,144.41
1.5985,144.51
1.604,144.56
1.6096,144.61
1.6149,144.66
1.6205,144.71
1.6261,144.76
1.6315,144.81
1.6369,144.86
1.6423,144.96
1.6488,145.01
1.6542,145.06
1.6599,145.11
1.6655,145.16
1.671,145.21
1.6768,145.26
1.6822,145.36
1.6888,145.41
1.6942,145.46
1.6998,145.51
1.7052,145.56
1.7109,145.61
1.7163,145.66
1.722,145.71
1.7282,145.81
1.7338,145.86
1.7392,145.91
1.7448,145.96
1.7503,146.01
1.7558,146.06
1.7612,146.11
1.7668,146.16
1.7722,146.26
1.7791,146.31
1.7848,146.36
1.7902,146.41
1.7957,146.46
1.8011,146.51
1.8067,146.56
1.8136,146.66
1.8191,146.71
1.8247,146.76
1.8301,146.81
1.8356,146.86
1.841,146.91
1.8465,146.96
1.852,147.01
1.8582,147.11
1.8638,147.16
1.8692,147.21
1.8751,147.26
1.8805,147.31
1.886,147.36
1.8915,147.41
1.897,147.46
1.9032,147.56
1.9088,147.61
1.9142,147.66
1.9198,147.71
1.9252,147.76
1.931,147.81
1.9364,147.86
1.9418,147.91
1.9472,148.01
1.954,148.06
1.9597,148.11
1.9651,148.16
1.9709,148.21
1.9763,148.26
1.9818,148.31
1.9872,148.41
1.9938,148.46
1.9992,148.51
2.0049,148.56
2.0103,148.61
2.0159,148.66
2.0217,148.71
2.0272,148.81
2.0341,148.86
2.0397,148.91
2.0451,148.96
2.0509,149.01
2.0562,149.06
2.0618,149.11
2.0672,149.21
2.0741,149.26
2.0797,149.31
2.0851,149.36
2.091,149.41
2.0964,149.46
2.1019,149.51
2.1072,149.61
2.114,149.66
2.1197,149.71
2.1251,149.76
2.1309,149.81
2.1363,149.86
2.1418,149.91
2.1471,150.01
2.1538,150.06
2.1592,150.11
2.1648,150.16
2.1702,150.21
2.1759,150.26
2.1815,150.31
2.1871,150.36
2.1938,150.46
2.1993,150.51
2.2049,150.56
2.2105,150.61
2.2159,150.66
2.2216,150.71
2.2272,150.81
2.2338,150.86
2.2392,150.91
2.2449,150.96
2.2503,151.01
2.2559,151.06
2.2617,151.11
2.2671,151.16
2.2739,151.26
2.2793,151.31
2.285,151.36
2.2906,151.41
2.2959,151.46
2.3015,151.51
2.3071,151.56
2.3135,151.66
2.3189,151.71
2.3246,151.76
2.33,151.81
2.3354,151.86
2.3409,151.91
2.3463,151.96
2.3522,152.06
2.3589,152.11
2.3647,152.16
2.3701,152.21
2.3758,152.26
2.3817,152.31
2.3872,152.41
2.3939,152.46
2.3995,152.51
2.405,152.56
2.411,152.61
2.4165,152.66
2.4219,152.71
2.4286,152.81
2.4341,152.86
2.4396,152.91
2.445,152.96
2.4505,153.01
2.4559,153.06
2.4615,153.11
2.4671,153.16
2.4732,153.26
2.4788,153.31
2.4842,153.36
2.4898,153.41
2.4952,153.46
2.5008,153.51
2.5062,153.56
2.5118,153.61
2.5185,153.71
2.5239,153.76
2.5293,153.81
2.5349,153.86
2.5407,153.91
2.5461,153.96
2.5517,154.01
2.5572,154.11
2.5639,154.16
2.5693,154.21
2.5749,154.26
2.5807,154.31
2.5861,154.36
2.5915,154.41
2.5969,154.46
2.6022,154.56
2.6088,154.61
2.6142,154.66
2.6199,154.71
2.6253,154.76
2.6309,154.81
2.6368,154.86
2.6422,154.96
2.6488,155.01
2.6542,155.06
2.6598,155.11
2.6652,155.16
2.6709,155.21
2.6763,155.26
2.6819,155.31
2.6873,155.41
2.6939,155.46
2.6993,155.51
2.7048,155.56
2.7102,155.61
2.7158,155.66
2.7212,155.71
2.7268,155.76
2.7322,155.86
2.7391,155.91
2.7445,155.96
2.75,156.01
2.7555,156.06
2.7609,156.11
2.7665,156.16
2.7719,156.21
2.7773,156.31
2.7838,156.36
2.7892,156.41
2.795,156.46
2.8005,156.51
2.8059,156.56
2.8113,156.61
2.8171,156.66
2.8232,156.76
2.8288,156.81
2.8342,156.86
2.8398,156.91
2.8452,156.96
2.8511,157.01
2.8567,157.06
2.8621,157.11
2.8685,157.21
2.8739,157.26
2.8793,157.31
2.8849,157.36
2.8905,157.41
2.896,157.46
2.9018,157.51
2.9072,157.61
2.9139,157.66
2.9195,157.71
2.925,157.76
2.9304,157.81
2.9359,157.86
2.9415,157.91
2.9471,157.96
2.9532,158.06
2.9588,158.11
2.9642,158.16
2.9699,158.21
2.9753,158.26
2.9808,158.31
2.9862,158.36
2.9918,158.41
2.9985,158.51
3.0039,158.56
3.0093,158.61
3.0149,158.66
3.0208,158.71
3.0262,158.76
3.0318,158.81
3.0385,158.91
3.0439,158.96
3.0495,159.01
3.055,159.06
3.0604,159.11
3.0669,159.21
3.0742,159.25
3.0799,159.3
3.0855,159.34
3.0911,159.39
3.0967,159.43
3.1021,159.47
3.1082,159.54
3.1138,159.57
3.1192,159.6
3.1249,159.63
3.1303,159.65
3.1358,159.67
3.1411,159.68
3.147,159.69
3.1535,159.7
3.159,159.69
3.1647,159.68
3.1701,159.67
3.1759,159.66
3.1817,159.64
3.1872,159.58
3.1939,159.55
3.1993,159.52
3.205,159.48
3.2109,159.44
3.2163,159.4
3.222,159.36
3.2286,159.27
3.2341,159.22
3.2397,159.18
3.2456,159.13
3.2512,159.08
3.257,159.03
3.2635,158.93
3.269,158.88
3.2744,158.83
3.28,158.78
3.2857,158.73
3.2912,158.68
3.2969,158.63
3.3023,158.53
3.3089,158.48
3.3145,158.43
3.32,158.38
3.3257,158.33
3.3312,158.28
3.3369,158.23
3.3433,158.13
3.3489,158.08
3.3543,158.03
3.3599,157.98
3.3657,157.93
3.3711,157.88
3.3765,157.83
3.3819,157.78
3.3873,157.68
3.394,157.63
3.3997,157.58
3.4052,157.53
3.4109,157.48
3.4165,157.43
3.4218,157.38
3.4272,157.28
3.4338,157.23
3.4392,157.18
3.4449,157.13
3.4503,157.08
3.456,157.03
3.4617,156.98
3.4672,156.88
3.474,156.83
3.4797,156.78
3.4851,156.73
3.491,156.68
3.4964,156.63
3.5018,156.58
3.5072,156.48
3.5139,156.43
3.5193,156.38
3.5249,156.33
3.5305,156.28
3.536,156.23
3.5416,156.18
3.5472,156.08
3.5539,156.03
3.5595,155.98
3.565,155.93
3.5704,155.88
3.5759,155.83
3.5815,155.78
3.5871,155.73
3.5935,155.63
3.5989,155.58
3.6046,155.53
3.61,155.48
3.6154,155.43
3.6208,155.38
3.6262,155.33
3.6318,155.28
3.6385,155.18
3.6439,155.13
3.6493,155.08
3.6549,155.03
3.6608,154.98
3.6662,154.93
3.6718,154.88
3.6785,154.78
3.6839,154.73
3.6893,154.68
3.6949,154.63
3.7003,154.58
3.7058,154.53
3.7112,154.48
3.7168,154.43
3.7222,154.33
3.7288,154.28
3.7342,154.23
3.7398,154.18
3.7452,154.13
3.7508,154.08
3.7562,154.03
3.7622,153.93
3.7688,153.88
3.7742,153.83
3.7798,153.78
3.7852,153.73
3.7909,153.68
3.7963,153.63
3.8019,153.58
3.8073,153.48
3.8138,153.43
3.8192,153.38
3.8249,153.33
3.8303,153.28
3.8358,153.23
3.8412,153.18
3.8468,153.13
3.8522,153.03
3.8591,152.98
3.8646,152.93
3.87,152.88
3.8754,152.83
3.881,152.78
3.8864,152.73
3.8919,152.68
3.8973,152.58
3.9038,152.53
3.9092,152.48
3.915,152.43
3.9205,152.38
3.926,152.33
3.9315,152.28
3.9369,152.23
3.9433,152.13
3.9489,152.08
3.9543,152.03
3.9599,151.98
3.9658,151.93
3.9712,151.88
3.9768,151.83
3.9833,151.73
3.9888,151.68
3.9942,151.63
3.9999,151.58
4.0056,151.53
4.0111,151.48
4.0167,151.43
4.0221,151.38
4.0286,151.28
4.0341,151.23
4.0398,151.18
4.0452,151.13
4.0509,151.08
4.0564,151.03
4.0619,150.98
4.0673,150.88
4.0739,150.83
4.0805,150.78
4.0861,150.73
4.0917,150.68
4.0973,150.58
4.1039,150.53
4.1097,150.48
4.1153,150.43
4.1209,150.38
4.1265,150.33
4.1319,150.28
4.1383,150.18
4.1439,150.13
4.1496,150.08
4.155,150.03
4.1604,149.98
4.166,149.93
4.1715,149.88
4.1769,149.83
4.1833,149.73
4.1889,149.68
4.1943,149.63
4.1999,149.58
4.2055,149.53
4.2111,149.48
4.2167,149.43
4.2222,149.33
4.2288,149.28
4.2342,149.23
4.2399,149.18
4.2457,149.13
4.2511,149.08
4.2565,149.03
4.2619,148.98
4.2673,148.88
4.274,148.83
4.2797,148.78
4.2851,148.73
4.2908,148.68
4.2962,148.63
4.3018,148.58
4.3072,148.48
4.3138,148.43
4.3192,148.38
4.3249,148.33
4.3303,148.28
4.336,148.23
4.3417,148.18
4.3471,148.13
4.3539,148.03
4.3593,147.98
4.3649,147.93
4.3705,147.88
4.376,147.83
4.3816,147.78
4.3872,147.68
4.3938,147.63
4.3992,147.58
4.4049,147.53
4.4103,147.48
4.416,147.43
4.4217,147.38
4.4271,147.33
4.4339,147.23
4.4393,147.18
4.4449,147.13
4.4505,147.08
4.456,147.03
4.4616,146.98
4.4672,146.88
4.4738,146.83
4.4792,146.78
4.4849,146.73
4.4903,146.68
4.4959,146.63
4.5017,146.58
4.5071,146.53
4.5139,146.43
4.5194,146.38
4.525,146.33
4.5305,146.28
4.536,146.23
4.5416,146.18
4.5472,146.08
4.5538,146.03
4.5592,145.98
4.5649,145.93
4.5703,145.88
4.576,145.83
4.5817,145.78
4.5871,145.73
4.5939,145.63
4.5993,145.58
4.6049,145.53
4.6103,145.48
4.616,145.43
4.6216,145.38
4.6271,145.28
4.6339,145.23
4.6393,145.18
4.6449,145.13
4.6505,145.08
4.656,145.03
4.6617,144.98
4.6672,144.88
4.6741,144.83
4.6798,144.78
4.6852,144.73
4.6911,144.68
4.6967,144.63
4.702,144.58
4.7074,144.48
4.7139,144.43
4.7193,144.38
4.7249,144.33
4.7304,144.28
4.736,144.23
4.7416,144.18
4.7472,144.08
4.7539,144.03
4.7594,143.98
4.765,143.93
4.7704,143.88
4.776,143.83
4.7816,143.78
4.7871,143.68
4.7937,143.63
4.7991,143.58
4.8048,143.53
4.8102,143.48
4.8158,143.43
4.8217,143.38
4.8271,143.33
4.834,143.23
4.8394,143.18
4.845,143.13
4.8505,143.08
4.8559,143.03
4.8617,142.98
4.8672,142.88
4.8739,142.83
4.8795,142.78
4.885,142.73
4.8911,142.68
4.8967,142.63
4.902,142.58
4.9075,142.48
4.9141,142.43
4.9198,142.38
4.9253,142.33
4.9312,142.28
4.9369,142.23
4.9423,142.13
4.9489,142.08
4.9545,142.03
4.96,141.98
4.9657,141.93
4.9711,141.88
4.9768,141.83
4.9823,141.73
4.9889,141.68
4.9943,141.63
4.9999,141.58
5.0056,141.53
5.0111,141.48
5.0168,141.43
5.0223,141.33
5.0289,141.28
5.0343,141.23
5.0399,141.18
5.0456,141.13
5.0511,141.08
5.0567,141.03
5.0621,140.93
5.0687,140.88
5.0741,140.83
5.0797,140.78
5.0851,140.73
5.0911,140.68
5.0965,140.63
5.1018,140.58
5.1072,140.48
5.1138,140.43
5.1192,140.38
5.1249,140.33
5.1304,140.28
5.136,140.23
5.1416,140.18
5.1472,140.08
5.1541,140.03
5.1597,139.98
5.1651,139.93
5.171,139.88
5.1765,139.83
5.1819,139.78
5.1873,139.68
5.1939,139.63
5.1993,139.58
5.2049,139.53
5.2105,139.48
5.216,139.43
5.2216,139.38
5.2272,139.28
5.2341,139.23
5.2397,139.18
5.2451,139.13
5.2508,139.08
5.2562,139.03
5.2617,138.98
5.2673,138.88
5.2738,138.83
5.2793,138.78
5.2849,138.73
5.2905,138.68
5.296,138.63
5.3016,138.58
5.3072,138.48
5.3141,138.43
5.3198,138.38
5.3252,138.33
5.3311,138.28
5.3367,138.23
5.342,138.18
5.3475,138.08
5.3539,138.03
5.3593,137.98
5.3649,137.93
5.3705,137.88
5.376,137.83
5.3817,137.78
5.3872,137.68
5.3941,137.63
5.3997,137.58
5.4051,137.53
5.4109,137.48
5.4163,137.43
5.4218,137.38
5.4275,137.28
5.4339,137.23
5.4393,137.18
5.445,137.13
5.4504,137.08
5.456,137.03
5.4617,136.98
5.4671,136.88
5.474,136.83
5.4795,136.78
5.485,136.73
5.4904,136.68
5.496,136.63
5.5016,136.58
5.5072,136.48
5.5138,136.43
5.5192,136.38
5.5249,136.33
5.5303,136.28
5.536,136.23
5.5417,136.18
5.5471,136.08
5.5539,136.03
5.5593,135.98
5.5649,135.93
5.5705,135.88
5.576,135.83
5.5816,135.78
5.5872,135.68
5.5938,135.63
5.5992,135.58
5.6049,135.53
5.6103,135.48
5.6158,135.43
5.6217,135.38
5.6271,135.33
5.6339,135.23
5.6394,135.18
5.645,135.13
5.6504,135.08
5.656,135.03
5.6617,134.98
5.667,134.93
5.6736,134.83
5.679,134.78
5.6845,134.73
5.69,134.68
5.6955,134.63
5.7009,134.58
5.7063,134.53
5.7119,134.48
5.7186,134.38
5.724,134.33
5.7295,134.28
5.735,134.23
5.7408,134.18
5.7463,134.13
5.7519,134.08
5.7586,133.98
5.764,133.93
5.7695,133.88
5.775,133.83
5.7805,133.78
5.7859,133.73
5.7915,133.68
5.7969,133.63
5.8037,133.53
5.8092,133.48
5.815,133.43
5.8207,133.38
5.8263,133.33
5.832,133.28
5.8386,133.18
5.844,133.13
5.8495,133.08
5.8551,133.03
5.8608,132.98
5.8662,132.93
5.8719,132.88
5.8786,132.78
5.8841,132.73
5.8901,132.68
5.8958,132.63
5.9016,132.58
5.9071,132.48
5.914,132.43
5.9195,132.38
5.925,132.33
5.9309,132.28
5.9363,132.23
5.9419,132.18
5.9474,132.08
5.9542,132.03
5.9601,131.98
5.9657,131.93
5.9712,131.88
5.9769,131.83
5.9823,131.73
5.989,131.68
5.9949,131.63
6.0005,131.58
6.0059,131.53
6.0115,131.48
6.0169,131.43
6.0225,131.33
6.0289,131.28
6.0345,131.23
6.04,131.18
6.0457,131.13
6.0513,131.03
6.059,130.98
6.0645,130.93
6.07,130.88
6.0754,130.84
6.081,130.79
6.0864,130.75
6.0918,130.7
6.0972,130.62
6.1038,130.58
6.1092,130.55
6.1151,130.52
6.1207,130.49
6.126,130.46
6.1315,130.44
6.1369,130.42
6.1425,130.4
6.1489,130.39
6.1543,130.39
6.1599,130.4
6.1655,130.41
6.1711,130.42
6.1767,130.43
6.1821,130.45
6.1887,130.51
6.1941,130.54
6.1997,130.57
6.2051,130.61
6.2108,130.65
6.2169,130.69
6.2224,130.77
6.2288,130.82
6.2342,130.87
6.2399,130.91
6.2455,130.96
6.2511,131.01
6.2567,131.06
6.2621,131.11
6.2675,131.21
6.2741,131.26
6.2797,131.31
6.2851,131.36
6.2909,131.41
6.2962,131.46
6.3019,131.51
6.3073,131.61
6.3138,131.66
6.3192,131.71
6.3249,131.76
6.3305,131.81
6.336,131.86
6.3416,131.91
6.3472,132.01
6.354,132.06
6.3594,132.11
6.365,132.16
6.3704,132.21
6.3758,132.26
6.3816,132.31
6.3871,132.36
6.3937,132.46
6.3991,132.51
6.4045,132.56
6.41,132.61
6.4155,132.66
6.4208,132.71
6.4262,132.76
6.4318,132.81
6.4372,132.91
6.4439,132.96
6.4493,133.01
6.4549,133.06
6.4608,133.11
6.4662,133.16
6.4718,133.21
6.4775,133.31
6.4839,133.36
6.4894,133.41
6.4949,133.46
6.5005,133.51
6.506,133.56
6.5114,133.61
6.5169,133.66
6.5223,133.76
6.5288,133.81
6.5342,133.86
6.5398,133.91
6.5452,133.96
6.5508,134.01
6.5562,134.06
6.5622,134.16
6.5688,134.21
6.5742,134.26
6.5798,134.31
6.5851,134.36
6.5907,134.41
6.5963,134.46
6.6019,134.51
6.6074,134.61
6.6138,134.66
6.6192,134.71
6.6249,134.76
6.6303,134.81
6.6358,134.86
6.6412,134.91
6.6468,134.96
6.6538,135.06
6.6592,135.11
6.6648,135.16
6.6702,135.21
6.6758,135.26
6.6812,135.31
6.6868,135.36
6.6923,135.46
6.6991,135.51
6.7047,135.56
6.7101,135.61
6.7157,135.66
6.7211,135.71
6.7267,135.76
6.7322,135.86
6.7391,135.91
6.7447,135.96
6.7501,136.01
6.7555,136.06
6.761,136.11
6.7665,136.16
6.772,136.21
6.7775,136.31
6.7839,136.36
6.7897,136.41
6.7952,136.46
6.8008,136.51
6.8065,136.56
6.8119,136.61
6.819,136.71
6.8245,136.76
6.83,136.81
6.8354,136.86
6.8409,136.91
6.8465,136.96
6.8519,137.01
6.8575,137.11
6.8639,137.16
6.8697,137.21
6.8751,137.26
6.8807,137.31
6.8861,137.36
6.8917,137.41
6.8972,137.51
6.9038,137.56
6.9092,137.61
6.9152,137.66
6.9208,137.71
6.9262,137.76
6.9318,137.81
6.9372,137.91
6.9438,137.96
6.9492,138.01
6.9551,138.06
6.9605,138.11
6.966,138.16
6.9715,138.21
6.9769,138.26
6.9824,138.36
6.9888,138.41
6.9942,138.46
6.9999,138.51
7.0055,138.56
7.0111,138.61
7.0167,138.66
7.0221,138.71
7.0286,138.81
7.034,138.86
7.0395,138.91
7.045,138.96
7.0505,139.01
7.0559,139.06
7.0616,139.11
7.0672,139.21
7.074,139.26
7.0794,139.31
7.085,139.36
7.0904,139.41
7.096,139.46
7.1016,139.51
7.107,139.56
7.1124,139.66
7.1188,139.71
7.1242,139.76
7.1299,139.81
7.1353,139.86
7.1408,139.91
7.1462,140.01
7.1551,140.06
7.1605,140.11
7.1659,140.16
7.1714,140.21
7.1769,140.26
7.1824,140.36
7.1888,140.41
7.1943,140.46
7.1999,140.51
7.2056,140.56
7.2111,140.61
7.2167,140.66
7.2221,140.71
7.2288,140.81
7.2342,140.86
7.2399,140.91
7.2453,140.96
7.2511,141.01
7.2567,141.06
7.2621,141.11
7.2686,141.21
7.274,141.26
7.2794,141.31
7.2849,141.36
7.2904,141.41
7.2959,141.46
7.3017,141.51
7.3072,141.61
7.314,141.66
7.3194,141.71
7.325,141.76
7.3304,141.81
7.3359,141.86
7.3416,141.91
7.3471,141.96
7.3537,142.06
7.3591,142.11
7.3645,142.16
7.37,142.21
7.3754,142.26
7.3808,142.31
7.3862,142.36
7.3918,142.41
7.3972,142.51
7.4039,142.56
7.4093,142.61
7.415,142.66
7.4208,142.71
7.4262,142.76
7.4318,142.81
7.4375,142.91
7.444,142.96
7.4494,143.01
7.455,143.06
7.4604,143.11
7.4658,143.16
7.4712,143.21
7.4768,143.26
7.4822,143.36
7.4888,143.41
7.4942,143.46
7.4998,143.51
7.5052,143.56
7.5108,143.61
7.5162,143.66
7.5222,143.76
7.5288,143.81
7.5342,143.86
7.5398,143.91
7.5452,143.96
7.5508,144.01
7.5562,144.06
7.5618,144.11
7.5673,144.21
7.5742,144.26
7.5798,144.31
7.5852,144.36
7.5909,144.41
7.5967,144.46
7.6021,144.51
7.6088,144.61
7.6142,144.66
7.6198,144.71
7.6252,144.76
7.6309,144.81
7.6365,144.86
7.6419,144.91
7.6475,145.01
7.654,145.06
7.6594,145.11
7.6648,145.16
7.6703,145.21
7.6758,145.26
7.6812,145.31
7.6868,145.36
7.6937,145.46
7.6991,145.51
7.7048,145.56
7.7102,145.61
7.7158,145.66
7.7212,145.71
7.7268,145.76
7.7323,145.86
7.7391,145.91
7.7447,145.96
7.7501,146.01
7.7557,146.06
7.7611,146.11
7.7667,146.16
7.7722,146.26
7.7791,146.31
7.7848,146.36
7.7902,146.41
7.7958,146.46
7.8012,146.51
7.8068,146.56
7.8125,146.66
7.8191,146.71
7.8245,146.76
7.83,146.81
7.8354,146.86
7.8408,146.91
7.8462,146.96
7.8519,147.01
7.8573,147.11
7.8638,147.16
7.8692,147.21
7.8752,147.26
7.8808,147.31
7.8862,147.36
7.8918,147.41
7.8973,147.51
7.9038,147.56
7.9092,147.61
7.9151,147.66
7.9205,147.71
7.926,147.76
7.9314,147.81
7.9369,147.86
7.9424,147.96
7.9488,148.01
7.9543,148.06
7.9597,148.11
7.9651,148.16
7.9709,148.21
7.9763,148.26
7.9818,148.31
7.9874,148.41
7.9939,148.46
7.9993,148.51
8.0049,148.56
8.0104,148.61
8.0159,148.66
8.0215,148.71
8.0271,148.76
8.0339,148.86
8.0395,148.91
8.045,148.96
8.0505,149.01
8.0559,149.06
8.0617,149.11
8.0672,149.21
8.0738,149.26
8.0792,149.31
8.0849,149.36
8.0903,149.41
8.0959,149.46
8.1017,149.51
8.1072,149.61
8.114,149.66
8.1194,149.71
8.1249,149.76
8.1304,149.81
8.1359,149.86
8.1415,149.91
8.1472,150.01
8.1538,150.06
8.1592,150.11
8.1649,150.16
8.1703,150.21
8.1762,150.26
8.1818,150.31
8.1874,150.66
8.2195,150.71
8.225,150.76
8.2304,150.81
8.2359,150.86
8.2413,150.91
8.2468,150.96
8.2538,151.06
8.2592,151.11
8.2649,151.16
8.2703,151.21
8.2758,151.26
8.2812,151.31
8.2868,151.36
8.2924,151.46
8.2991,151.51
8.3047,151.56
8.3101,151.61
8.3157,151.66
8.3212,151.71
8.3268,151.76
8.3338,151.86
8.3392,151.91
8.3449,151.96
8.3503,152.01
8.3559,152.06
8.3613,152.11
8.3668,152.16
8.3722,152.26
8.3793,152.31
8.3849,152.36
8.3904,152.41
8.3959,152.46
8.4015,152.51
8.4069,152.56
8.414,152.66
8.4195,152.71
8.425,152.76
8.4305,152.81
8.4359,152.86
8.4414,152.91
8.4469,152.96
8.4525,153.06
8.4592,153.11
8.4648,153.16
8.4703,153.21
8.4759,153.26
8.482,153.31
8.4875,153.41
8.4939,153.46
8.4993,153.51
8.5049,153.56
8.5104,153.61
8.5158,153.66
8.5213,153.71
8.5268,153.76
8.5324,153.86
8.5391,153.91
8.5447,153.96
8.5501,154.01
8.5558,154.06
8.5612,154.11
8.5669,154.16
8.5739,154.26
8.5793,154.31
8.585,154.36
8.5904,154.41
8.5959,154.46
8.6013,154.51
8.6068,154.56
8.6124,154.66
8.6191,154.71
8.6247,154.76
8.6301,154.81
8.6357,154.86
8.6412,154.91
8.6468,154.96
8.6538,155.06
8.6592,155.11
8.6649,155.16
8.6703,155.21
8.6759,155.26
8.6813,155.31
8.6868,155.36
8.6925,155.46
8.6991,155.51
8.7047,155.56
8.7101,155.61
8.7155,155.66
8.7209,155.71
8.7263,155.76
8.7318,155.81
8.7373,155.91
8.7439,155.96
8.7495,156.01
8.7552,156.06
8.7608,156.11
8.7662,156.16
8.7718,156.21
8.7773,156.31
8.7839,156.36
8.7895,156.41
8.7951,156.46
8.8007,156.51
8.8062,156.56
8.8118,156.61
8.8173,156.71
8.8239,156.76
8.8296,156.81
8.8351,156.86
8.8407,156.91
8.8461,156.96
8.8517,157.01
8.8572,157.06
8.8637,157.16
8.8691,157.21
8.875,157.26
8.8804,157.31
8.8858,157.36
8.8912,157.41
8.8968,157.46
8.9022,157.51
8.9088,157.61
8.9142,157.66
8.9197,157.71
8.9251,157.76
8.9309,157.81
8.9364,157.86
8.9418,157.91
8.9475,158.01
8.9539,158.06
8.9593,158.11
8.965,158.16
8.9704,158.21
8.9758,158.26
8.9817,158.31
8.9872,158.41
8.9941,158.46
8.9997,158.51
9.0051,158.56
9.011,158.61
9.0164,158.66
9.0218,158.71
9.0275,158.81
9.0339,158.86
9.0394,158.91
9.0449,158.96
9.0504,159.01
9.0559,159.06
9.0616,159.11
9.0671,159.16
9.0735,159.26
9.0789,159.3
9.0848,159.35
9.0902,159.39
9.0958,159.44
9.1015,159.48
9.107,159.52
9.1124,159.59
9.1188,159.62
9.1242,159.65
9.1297,159.68
9.1351,159.7
9.1408,159.72
9.1462,159.73
9.1518,159.74
9.1572,159.75
9.1639,159.74
9.1693,159.73
9.175,159.72
9.1808,159.71
9.1862,159.69
9.1918,159.66
9.1986,159.6
9.204,159.57
9.2095,159.53
9.2152,159.49
9.2216,159.45
9.2271,159.41
9.2337,159.32
9.2391,159.27
9.2448,159.23
9.2503,159.18
9.2559,159.13
9.2617,159.08
9.2671,159.03
9.2738,158.93
9.2793,158.88
9.2849,158.83
9.2903,158.78
9.2958,158.73
9.3015,158.68
9.3071,158.63
9.3136,158.53
9.319,158.48
9.3246,158.43
9.3301,158.38
9.3357,158.33
9.3413,158.28
9.347,158.23
9.3524,158.13
9.3589,158.08
9.3643,158.03
9.3708,157.98
9.3763,157.93
9.385,157.83
9.3925,157.73
9.4,157.68
9.4057,157.63
9.4113,157.58
9.4168,157.53
9.4224,157.43
9.4289,157.38
9.4353,157.33
9.4409,157.28
9.4463,157.23
9.4518,157.18
9.4574,157.08
9.4638,157.03
9.4692,156.98
9.475,156.93
9.4804,156.88
9.4858,156.83
9.4912,156.78
9.4968,156.73
9.5022,156.68
9.5087,156.58
9.5141,156.53
9.5198,156.48
9.5252,156.43
9.531,156.38
9.5364,156.33
9.5418,156.28
9.5474,156.18
9.5541,156.13
9.5597,156.08
9.5651,156.03
9.5709,155.98
9.5771,155.93
9.5836,155.83
9.589,155.78
9.5944,155.73
9.6,155.68
9.6055,155.63
9.6109,155.58
9.6162,155.53
9.6218,155.48
9.6274,155.38
9.6341,155.33
9.6397,155.28
9.6451,155.23
9.6509,155.18
9.6563,155.13
9.6618,155.08
9.6675,154.98
9.6739,154.93
9.6794,154.88
9.685,154.83
9.6904,154.78
9.6959,154.73
9.7017,154.68
9.707,154.63
9.7124,154.53
9.7193,154.48
9.7251,154.43
9.7309,154.38
9.7363,154.33
9.7418,154.28
9.7474,154.18
9.754,154.13
9.7595,154.08
9.765,154.03
9.7705,153.98
9.7759,153.93
9.7816,153.88
9.787,153.83
9.7925,153.73
9.7989,153.68
9.8048,153.63
9.8102,153.58
9.8158,153.53
9.8215,153.48
9.827,153.43
9.8324,153.33
9.8389,153.28
9.8444,153.23
9.8498,153.18
9.8552,153.13
9.8608,153.08
9.8662,153.03
9.8718,152.98
9.8785,152.88
9.8839,152.83
9.8894,152.78
9.895,152.73
9.9007,152.68
9.9062,152.63
9.9118,152.58
9.9175,152.48
9.9239,152.43
9.9294,152.38
9.9349,152.33
9.9404,152.28
9.9458,152.23
9.9512,152.18
9.9568,152.13
9.9624,152.03
9.9689,151.98
9.9743,151.93
9.9798,151.88
9.9852,151.83
9.9908,151.78
9.9962,151.73
10.002,151.68
10.009,151.58
10.014,151.53
10.02,151.48
10.025,151.43
10.031,151.38
10.036,151.33
10.042,151.28
10.049,151.18
10.054,151.13
10.059,151.08
10.065,151.03
10.07,150.98
10.076,150.93
10.081,150.88
10.087,150.83
10.092,150.73
10.099,150.68
10.105,150.63
10.11,150.58
10.116,150.53
10.121,150.48
10.127,150.43
10.132,150.33
10.139,150.28
10.145,150.23
10.15,150.18
10.156,150.13
10.161,150.08
10.167,150.03
10.174,149.93
10.179,149.88
10.185,149.83
10.19,149.78
10.196,149.73
10.201,149.68
10.207,149.63
10.212,149.53
10.219,149.48
10.225,149.43
10.23,149.38
10.236,149.33
10.241,149.28
10.247,149.23
10.252,149.13
10.259,149.08
10.265,149.03
10.27,148.98
10.276,148.93
10.281,148.88
10.287,148.83
10.292,148.73
10.299,148.68
10.305,148.63
10.31,148.58
10.316,148.53
10.321,148.48
10.327,148.43
10.332,148.33
10.339,148.28
10.345,148.23
10.35,148.18
10.356,148.13
10.361,148.08
10.367,148.03
10.372,147.98
10.379,147.88
10.384,147.83
10.39,147.78
10.395,147.73
10.401,147.68
10.406,147.63
10.412,147.58
10.417,147.48
10.424,147.43
10.429,147.38
10.435,147.33
10.44,147.28
10.446,147.23
10.451,147.18
10.457,147.13
10.462,147.08
10.469,146.98
10.474,146.93
10.48,146.88
10.486,146.83
10.491,146.78
10.497,146.73
10.502,146.68
10.509,146.58
10.514,146.53
10.52,146.48
10.525,146.43
10.531,146.38
10.537,146.33
10.542,146.28
10.549,146.18
10.554,146.13
10.56,146.08
10.565,146.03
10.571,145.98
10.577,145.93
10.582,145.88
10.589,145.78
10.594,145.73
10.6,145.68
10.605,145.63
10.611,145.58
10.616,145.53
10.622,145.48
10.627,145.38
10.634,145.33
10.639,145.28
10.645,145.23
10.65,145.18
10.656,145.13
10.662,145.08
10.667,145.03
10.674,144.93
10.679,144.88
10.685,144.83
10.69,144.78
10.696,144.73
10.702,144.68
10.707,144.63
10.714,144.53
10.719,144.48
10.725,144.43
10.73,144.38
10.736,144.33
10.742,144.28
10.747,144.23
10.754,144.13
10.76,144.08
10.765,144.03
10.771,143.98
10.777,143.93
10.784,143.83
10.789,143.78
10.795,143.73
10.801,143.68
10.806,143.63
10.812,143.58
10.817,143.48
10.824,143.43
10.829,143.38
10.835,143.33
10.84,143.28
10.846,143.23
10.851,143.18
10.857,143.13
10.862,143.08
10.869,142.98
10.874,142.93
10.88,142.88
10.885,142.83
10.891,142.78
10.897,142.73
10.902,142.68
10.909,142.58
10.914,142.53
10.92,142.48
10.925,142.43
10.931,142.38
10.937,142.33
10.942,142.28
10.949,142.18
10.954,142.13
10.959,142.08
10.965,142.03
10.97,141.98
10.976,141.93
10.982,141.88
10.987,141.83
10.994,141.73
10.999,141.68
11.005,141.63
11.01,141.58
11.016,141.53
11.022,141.48
11.027,141.43
11.034,141.33
11.039,141.28
11.044,141.23
11.05,141.18
11.055,141.13
11.061,141.08
11.066,141.03
11.072,140.98
11.077,140.88
11.084,140.83
11.09,140.78
11.096,140.73
11.101,140.68
11.107,140.63
11.112,140.53
11.119,140.48
11.124,140.43
11.13,140.38
11.135,140.33
11.141,140.28
11.146,140.23
11.152,140.18
11.157,140.08
11.164,140.03
11.169,139.98
11.175,139.93
11.18,139.88
11.186,139.83
11.192,139.78
11.198,139.68
11.204,139.63
11.209,139.58
11.215,139.53
11.22,139.48
11.226,139.43
11.231,139.38
11.237,139.33
11.245,139.23
11.251,139.18
11.256,139.13
11.262,139.08
11.267,139.03
11.274,138.93
11.279,138.88
11.285,138.83
11.29,138.78
11.296,138.73
11.302,138.68
11.307,138.63
11.313,138.53
11.319,138.48
11.325,138.43
11.33,138.38
11.336,138.33
11.341,138.28
11.347,138.23
11.352,138.13
11.359,138.08
11.364,138.03
11.37,137.98
11.375,137.93
11.381,137.88
11.386,137.83
11.392,137.78
11.397,137.68
11.404,137.63
11.409,137.58
11.415,137.53
11.421,137.48
11.426,137.43
11.432,137.38
11.437,137.28
11.444,137.23
11.449,137.18
11.455,137.13
11.46,137.08
11.466,137.03
11.471,136.98
11.477,136.93
11.482,136.88
11.489,136.78
11.494,136.73
11.499,136.68
11.505,136.63
11.51,136.58
11.516,136.53
11.522,136.48
11.529,136.38
11.534,136.33
11.54,136.28
11.545,136.23
11.551,136.18
11.557,136.13
11.562,136.08
11.569,135.98
11.574,135.93
11.58,135.88
11.585,135.83
11.591,135.78
11.597,135.73
11.602,135.68
11.608,135.58
11.614,135.53
11.619,135.48
11.625,135.43
11.63,135.38
11.636,135.33
11.641,135.28
11.647,135.23
11.652,135.18
11.659,135.08
11.664,135.03
11.67,134.98
11.675,134.93
11.681,134.88
11.686,134.83
11.692,134.78
11.697,134.73
11.704,134.63
11.709,134.58
11.715,134.53
11.721,134.48
11.726,134.43
11.732,134.38
11.737,134.33
11.744,134.23
11.749,134.18
11.755,134.13
11.76,134.08
11.766,134.03
11.771,133.98
11.777,133.93
11.782,133.88
11.789,133.78
11.794,133.73
11.8,133.68
11.805,133.63
11.811,133.58
11.817,133.53
11.822,133.48
11.829,133.38
11.834,133.33
11.839,133.28
11.845,133.23
11.851,133.18
11.856,133.13
11.862,133.08
11.867,133.03
11.874,132.93
11.88,132.88
11.885,132.83
11.891,132.78
11.896,132.73
11.902,132.68
11.907,132.63
11.914,132.53
11.919,132.48
11.925,132.43
11.93,132.38
11.936,132.33
11.942,132.28
11.947,132.23
11.954,132.13
11.959,132.08
11.965,132.03
11.97,131.98
11.976,131.93
11.982,131.88
11.987,131.83
11.993,131.73
11.999,131.68
12.005,131.63
12.01,131.58
12.016,131.53
12.022,131.48
12.027,131.43
12.033,131.33
12.039,131.28
12.045,131.23
12.05,131.18
12.056,131.13
12.061,131.08
12.067,131.03
12.072,130.98
12.079,130.88
12.084,130.84
12.09,130.79
12.095,130.74
12.101,130.7
12.106,130.66
12.112,130.62
12.118,130.55
12.124,130.51
12.129,130.48
12.135,130.46
12.141,130.44
12.146,130.42
12.152,130.4
12.157,130.39
12.164,130.38
12.169,130.39
12.175,130.39
12.18,130.4
12.187,130.42
12.193,130.46
12.199,130.49
12.205,130.52
12.21,130.55
12.216,130.59
12.221,130.63
12.227,130.71
12.234,130.75
12.24,130.8
12.245,130.85
12.251,130.89
12.256,130.94
12.262,130.99
12.267,131.04
12.274,131.14
12.279,131.19
12.285,131.24
12.29,131.29
12.296,131.34
12.302,131.39
12.307,131.44
12.314,131.54
12.319,131.59
12.325,131.64
12.33,131.69
12.336,131.74
12.342,131.79
12.347,131.84
12.354,131.94
12.36,131.99
12.366,132.04
12.371,132.09
12.377,132.14
12.382,132.19
12.389,132.29
12.394,132.34
12.4,132.39
12.406,132.44
12.411,132.49
12.417,132.54
12.422,132.59
12.429,132.69
12.435,132.74
12.44,132.79
12.446,132.84
12.451,132.89
12.457,132.94
12.462,132.99
12.469,133.09
12.474,133.14
12.48,133.19
12.486,133.24
12.491,133.29
12.497,133.34
12.502,133.39
12.509,133.49
12.515,133.54
12.521,133.59
12.526,133.64
12.532,133.69
12.539,133.79
12.544,133.84
12.55,133.89
12.555,133.94
12.561,133.99
12.566,134.04
12.572,134.14
12.579,134.19
12.585,134.24
12.59,134.29
12.596,134.34
12.602,134.39
12.607,134.44
12.612,134.49
12.619,134.59
12.624,134.64
12.63,134.69
12.635,134.74
12.641,134.79
12.646,134.84
12.652,134.89
12.657,134.94
12.664,135.04
12.669,135.09
12.675,135.14
12.681,135.19
12.686,135.24
12.692,135.29
12.697,135.34
12.704,135.44
12.709,135.49
12.715,135.54
12.72,135.59
12.726,135.64
12.731,135.69
12.737,135.74
12.742,135.79
12.749,135.89
12.754,135.94
12.76,135.99
12.766,136.04
12.771,136.09
12.777,136.14
12.782,136.19
12.789,136.29
12.794,136.34
12.8,136.39
12.805,136.44
12.811,136.49
12.817,136.54
12.822,136.59
12.829,136.69
12.834,136.74
12.84,136.79
12.845,136.84
12.851,136.89
12.857,136.94
12.862,136.99
12.869,137.09
12.874,137.14
12.88,137.19
12.885,137.24
12.891,137.29
12.897,137.34
12.902,137.39
12.909,137.49
12.914,137.54
12.92,137.59
12.925,137.64
12.931,137.69
12.937,137.74
12.942,137.79
12.949,137.89
12.954,137.94
12.96,137.99
12.965,138.04
12.971,138.09
12.976,138.14
12.982,138.19
12.987,138.24
12.994,138.34
12.999,138.39
13.005,138.44
13.01,138.49
13.016,138.54
13.021,138.59
13.027,138.64
13.034,138.74
13.039,138.79
13.045,138.84
13.05,138.89
13.056,138.94
13.062,138.99
13.067,139.04
13.073,139.14
13.079,139.19
13.085,139.24
13.09,139.29
13.096,139.34
13.102,139.39
13.107,139.44
13.114,139.54
13.119,139.59
13.125,139.64
13.13,139.69
13.136,139.74
13.141,139.79
13.147,139.84
13.153,139.94
13.159,139.99
13.165,140.04
13.17,140.09
13.176,140.14
13.181,140.19
13.187,140.24
13.194,140.34
13.199,140.39
13.205,140.44
13.21,140.49
13.216,140.54
13.222,140.59
13.227,140.64
13.233,140.74
13.239,140.79
13.245,140.84
13.25,140.89
13.256,140.94
13.261,140.99
13.267,141.04
13.274,141.14
13.279,141.19
13.285,141.24
13.29,141.34
13.299,141.39
13.305,141.44
13.311,141.49
13.316,141.54
13.322,141.59
13.327,141.64
13.334,141.74
13.339,141.79
13.345,141.84
13.35,141.89
13.356,141.94
13.362,141.99
13.367,142.04
13.374,142.14
13.379,142.19
13.385,142.24
13.39,142.29
13.396,142.34
13.402,142.39
13.407,142.44
13.414,142.54
13.42,142.59
13.425,142.64
13.431,142.69
13.437,142.74
13.444,142.84
13.449,142.89
13.455,142.94
13.46,142.99
13.466,143.04
13.472,143.09
13.477,143.19
13.484,143.24
13.49,143.29
13.496,143.34
13.501,143.39
13.507,143.44
13.514,143.54
13.519,143.59
13.525,143.64
13.53,143.69
13.536,143.74
13.542,143.79
13.547,143.84
13.554,143.94
13.559,143.99
13.565,144.04
13.57,144.09
13.576,144.14
13.582,144.19
13.587,144.24
13.594,144.34
13.599,144.39
13.605,144.44
13.611,144.49
13.617,144.54
13.622,144.59
13.629,144.69
13.635,144.74
13.64,144.79
13.646,144.84
13.651,144.89
13.657,144.94
13.662,144.99
13.669,145.09
13.674,145.14
13.68,145.19
13.686,145.24
13.691,145.29
13.697,145.34
13.702,145.39
13.709,145.49
13.715,145.54
13.72,145.59
13.726,145.64
13.732,145.69
13.737,145.79
13.744,145.84
13.75,145.89
13.755,145.94
13.761,145.99
13.767,146.04
13.772,146.14
13.779,146.19
13.785,146.24
13.79,146.29
13.796,146.34
13.802,146.39
13.807,146.44
13.814,146.54
13.819,146.59
13.825,146.64
13.83,146.69
13.836,146.74
13.841,146.79
13.847,146.84
13.854,146.94
13.859,146.99
13.865,147.04
13.87,147.09
13.876,147.14
13.881,147.19
13.887,147.24
13.892,147.29
13.899,147.39
13.904,147.44
13.91,147.49
13.915,147.54
13.921,147.59
13.926,147.64
13.932,147.69
13.937,147.74
13.944,147.84
13.949,147.89
13.955,147.94
13.96,147.99
13.966,148.04
13.971,148.09
13.977,148.14
13.982,148.19
13.989,148.29
13.994,148.34
14,148.39
14.005,148.44
14.011,148.49
14.016,148.54
14.022,148.59
14.027,148.64
14.034,148.74
14.039,148.79
14.045,148.84
14.05,148.89
14.056,148.94
14.061,148.99
14.067,149.04
14.073,149.14
14.079,149.19
14.085,149.24
14.09,149.29
14.096,149.34
14.102,149.39
14.107,149.44
14.113,149.54
14.119,149.59
14.125,149.64
14.13,149.69
14.136,149.74
14.141,149.79
14.147,149.84
14.153,149.94
14.159,149.99
14.165,150.04
14.17,150.09
14.176,150.14
14.182,150.19
14.187,150.24
14.194,150.34
14.199,150.39
14.205,150.44
14.21,150.49
14.216,150.54
14.221,150.59
14.227,150.64
14.234,150.74
14.239,150.79
14.245,150.84
14.25,150.89
14.256,150.94
14.262,150.99
14.267,151.04
14.273,151.14
14.279,151.19
14.285,151.24
14.29,151.29
14.296,151.34
14.301,151.39
14.307,151.44
14.313,151.54
14.319,151.59
14.325,151.64
14.33,151.69
14.336,151.74
14.341,151.79
14.347,151.84
14.354,151.94
14.359,151.99
14.365,152.04
14.37,152.09
14.376,152.14
14.381,152.19
14.387,152.24
14.393,152.34
14.399,152.39
14.405,152.44
14.41,152.49
14.416,152.54
14.421,152.59
14.427,152.64
14.433,152.74
14.439,152.79
14.445,152.84
14.45,152.89
14.456,152.94
14.461,152.99
14.467,153.04
14.473,153.14
14.479,153.19
14.485,153.24
14.49,153.29
14.496,153.34
14.502,153.39
14.507,153.44
14.513,153.54
14.519,153.59
14.525,153.64
14.53,153.69
14.536,153.74
14.542,153.79
14.547,153.84
14.554,153.94
14.559,153.99
14.565,154.04
14.57,154.09
14.576,154.14
14.582,154.19
14.587,154.24
14.594,154.34
14.599,154.39
14.605,154.44
14.61,154.49
14.616,154.54
14.622,154.59
14.627,154.64
14.634,154.74
14.639,154.79
14.645,154.84
14.65,154.89
14.656,154.94
14.662,154.99
14.667,155.04
14.674,155.14
14.679,155.19
14.685,155.24
14.69,155.29
14.696,155.34
14.702,155.39
14.707,155.44
14.714,155.54
14.719,155.59
14.725,155.64
14.73,155.69
14.736,155.74
14.742,155.79
14.747,155.84
14.753,155.89
14.759,155.99
14.765,156.04
14.77,156.09
14.776,156.14
14.781,156.19
14.787,156.24
14.794,156.34
14.799,156.39
14.805,156.44
14.81,156.49
14.816,156.54
14.821,156.59
14.827,156.64
14.833,156.74
14.839,156.79
14.845,156.84
14.85,156.89
14.856,156.94
14.861,156.99
14.867,157.04
14.873,157.14
14.879,157.19
14.885,157.24
14.89,157.29
14.896,157.34
14.902,157.39
14.907,157.44
14.914,157.54
14.919,157.59
14.925,157.64
14.93,157.69
14.936,157.74
14.941,157.79
14.947,157.84
14.953,157.94
14.959,157.99
14.965,158.04
14.97,158.09
14.976,158.14
14.981,158.19
14.987,158.24
14.993,158.34
14.999,158.39
15.005,158.44
15.01,158.49
15.016,158.54
15.021,158.59
15.027,158.64
15.033,158.74
15.039,158.79
15.045,158.84
15.05,158.89
15.056,158.94
15.061,158.99
15.067,159.04
15.073,159.14
15.079,159.19
15.085,159.23
15.09,159.28
15.096,159.32
15.101,159.37
15.107,159.41
15.113,159.49
15.119,159.52
15.125,159.55
15.13,159.58
15.136,159.61
15.141,159.63
15.147,159.65
15.153,159.67
15.159,159.68
15.165,159.68
15.17,159.67
15.176,159.66
15.182,159.65
15.187,159.64
15.193,159.59
15.199,159.56
15.205,159.53
15.21,159.5
15.216,159.46
15.222,159.42
15.227,159.38
15.233,159.3
15.239,159.25
15.245,159.2
15.25,159.16
15.256,159.11
15.262,159.06
15.267,159.01
15.273,158.91
15.279,158.86
15.285,158.81
15.29,158.76
15.296,158.71
15.301,158.66
15.307,158.61
15.313,158.51
15.319,158.46
15.325,158.41
15.33,158.36
15.336,158.31
15.341,158.26
15.347,158.21
15.354,158.11
15.36,158.06
15.366,158.01
15.371,157.96
15.377,157.91
15.382,157.86
15.388,157.76
15.394,157.71
15.4,157.66
15.406,157.61
15.411,157.56
15.417,157.51
15.422,157.46
15.429,157.36
15.434,157.31
15.44,157.26
15.446,157.21
15.451,157.16
15.457,157.11
15.462,157.06
15.469,156.96
15.474,156.91
15.48,156.86
15.486,156.81
15.491,156.76
15.497,156.71
15.502,156.66
15.509,156.56
15.514,156.51
15.52,156.46
15.526,156.41
15.531,156.36
15.537,156.31
15.542,156.26
15.549,156.16
15.555,156.11
15.56,156.06
15.566,156.01
15.572,155.96
15.577,155.91
15.584,155.81
15.59,155.76
15.595,155.71
15.601,155.66
15.606,155.61
15.612,155.56
15.617,155.51
15.624,155.41
15.63,155.36
15.635,155.31
15.641,155.26
15.646,155.21
15.652,155.16
15.657,155.11
15.664,155.01
15.67,154.96
15.676,154.91
15.682,154.86
15.689,154.76
15.694,154.71
15.7,154.66
15.706,154.61
15.711,154.56
15.717,154.51
15.722,154.46
15.729,154.36
15.734,154.31
15.74,154.26
15.745,154.21
15.751,154.16
15.757,154.11
15.762,154.06
15.769,153.96
15.774,153.91
15.78,153.86
15.785,153.81
15.791,153.76
15.796,153.71
15.802,153.66
15.808,153.56
15.814,153.51
15.82,153.46
15.825,153.41
15.831,153.36
15.836,153.31
15.842,153.26
15.848,153.16
15.854,153.11
15.86,153.06
15.865,153.01
15.871,152.96
15.876,152.91
15.882,152.86
15.887,152.81
15.894,152.71
15.899,152.66
15.905,152.61
15.91,152.56
15.916,152.51
15.921,152.46
15.927,152.41
15.932,152.31
15.939,152.26
15.945,152.21
15.95,152.16
15.956,152.11
15.961,152.06
15.967,152.01
15.972,151.96
15.979,151.86
15.984,151.81
15.99,151.76
15.995,151.71
16.001,151.66
16.006,151.61
16.012,151.56
16.017,151.51
16.024,151.41
16.029,151.36
16.035,151.31
16.04,151.26
16.046,151.21
16.051,151.16
16.057,151.11
16.062,151.06
16.069,150.96
16.074,150.91
16.08,150.86
16.085,150.81
16.091,150.76
16.097,150.71
16.102,150.66
16.108,150.56
16.114,150.51
16.12,150.46
16.126,150.41
16.131,150.36
16.137,150.31
16.142,150.26
16.148,150.16
16.154,150.11
16.16,150.06
16.166,150.01
16.171,149.96
16.177,149.91
16.182,149.86
16.188,149.76
16.194,149.71
16.2,149.66
16.205,149.61
16.211,149.56
16.217,149.51
16.222,149.46
16.228,149.36
16.234,149.31
16.24,149.26
16.245,149.21
16.251,149.16
16.257,149.11
16.262,149.06
16.268,148.96
16.274,148.91
16.28,148.86
16.285,148.81
16.291,148.76
16.297,148.71
16.302,148.66
16.308,148.56
16.314,148.51
16.32,148.46
16.325,148.41
16.331,148.36
16.337,148.31
16.342,148.26
16.348,148.16
16.354,148.11
16.36,148.06
16.366,148.01
16.371,147.96
16.377,147.91
16.382,147.86
16.388,147.76
16.394,147.71
16.4,147.66
16.406,147.61
16.411,147.56
16.417,147.51
16.422,147.41
16.43,147.36
16.435,147.31
16.44,147.26
16.446,147.21
16.451,147.16
16.457,147.11
16.462,147.06
16.468,146.96
16.474,146.91
16.48,146.86
16.485,146.81
16.491,146.76
16.496,146.71
16.502,146.66
16.507,146.61
16.514,146.51
16.519,146.46
16.525,146.41
16.53,146.36
16.536,146.31
16.541,146.26
16.547,146.21
16.553,146.11
16.559,146.06
16.565,146.01
16.571,145.96
16.577,145.91
16.582,145.86
16.589,145.76
16.595,145.71
16.601,145.66
16.606,145.61
16.612,145.56
16.617,145.51
16.624,145.41
16.63,145.36
16.635,145.31
16.641,145.26
16.646,145.21
16.652,145.16
16.657,145.11
16.664,145.01
16.669,144.96
16.675,144.91
16.68,144.86
16.686,144.81
16.691,144.76
16.697,144.71
16.702,144.66
16.708,144.56
16.714,144.51
16.72,144.46
16.725,144.41
16.731,144.36
16.737,144.31
16.742,144.26
16.748,144.16
16.754,144.11
16.76,144.06
16.766,144.01
16.771,143.96
16.777,143.91
16.782,143.86
16.788,143.76
16.794,143.71
16.8,143.66
16.805,143.61
16.811,143.56
16.816,143.51
16.822,143.46
16.827,143.41
16.834,143.31
16.839,143.26
16.845,143.21
16.85,143.16
16.856,143.11
16.862,143.06
16.867,143.01
16.873,142.91
16.879,142.86
16.885,142.81
16.89,142.76
16.896,142.71
16.901,142.66
16.907,142.61
16.913,142.51
16.919,142.46
16.925,142.41
16.93,142.36
16.936,142.31
16.941,142.26
16.947,142.21
16.953,142.11
16.959,142.06
16.965,142.01
16.97,141.96
16.976,141.91
16.981,141.86
16.987,141.81
16.993,141.71
16.999,141.66
17.005,141.61
17.01,141.56
17.016,141.51
17.022,141.46
17.027,141.41
17.033,141.31
17.039,141.26
17.045,141.21
17.05,141.16
17.056,141.11
17.062,141.06
17.069,140.96
17.075,140.91
17.08,140.86
17.086,140.81
17.091,140.76
17.097,140.71
17.102,140.66
17.108,140.56
17.114,140.51
17.12,140.46
17.126,140.41
17.131,140.36
17.136,140.31
17.142,140.26
17.147,140.21
17.154,140.11
17.159,140.06
17.165,140.01
17.17,139.96
17.176,139.91
17.182,139.86
17.187,139.81
17.193,139.71
17.199,139.66
17.205,139.61
17.21,139.56
17.216,139.51
17.221,139.46
17.227,139.41
17.233,139.31
17.239,139.26
17.245,139.21
17.25,139.16
17.256,139.11
17.262,139.06
17.267,139.01
17.273,138.91
17.279,138.86
17.285,138.81
17.29,138.76
17.296,138.71
17.302,138.66
17.307,138.61
17.313,138.51
17.319,138.46
17.325,138.41
17.33,138.36
17.336,138.31
17.342,138.26
17.347,138.21
17.354,138.11
17.359,138.06
17.365,138.01
17.371,137.96
17.376,137.91
17.382,137.86
17.39,137.76
17.395,137.71
17.401,137.66
17.406,137.61
17.412,137.56
17.417,137.51
17.424,137.41
17.43,137.36
17.435,137.31
17.44,137.26
17.446,137.21
17.451,137.16
17.457,137.11
17.462,137.06
17.468,136.96
17.474,136.91
17.48,136.86
17.486,136.81
17.491,136.76
17.497,136.71
17.502,136.66
17.508,136.56
17.514,136.51
17.52,136.46
17.525,136.41
17.531,136.36
17.537,136.31
17.542,136.26
17.548,136.16
17.554,136.11
17.56,136.06
17.565,136.01
17.571,135.96
17.577,135.91
17.582,135.86
17.588,135.76
17.594,135.71
17.6,135.66
17.606,135.61
17.611,135.56
17.617,135.51
17.622,135.46
17.628,135.36
17.634,135.31
17.64,135.26
17.645,135.21
17.651,135.16
17.657,135.11
17.662,135.06
17.668,134.96
17.674,134.91
17.68,134.86
17.686,134.81
17.691,134.76
17.697,134.71
17.702,134.66
17.708,134.56
17.714,134.51
17.72,134.46
17.725,134.41
17.731,134.36
17.737,134.31
17.742,134.26
17.748,134.16
17.754,134.11
17.76,134.06
17.766,134.01
17.771,133.96
17.777,133.91
17.782,133.86
17.788,133.76
17.794,133.71
17.8,133.66
17.806,133.61
17.811,133.56
17.817,133.51
17.822,133.46
17.828,133.36
17.834,133.31
17.84,133.26
17.846,133.21
17.851,133.16
17.857,133.11
17.862,133.06
17.868,132.96
17.874,132.91
17.88,132.86
17.886,132.81
17.891,132.76
17.897,132.71
17.902,132.66
17.908,132.56
17.914,132.51
17.92,132.46
17.926,132.41
17.931,132.36
17.937,132.31
17.942,132.26
17.948,132.16
17.954,132.11
17.96,132.06
17.965,132.01
17.971,131.96
17.977,131.91
17.982,131.86
17.988,131.76
17.994,131.71
18,131.66
18.006,131.61
18.011,131.56
18.017,131.51
18.022,131.46
18.028,131.36
18.034,131.31
18.04,131.26
18.045,131.21
18.051,131.16
18.057,131.11
18.062,131.06
18.068,130.96
18.074,130.91
18.08,130.86
18.086,130.82
18.092,130.77
18.097,130.73
18.103,130.64
18.109,130.6
18.115,130.56
18.12,130.53
18.126,130.5
18.131,130.47
18.137,130.44
18.144,130.4
18.15,130.39
18.156,130.38
18.161,130.37
18.167,130.37
18.172,130.39
18.179,130.4
18.185,130.41
18.191,130.43
18.196,130.46
18.202,130.49
18.208,130.55
18.214,130.59
18.22,130.63
18.226,130.67
18.232,130.71
18.237,130.75
18.244,130.85
18.249,130.89
18.255,130.94
18.26,130.99
18.266,131.04
18.271,131.09
18.277,131.14
18.282,131.19
18.288,131.29
18.294,131.34
18.3,131.39
18.305,131.44
18.311,131.49
18.317,131.54
18.322,131.59
18.328,131.69
18.334,131.74
18.34,131.79
18.345,131.84
18.351,131.89
18.357,131.94
18.364,132.04
18.369,132.09
18.375,132.14
18.381,132.19
18.386,132.24
18.392,132.29
18.397,132.34
18.404,132.44
18.409,132.49
18.415,132.54
18.42,132.59
18.426,132.64
18.431,132.69
18.437,132.74
18.442,132.79
18.448,132.89
18.454,132.94
18.46,132.99
18.465,133.04
18.471,133.09
18.477,133.14
18.482,133.19
18.488,133.29
18.494,133.34
18.5,133.39
18.505,133.44
18.511,133.49
18.516,133.54
18.522,133.59
18.527,133.64
18.533,133.74
18.539,133.79
18.545,133.84
18.55,133.89
18.556,133.94
18.561,133.99
18.567,134.04
18.572,134.14
18.579,134.19
18.585,134.24
18.59,134.29
18.596,134.34
18.601,134.39
18.607,134.44
18.612,134.49
18.618,134.59
18.624,134.64
18.63,134.69
18.635,134.74
18.641,134.79
18.646,134.84
18.652,134.89
18.657,134.94
18.663,135.04
18.669,135.09
18.675,135.14
18.68,135.19
18.686,135.24
18.691,135.29
18.697,135.34
18.702,135.39
18.709,135.49
18.714,135.54
18.72,135.59
18.726,135.64
18.731,135.69
18.737,135.74
18.742,135.79
18.748,135.89
18.754,135.94
18.76,135.99
18.766,136.04
18.771,136.09
18.777,136.14
18.782,136.19
18.788,136.29
18.794,136.34
18.8,136.39
18.806,136.44
18.811,136.49
18.817,136.54
18.822,136.59
18.828,136.69
18.835,136.74
18.841,136.79
18.846,136.84
18.852,136.89
18.857,136.94
18.863,137.04
18.87,137.09
18.875,137.14
18.881,137.19
18.886,137.24
18.892,137.29
18.897,137.34
18.903,137.44
18.909,137.49
18.915,137.54
18.921,137.59
18.926,137.64
18.932,137.69
18.937,137.74
18.944,137.84
18.95,137.89
18.955,137.94
18.961,137.99
18.966,138.04
18.972,138.09
18.977,138.14
18.984,138.24
18.99,138.29
18.995,138.34
19.001,138.39
19.006,138.44
19.012,138.49
19.017,138.54
19.024,138.64
19.03,138.69
19.035,138.74
19.041,138.79
19.046,138.84
19.052,138.89
19.057,138.94
19.063,139.04
19.069,139.09
19.075,139.14
19.08,139.19
19.086,139.24
19.091,139.29
19.097,139.34
19.102,139.39
19.108,139.49
19.114,139.54
19.12,139.59
19.126,139.64
19.131,139.69
19.137,139.74
19.142,139.79
19.148,139.89
19.154,139.94
19.16,139.99
19.166,140.04
19.171,140.09
19.177,140.14
19.182,140.19
19.188,140.29
19.194,140.34
19.2,140.39
19.206,140.44
19.211,140.49
19.217,140.54
19.222,140.59
19.228,140.69
19.234,140.74
19.24,140.79
19.246,140.84
19.251,140.89
19.257,140.94
19.262,140.99
19.268,141.09
19.274,141.14
19.28,141.19
19.286,141.24
19.291,141.29
19.297,141.34
19.302,141.39
19.308,141.49
19.314,141.54
19.32,141.59
19.326,141.64
19.331,141.69
19.337,141.74
19.342,141.79
19.348,141.89
19.354,141.94
19.36,141.99
19.366,142.04
19.371,142.09
19.377,142.14
19.382,142.19
19.388,142.29
19.394,142.34
19.4,142.39
19.406,142.44
19.411,142.49
19.417,142.54
19.422,142.59
19.428,142.69
19.434,142.74
19.442,142.79
19.448,142.89
19.454,142.94
19.46,142.99
19.465,143.04
19.471,143.09
19.476,143.14
19.482,143.19
19.488,143.24
19.494,143.34
19.499,143.39
19.505,143.44
19.51,143.49
19.516,143.54
19.521,143.59
19.527,143.64
19.532,143.69
19.539,143.79
19.544,143.84
19.55,143.89
19.555,143.94
19.561,143.99
19.566,144.04
19.572,144.09
19.577,144.14
19.583,144.24
19.589,144.29
19.595,144.34
19.601,144.39
19.606,144.44
19.612,144.49
19.617,144.54
19.623,144.64
19.629,144.69
19.635,144.74
19.64,144.79
19.646,144.84
19.651,144.89
19.657,144.94
19.662,144.99
19.668,145.09
19.674,145.14
19.68,145.19
19.686,145.24
19.691,145.29
19.697,145.34
19.702,145.39
19.708,145.49
19.714,145.54
19.72,145.59
19.726,145.64
19.731,145.69
19.737,145.74
19.742,145.79
19.748,145.89
19.754,145.94
19.76,145.99
19.766,146.04
19.771,146.09
19.777,146.14
19.782,146.19
19.789,146.29
19.795,146.34
19.801,146.39
19.806,146.44
19.812,146.49
19.817,146.54
19.824,146.64
19.83,146.69
19.835,146.74
19.841,146.79
19.846,146.84
19.852,146.89
19.857,146.94
19.864,147.04
19.869,147.09
19.875,147.14
19.881,147.19
19.886,147.24
19.892,147.29
19.897,147.34
19.904,147.44
19.909,147.49
19.915,147.54
19.921,147.59
19.926,147.64
19.932,147.69
19.937,147.74
19.944,147.84
19.95,147.89
19.955,147.94
19.961,147.99
19.966,148.04
19.972,148.09
19.977,148.14
19.984,148.24
19.99,148.29
19.995,148.34
20.001,148.39
20.006,148.44
20.012,148.49
20.018,148.54
20.024,148.64
20.029,148.69
20.035,148.74
20.041,148.79
20.047,148.84
20.052,148.89
20.057,148.94
20.063,149.04
20.07,149.09
20.075,149.14
20.081,149.19
20.087,149.24
20.092,149.29
20.099,149.39
20.105,149.44
20.11,149.49
20.116,149.54
20.122,149.59
20.127,149.64
20.133,149.74
20.139,149.79
20.145,149.84
20.151,149.89
20.156,149.94
20.162,149.99
20.169,150.09
20.174,150.14
20.18,150.19
20.186,150.24
20.191,150.29
20.197,150.34
20.202,150.39
20.208,150.49
20.214,150.54
20.22,150.59
20.226,150.64
20.232,150.69
20.237,150.79
20.244,150.84
20.25,150.89
20.256,150.94
20.261,150.99
20.267,151.04
20.274,151.14
20.279,151.19
20.285,151.24
20.29,151.29
20.296,151.34
20.301,151.39
20.307,151.44
20.313,151.54
20.319,151.59
20.325,151.64
20.33,151.69
20.336,151.74
20.341,151.79
20.347,151.84
20.353,151.89
20.359,151.99
20.364,152.04
20.37,152.09
20.376,152.14
20.381,152.19
20.387,152.24
20.393,152.29
20.399,152.39
20.405,152.44
20.41,152.49
20.416,152.54
20.422,152.59
20.427,152.64
20.433,152.74
20.439,152.79
20.445,152.84
20.45,152.89
20.456,152.94
20.461,152.99
20.467,153.04
20.473,153.14
20.479,153.19
20.485,153.24
20.49,153.29
20.496,153.34
20.502,153.39
20.507,153.44
20.513,153.49
20.519,153.59
20.525,153.64
20.53,153.69
20.536,153.74
20.541,153.79
20.547,153.84
20.553,153.89
20.559,153.99
20.564,154.04
20.57,154.09
20.575,154.14
20.581,154.19
20.586,154.24
20.592,154.29
20.599,154.39
20.604,154.44
20.61,154.49
20.616,154.54
20.621,154.59
20.627,154.64
20.633,154.69
20.639,154.79
20.645,154.84
20.65,154.89
20.656,154.94
20.661,154.99
20.667,155.04
20.672,155.09
20.678,155.19
20.684,155.24
20.69,155.29
20.696,155.34
20.701,155.39
20.707,155.44
20.713,155.49
20.719,155.59
20.724,155.64
20.73,155.69
20.735,155.74
20.741,155.79
20.746,155.84
20.752,155.89
20.757,155.94
20.764,156.04
20.769,156.09
20.775,156.14
20.781,156.19
20.786,156.24
20.792,156.29
20.797,156.34
20.804,156.44
20.809,156.49
20.815,156.54
20.82,156.59
20.826,156.64
20.831,156.69
20.837,156.74
20.842,156.79
20.848,156.89
20.854,156.94
20.86,156.99
20.865,157.04
20.871,157.09
20.877,157.14
20.882,157.19
20.888,157.29
20.894,157.34
20.9,157.39
20.905,157.44
20.911,157.49
20.916,157.54
20.922,157.59
20.927,157.64
20.933,157.74
20.939,157.79
20.945,157.84
20.95,157.89
20.956,157.94
20.962,157.99
20.967,158.04
20.973,158.14
20.979,158.19
20.985,158.24
20.991,158.29
20.996,158.34
21.002,158.39
21.007,158.44
21.013,158.54
21.019,158.59
21.025,158.64
21.031,158.69
21.036,158.74
21.042,158.79
21.048,158.89
21.054,158.94
21.06,158.99
21.066,159.04
21.071,159.09
21.077,159.14
21.082,159.19
21.088,159.28
21.094,159.33
21.1,159.37
21.106,159.42
21.112,159.46
21.117,159.54
21.124,159.57
21.13,159.6
21.135,159.63
21.141,159.66
21.146,159.68
21.152,159.7
21.158,159.71
21.164,159.73
21.17,159.73
21.175,159.72
21.181,159.71
21.186,159.7
21.192,159.69
21.198,159.64
21.204,159.61
21.21,159.58
21.215,159.55
21.221,159.51
21.227,159.47
21.232,159.43
21.238,159.35
21.245,159.3
21.251,159.25
21.256,159.21
21.262,159.16
21.267,159.11
21.273,159.01
21.279,158.96
21.285,158.91
21.29,158.86
21.296,158.81
21.301,158.76
21.307,158.71
21.313,158.66
21.319,158.56
21.325,158.51
21.33,158.46
21.336,158.41
21.341,158.36
21.347,158.31
21.353,158.21
21.359,158.16
21.365,158.11
21.37,158.06
21.376,158.01
21.382,157.96
21.387,157.91
21.393,157.86
21.399,157.76
21.405,157.71
21.41,157.66
21.416,157.61
21.421,157.56
21.427,157.51
21.433,157.46
21.439,157.36
21.444,157.31
21.45,157.26
21.455,157.21
21.461,157.16
21.466,157.11
21.472,157.06
21.477,157.01
21.485,156.91
21.491,156.86
21.497,156.81
21.502,156.76
21.508,156.66
21.515,156.61
21.521,156.56
21.526,156.51
21.532,156.46
21.537,156.41
21.543,156.31
21.549,156.26
21.555,156.21
21.56,156.16
21.566,156.11
21.571,156.06
21.577,156.01
21.582,155.96
21.588,155.86
21.594,155.81
21.6,155.76
21.606,155.71
21.611,155.66
21.617,155.61
21.622,155.56
21.628,155.46
21.634,155.41
21.64,155.36
21.646,155.31
21.651,155.26
21.657,155.21
21.662,155.16
21.668,155.11
21.674,155.01
21.679,154.96
21.685,154.91
21.69,154.86
21.696,154.81
21.701,154.76
21.707,154.71
21.713,154.66
21.719,154.56
21.724,154.51
21.73,154.46
21.736,154.41
21.741,154.36
21.747,154.31
21.753,154.26
21.759,154.16
21.764,154.11
21.77,154.06
21.775,154.01
21.781,153.96
21.786,153.91
21.792,153.86
21.797,153.81
21.804,153.71
21.809,153.66
21.815,153.61
21.821,153.56
21.826,153.51
21.832,153.46
21.837,153.41
21.844,153.31
21.849,153.26
21.855,153.21
21.86,153.16
21.866,153.11
21.871,153.06
21.877,153.01
21.882,152.96
21.888,152.86
21.894,152.81
21.9,152.76
21.905,152.71
21.911,152.66
21.917,152.61
21.922,152.56
21.928,152.51
21.934,152.41
21.94,152.36
21.945,152.31
21.951,152.26
21.956,152.21
21.962,152.16
21.968,152.11
21.974,152.01
21.979