time,value
1.4e-05,10
0.00579,10
0.011236,10
0.018679,10
0.024252,10
0.029839,10
0.035252,10
0.041161,10
0.046773,10
0.053738,10
0.059272,10
0.064843,10
0.070263,10
0.07607,10
0.083193,10
0.088833,10
0.094249,10
0.10002,10
0.10561,10
0.111,10
0.11646,10
0.1221,10
0.12851,10
0.1339,10
0.13945,10
0.14485,10
0.15025,10
0.15593,10
0.16132,10
0.16688,10
0.1736,10
0.17903,10
0.18473,10
0.19013,10
0.19563,10
0.20102,10
0.20648,10
0.21187,10
0.21808,10
0.22351,10
0.22894,10
0.23484,10
0.24024,10
0.24589,10
0.25129,10
0.257,10
0.26346,10
0.26887,10
0.27431,10
0.27985,10
0.28557,10
0.29108,10
0.29651,10
0.30186,10
0.30808,10
0.3135,10
0.31891,10
0.32447,10
0.32987,10
0.33526,10
0.34083,10
0.34623,10
0.35185,10
0.35831,10
0.36392,10
0.3699,10
0.3753,10
0.38091,10
0.38632,10
0.39193,10
0.39853,10
0.40397,10
0.4095,10
0.41488,10
0.42029,10
0.42589,10
0.4313,10
0.43683,10
0.44315,10
0.44879,10
0.45419,10
0.45978,10
0.46519,10
0.47079,10
0.47619,10
0.48205,10
0.48874,10
0.49415,10
0.49973,10
0.50513,10
0.51073,10
0.51613,10
0.52179,10
0.52813,10
0.53371,10
0.53915,10
0.54481,10
0.55023,10
0.5559,10
0.5613,10
0.56683,10
0.57359,10
0.57903,10
0.58474,10
0.59014,10
0.59571,10
0.6011,10
0.60652,10
0.61191,10
0.61814,10
0.62377,10
0.62921,10
0.63498,10
0.64048,10
0.64588,10
0.65128,10
0.657,10
0.66348,10
0.66889,10
0.67433,10
0.67986,10
0.6856,10
0.69115,10
0.69678,10
0.70317,10
0.7088,10
0.71433,10
0.71984,10
0.72564,10
0.73122,10
0.73701,10
0.74385,10
0.74957,10
0.75515,10
0.76081,10
0.76625,10
0.77179,10
0.77721,10
0.78387,10
0.78959,10
0.79516,10
0.80084,10
0.80627,10
0.81186,10
0.81823,10
0.8239,10
0.82969,10
0.83509,10
0.84051,10
0.84604,10
0.85145,10
0.85702,10
0.86348,10
0.86888,10
0.87432,10
0.87984,10
0.88564,10
0.89105,10
0.89646,10
0.90185,10
0.90815,10
0.91409,10
0.91975,10
0.92516,10
0.93106,10
0.93648,10
0.94187,10
0.94818,10
0.95382,10
0.95923,10
0.96495,10
0.97054,10
0.97596,10
0.98171,10
0.98711,10
0.99396,10
0.99952,10
1.0056,10
1.011,10
1.0165,10
1.0219,10
1.0282,10
1.0338,10
1.0392,10
1.0449,10
1.0503,10
1.056,10
1.0617,10
1.0671,10
1.074,10
1.0797,10
1.0851,10
1.091,10
1.0965,10
1.1019,10
1.1082,10
1.1138,10
1.1192,10
1.1249,10
1.1303,10
1.1359,10
1.1417,10
1.1471,10
1.1539,10
1.1593,10
1.165,10
1.1704,10
1.1759,10
1.1816,10
1.1871,10
1.1938,10
1.1992,10
1.2048,10
1.2102,10
1.2159,10
1.2216,10
1.2271,10
1.234,10
1.2397,10
1.2451,10
1.2511,10
1.2565,10
1.2619,10
1.2682,10
1.2738,10
1.2792,10
1.2849,10
1.2903,10
1.2959,10
1.3016,10
1.3071,10
1.314,10
1.3195,10
1.325,10
1.3305,10
1.3359,10
1.3416,10
1.3471,10
1.3535,10
1.3589,10
1.3643,10
1.3698,10
1.3752,10
1.3808,10
1.3862,10
1.3919,10
1.3985,10
1.404,10
1.4099,10
1.4153,10
1.4207,10
1.4261,10
1.4317,10
1.4372,10
1.4439,10
1.4495,10
1.4549,10
1.4603,10
1.4659,10
1.4713,10
1.4768,10
1.4822,10
1.4888,10
1.4942,10
1.4999,10
1.5053,10
1.511,10
1.5168,10
1.5222,10
1.5288,10
1.5342,10
1.5399,10
1.5453,10
1.5511,10
1.5567,10
1.5622,10
1.5689,10
1.5745,10
1.5801,10
1.5861,10
1.5917,10
1.5985,10
1.604,10
1.6096,10
1.6149,10
1.6205,10
1.6261,10
1.6315,10
1.6369,10
1.6423,10
1.6488,10
1.6542,10
1.6599,10
1.6655,10
1.671,10
1.6768,10
1.6822,10
1.6888,10
1.6942,10
1.6998,10
1.7052,10
1.7109,10
1.7163,10
1.722,10
1.7282,10
1.7338,10
1.7392,10
1.7448,10
1.7503,10
1.7558,10
1.7612,10
1.7668,10
1.7722,10
1.7791,10
1.7848,10
1.7902,10
1.7957,10
1.8011,10
1.8067,10
1.8136,10
1.8191,10
1.8247,10
1.8301,10
1.8356,10
1.841,10
1.8465,10
1.852,10
1.8582,10
1.8638,10
1.8692,10
1.8751,10
1.8805,10
1.886,10
1.8915,10
1.897,10
1.9032,10
1.9088,10
1.9142,10
1.9198,10
1.9252,10
1.931,10
1.9364,10
1.9418,10
1.9472,10
1.954,10
1.9597,10
1.9651,10
1.9709,10
1.9763,10
1.9818,10
1.9872,10
1.9938,10
1.9992,10
2.0049,10
2.0103,10
2.0159,10
2.0217,10
2.0272,10
2.0341,10
2.0397,10
2.0451,10
2.0509,10
2.0562,10
2.0618,10
2.0672,10
2.0741,10
2.0797,10
2.0851,10
2.091,10
2.0964,10
2.1019,10
2.1072,10
2.114,10
2.1197,10
2.1251,10
2.1309,10
2.1363,10
2.1418,10
2.1471,10
2.1538,10
2.1592,10
2.1648,10
2.1702,10
2.1759,10
2.1815,10
2.1871,10
2.1938,10
2.1993,10
2.2049,10
2.2105,10
2.2159,10
2.2216,10
2.2272,10
2.2338,10
2.2392,10
2.2449,10
2.2503,10
2.2559,10
2.2617,10
2.2671,10
2.2739,10
2.2793,10
2.285,10
2.2906,10
2.2959,10
2.3015,10
2.3071,10
2.3135,10
2.3189,10
2.3246,10
2.33,10
2.3354,10
2.3409,10
2.3463,10
2.3522,10
2.3589,10
2.3647,10
2.3701,10
2.3758,10
2.3817,10
2.3872,10
2.3939,10
2.3995,10
2.405,10
2.411,10
2.4165,10
2.4219,10
2.4286,10
2.4341,10
2.4396,10
2.445,10
2.4505,10
2.4559,10
2.4615,10
2.4671,10
2.4732,10
2.4788,10
2.4842,10
2.4898,10
2.4952,10
2.5008,10
2.5062,10
2.5118,10
2.5185,10
2.5239,10
2.5293,10
2.5349,10
2.5407,10
2.5461,10
2.5517,10
2.5572,10
2.5639,10
2.5693,10
2.5749,10
2.5807,10
2.5861,10
2.5915,10
2.5969,10
2.6022,10
2.6088,10
2.6142,10
2.6199,10
2.6253,10
2.6309,10
2.6368,10
2.6422,10
2.6488,10
2.6542,10
2.6598,10
2.6652,10
2.6709,10
2.6763,10
2.6819,10
2.6873,10
2.6939,10
2.6993,10
2.7048,10
2.7102,10
2.7158,10
2.7212,10
2.7268,10
2.7322,10
2.7391,10
2.7445,10
2.75,10
2.7555,10
2.7609,10
2.7665,10
2.7719,10
2.7773,10
2.7838,10
2.7892,10
2.795,10
2.8005,10
2.8059,10
2.8113,10
2.8171,10
2.8232,10
2.8288,10
2.8342,10
2.8398,10
2.8452,10
2.8511,10
2.8567,10
2.8621,10
2.8685,10
2.8739,10
2.8793,10
2.8849,10
2.8905,10
2.896,10
2.9018,10
2.9072,10
2.9139,10
2.9195,10
2.925,10
2.9304,10
2.9359,10
2.9415,10
2.9471,10
2.9532,10
2.9588,10
2.9642,10
2.9699,10
2.9753,10
2.9808,10
2.9862,10
2.9918,10
2.9985,10
3.0039,-10
3.0093,-10
3.0149,-10
3.0208,-10
3.0262,-10
3.0318,-10
3.0385,-10
3.0439,-10
3.0495,-10
3.055,-10
3.0604,-10
3.0669,-10
3.0742,-10
3.0799,-10
3.0855,-10
3.0911,-10
3.0967,-10
3.1021,-10
3.1082,-10
3.1138,-10
3.1192,-10
3.1249,-10
3.1303,-10
3.1358,-10
3.1411,-10
3.147,-10
3.1535,-10
3.159,-10
3.1647,-10
3.1701,-10
3.1759,-10
3.1817,-10
3.1872,-10
3.1939,-10
3.1993,-10
3.205,-10
3.2109,-10
3.2163,-10
3.222,-10
3.2286,-10
3.2341,-10
3.2397,-10
3.2456,-10
3.2512,-10
3.257,-10
3.2635,-10
3.269,-10
3.2744,-10
3.28,-10
3.2857,-10
3.2912,-10
3.2969,-10
3.3023,-10
3.3089,-10
3.3145,-10
3.32,-10
3.3257,-10
3.3312,-10
3.3369,-10
3.3433,-10
3.3489,-10
3.3543,-10
3.3599,-10
3.3657,-10
3.3711,-10
3.3765,-10
3.3819,-10
3.3873,-10
3.394,-10
3.3997,-10
3.4052,-10
3.4109,-10
3.4165,-10
3.4218,-10
3.4272,-10
3.4338,-10
3.4392,-10
3.4449,-10
3.4503,-10
3.456,-10
3.4617,-10
3.4672,-10
3.474,-10
3.4797,-10
3.4851,-10
3.491,-10
3.4964,-10
3.5018,-10
3.5072,-10
3.5139,-10
3.5193,-10
3.5249,-10
3.5305,-10
3.536,-10
3.5416,-10
3.5472,-10
3.5539,-10
3.5595,-10
3.565,-10
3.5704,-10
3.5759,-10
3.5815,-10
3.5871,-10
3.5935,-10
3.5989,-10
3.6046,-10
3.61,-10
3.6154,-10
3.6208,-10
3.6262,-10
3.6318,-10
3.6385,-10
3.6439,-10
3.6493,-10
3.6549,-10
3.6608,-10
3.6662,-10
3.6718,-10
3.6785,-10
3.6839,-10
3.6893,-10
3.6949,-10
3.7003,-10
3.7058,-10
3.7112,-10
3.7168,-10
3.7222,-10
3.7288,-10
3.7342,-10
3.7398,-10
3.7452,-10
3.7508,-10
3.7562,-10
3.7622,-10
3.7688,-10
3.7742,-10
3.7798,-10
3.7852,-10
3.7909,-10
3.7963,-10
3.8019,-10
3.8073,-10
3.8138,-10
3.8192,-10
3.8249,-10
3.8303,-10
3.8358,-10
3.8412,-10
3.8468,-10
3.8522,-10
3.8591,-10
3.8646,-10
3.87,-10
3.8754,-10
3.881,-10
3.8864,-10
3.8919,-10
3.8973,-10
3.9038,-10
3.9092,-10
3.915,-10
3.9205,-10
3.926,-10
3.9315,-10
3.9369,-10
3.9433,-10
3.9489,-10
3.9543,-10
3.9599,-10
3.9658,-10
3.9712,-10
3.9768,-10
3.9833,-10
3.9888,-10
3.9942,-10
3.9999,-10
4.0056,-10
4.0111,-10
4.0167,-10
4.0221,-10
4.0286,-10
4.0341,-10
4.0398,-10
4.0452,-10
4.0509,-10
4.0564,-10
4.0619,-10
4.0673,-10
4.0739,-10
4.0805,-10
4.0861,-10
4.0917,-10
4.0973,-10
4.1039,-10
4.1097,-10
4.1153,-10
4.1209,-10
4.1265,-10
4.1319,-10
4.1383,-10
4.1439,-10
4.1496,-10
4.155,-10
4.1604,-10
4.166,-10
4.1715,-10
4.1769,-10
4.1833,-10
4.1889,-10
4.1943,-10
4.1999,-10
4.2055,-10
4.2111,-10
4.2167,-10
4.2222,-10
4.2288,-10
4.2342,-10
4.2399,-10
4.2457,-10
4.2511,-10
4.2565,-10
4.2619,-10
4.2673,-10
4.274,-10
4.2797,-10
4.2851,-10
4.2908,-10
4.2962,-10
4.3018,-10
4.3072,-10
4.3138,-10
4.3192,-10
4.3249,-10
4.3303,-10
4.336,-10
4.3417,-10
4.3471,-10
4.3539,-10
4.3593,-10
4.3649,-10
4.3705,-10
4.376,-10
4.3816,-10
4.3872,-10
4.3938,-10
4.3992,-10
4.4049,-10
4.4103,-10
4.416,-10
4.4217,-10
4.4271,-10
4.4339,-10
4.4393,-10
4.4449,-10
4.4505,-10
4.456,-10
4.4616,-10
4.4672,-10
4.4738,-10
4.4792,-10
4.4849,-10
4.4903,-10
4.4959,-10
4.5017,-10
4.5071,-10
4.5139,-10
4.5194,-10
4.525,-10
4.5305,-10
4.536,-10
4.5416,-10
4.5472,-10
4.5538,-10
4.5592,-10
4.5649,-10
4.5703,-10
4.576,-10
4.5817,-10
4.5871,-10
4.5939,-10
4.5993,-10
4.6049,-10
4.6103,-10
4.616,-10
4.6216,-10
4.6271,-10
4.6339,-10
4.6393,-10
4.6449,-10
4.6505,-10
4.656,-10
4.6617,-10
4.6672,-10
4.6741,-10
4.6798,-10
4.6852,-10
4.6911,-10
4.6967,-10
4.702,-10
4.7074,-10
4.7139,-10
4.7193,-10
4.7249,-10
4.7304,-10
4.736,-10
4.7416,-10
4.7472,-10
4.7539,-10
4.7594,-10
4.765,-10
4.7704,-10
4.776,-10
4.7816,-10
4.7871,-10
4.7937,-10
4.7991,-10
4.8048,-10
4.8102,-10
4.8158,-10
4.8217,-10
4.8271,-10
4.834,-10
4.8394,-10
4.845,-10
4.8505,-10
4.8559,-10
4.8617,-10
4.8672,-10
4.8739,-10
4.8795,-10
4.885,-10
4.8911,-10
4.8967,-10
4.902,-10
4.9075,-10
4.9141,-10
4.9198,-10
4.9253,-10
4.9312,-10
4.9369,-10
4.9423,-10
4.9489,-10
4.9545,-10
4.96,-10
4.9657,-10
4.9711,-10
4.9768,-10
4.9823,-10
4.9889,-10
4.9943,-10
4.9999,-10
5.0056,-10
5.0111,-10
5.0168,-10
5.0223,-10
5.0289,-10
5.0343,-10
5.0399,-10
5.0456,-10
5.0511,-10
5.0567,-10
5.0621,-10
5.0687,-10
5.0741,-10
5.0797,-10
5.0851,-10
5.0911,-10
5.0965,-10
5.1018,-10
5.1072,-10
5.1138,-10
5.1192,-10
5.1249,-10
5.1304,-10
5.136,-10
5.1416,-10
5.1472,-10
5.1541,-10
5.1597,-10
5.1651,-10
5.171,-10
5.1765,-10
5.1819,-10
5.1873,-10
5.1939,-10
5.1993,-10
5.2049,-10
5.2105,-10
5.216,-10
5.2216,-10
5.2272,-10
5.2341,-10
5.2397,-10
5.2451,-10
5.2508,-10
5.2562,-10
5.2617,-10
5.2673,-10
5.2738,-10
5.2793,-10
5.2849,-10
5.2905,-10
5.296,-10
5.3016,-10
5.3072,-10
5.3141,-10
5.3198,-10
5.3252,-10
5.3311,-10
5.3367,-10
5.342,-10
5.3475,-10
5.3539,-10
5.3593,-10
5.3649,-10
5.3705,-10
5.376,-10
5.3817,-10
5.3872,-10
5.3941,-10
5.3997,-10
5.4051,-10
5.4109,-10
5.4163,-10
5.4218,-10
5.4275,-10
5.4339,-10
5.4393,-10
5.445,-10
5.4504,-10
5.456,-10
5.4617,-10
5.4671,-10
5.474,-10
5.4795,-10
5.485,-10
5.4904,-10
5.496,-10
5.5016,-10
5.5072,-10
5.5138,-10
5.5192,-10
5.5249,-10
5.5303,-10
5.536,-10
5.5417,-10
5.5471,-10
5.5539,-10
5.5593,-10
5.5649,-10
5.5705,-10
5.576,-10
5.5816,-10
5.5872,-10
5.5938,-10
5.5992,-10
5.6049,-10
5.6103,-10
5.6158,-10
5.6217,-10
5.6271,-10
5.6339,-10
5.6394,-10
5.645,-10
5.6504,-10
5.656,-10
5.6617,-10
5.667,-10
5.6736,-10
5.679,-10
5.6845,-10
5.69,-10
5.6955,-10
5.7009,-10
5.7063,-10
5.7119,-10
5.7186,-10
5.724,-10
5.7295,-10
5.735,-10
5.7408,-10
5.7463,-10
5.7519,-10
5.7586,-10
5.764,-10
5.7695,-10
5.775,-10
5.7805,-10
5.7859,-10
5.7915,-10
5.7969,-10
5.8037,-10
5.8092,-10
5.815,-10
5.8207,-10
5.8263,-10
5.832,-10
5.8386,-10
5.844,-10
5.8495,-10
5.8551,-10
5.8608,-10
5.8662,-10
5.8719,-10
5.8786,-10
5.8841,-10
5.8901,-10
5.8958,-10
5.9016,-10
5.9071,-10
5.914,-10
5.9195,-10
5.925,-10
5.9309,-10
5.9363,-10
5.9419,-10
5.9474,-10
5.9542,-10
5.9601,-10
5.9657,-10
5.9712,-10
5.9769,-10
5.9823,-10
5.989,-10
5.9949,-10
6.0005,-10
6.0059,10
6.0115,10
6.0169,10
6.0225,10
6.0289,10
6.0345,10
6.04,10
6.0457,10
6.0513,10
6.059,10
6.0645,10
6.07,10
6.0754,10
6.081,10
6.0864,10
6.0918,10
6.0972,10
6.1038,10
6.1092,10
6.1151,10
6.1207,10
6.126,10
6.1315,10
6.1369,10
6.1425,10
6.1489,10
6.1543,10
6.1599,10
6.1655,10
6.1711,10
6.1767,10
6.1821,10
6.1887,10
6.1941,10
6.1997,10
6.2051,10
6.2108,10
6.2169,10
6.2224,10
6.2288,10
6.2342,10
6.2399,10
6.2455,10
6.2511,10
6.2567,10
6.2621,10
6.2675,10
6.2741,10
6.2797,10
6.2851,10
6.2909,10
6.2962,10
6.3019,10
6.3073,10
6.3138,10
6.3192,10
6.3249,10
6.3305,10
6.336,10
6.3416,10
6.3472,10
6.354,10
6.3594,10
6.365,10
6.3704,10
6.3758,10
6.3816,10
6.3871,10
6.3937,10
6.3991,10
6.4045,10
6.41,10
6.4155,10
6.4208,10
6.4262,10
6.4318,10
6.4372,10
6.4439,10
6.4493,10
6.4549,10
6.4608,10
6.4662,10
6.4718,10
6.4775,10
6.4839,10
6.4894,10
6.4949,10
6.5005,10
6.506,10
6.5114,10
6.5169,10
6.5223,10
6.5288,10
6.5342,10
6.5398,10
6.5452,10
6.5508,10
6.5562,10
6.5622,10
6.5688,10
6.5742,10
6.5798,10
6.5851,10
6.5907,10
6.5963,10
6.6019,10
6.6074,10
6.6138,10
6.6192,10
6.6249,10
6.6303,10
6.6358,10
6.6412,10
6.6468,10
6.6538,10
6.6592,10
6.6648,10
6.6702,10
6.6758,10
6.6812,10
6.6868,10
6.6923,10
6.6991,10
6.7047,10
6.7101,10
6.7157,10
6.7211,10
6.7267,10
6.7322,10
6.7391,10
6.7447,10
6.7501,10
6.7555,10
6.761,10
6.7665,10
6.772,10
6.7775,10
6.7839,10
6.7897,10
6.7952,10
6.8008,10
6.8065,10
6.8119,10
6.819,10
6.8245,10
6.83,10
6.8354,10
6.8409,10
6.8465,10
6.8519,10
6.8575,10
6.8639,10
6.8697,10
6.8751,10
6.8807,10
6.8861,10
6.8917,10
6.8972,10
6.9038,10
6.9092,10
6.9152,10
6.9208,10
6.9262,10
6.9318,10
6.9372,10
6.9438,10
6.9492,10
6.9551,10
6.9605,10
6.966,10
6.9715,10
6.9769,10
6.9824,10
6.9888,10
6.9942,10
6.9999,10
7.0055,10
7.0111,10
7.0167,10
7.0221,10
7.0286,10
7.034,10
7.0395,10
7.045,10
7.0505,10
7.0559,10
7.0616,10
7.0672,10
7.074,10
7.0794,10
7.085,10
7.0904,10
7.096,10
7.1016,10
7.107,10
7.1124,10
7.1188,10
7.1242,10
7.1299,10
7.1353,10
7.1408,10
7.1462,10
7.1551,10
7.1605,10
7.1659,10
7.1714,10
7.1769,10
7.1824,10
7.1888,10
7.1943,10
7.1999,10
7.2056,10
7.2111,10
7.2167,10
7.2221,10
7.2288,10
7.2342,10
7.2399,10
7.2453,10
7.2511,10
7.2567,10
7.2621,10
7.2686,10
7.274,10
7.2794,10
7.2849,10
7.2904,10
7.2959,10
7.3017,10
7.3072,10
7.314,10
7.3194,10
7.325,10
7.3304,10
7.3359,10
7.3416,10
7.3471,10
7.3537,10
7.3591,10
7.3645,10
7.37,10
7.3754,10
7.3808,10
7.3862,10
7.3918,10
7.3972,10
7.4039,10
7.4093,10
7.415,10
7.4208,10
7.4262,10
7.4318,10
7.4375,10
7.444,10
7.4494,10
7.455,10
7.4604,10
7.4658,10
7.4712,10
7.4768,10
7.4822,10
7.4888,10
7.4942,10
7.4998,10
7.5052,10
7.5108,10
7.5162,10
7.5222,10
7.5288,10
7.5342,10
7.5398,10
7.5452,10
7.5508,10
7.5562,10
7.5618,10
7.5673,10
7.5742,10
7.5798,10
7.5852,10
7.5909,10
7.5967,10
7.6021,10
7.6088,10
7.6142,10
7.6198,10
7.6252,10
7.6309,10
7.6365,10
7.6419,10
7.6475,10
7.654,10
7.6594,10
7.6648,10
7.6703,10
7.6758,10
7.6812,10
7.6868,10
7.6937,10
7.6991,10
7.7048,10
7.7102,10
7.7158,10
7.7212,10
7.7268,10
7.7323,10
7.7391,10
7.7447,10
7.7501,10
7.7557,10
7.7611,10
7.7667,10
7.7722,10
7.7791,10
7.7848,10
7.7902,10
7.7958,10
7.8012,10
7.8068,10
7.8125,10
7.8191,10
7.8245,10
7.83,10
7.8354,10
7.8408,10
7.8462,10
7.8519,10
7.8573,10
7.8638,10
7.8692,10
7.8752,10
7.8808,10
7.8862,10
7.8918,10
7.8973,10
7.9038,10
7.9092,10
7.9151,10
7.9205,10
7.926,10
7.9314,10
7.9369,10
7.9424,10
7.9488,10
7.9543,10
7.9597,10
7.9651,10
7.9709,10
7.9763,10
7.9818,10
7.9874,10
7.9939,10
7.9993,10
8.0049,10
8.0104,10
8.0159,10
8.0215,10
8.0271,10
8.0339,10
8.0395,10
8.045,10
8.0505,10
8.0559,10
8.0617,10
8.0672,10
8.0738,10
8.0792,10
8.0849,10
8.0903,10
8.0959,10
8.1017,10
8.1072,10
8.114,10
8.1194,10
8.1249,10
8.1304,10
8.1359,10
8.1415,10
8.1472,10
8.1538,10
8.1592,10
8.1649,10
8.1703,10
8.1762,10
8.1818,10
8.1874,10
8.2195,10
8.225,10
8.2304,10
8.2359,10
8.2413,10
8.2468,10
8.2538,10
8.2592,10
8.2649,10
8.2703,10
8.2758,10
8.2812,10
8.2868,10
8.2924,10
8.2991,10
8.3047,10
8.3101,10
8.3157,10
8.3212,10
8.3268,10
8.3338,10
8.3392,10
8.3449,10
8.3503,10
8.3559,10
8.3613,10
8.3668,10
8.3722,10
8.3793,10
8.3849,10
8.3904,10
8.3959,10
8.4015,10
8.4069,10
8.414,10
8.4195,10
8.425,10
8.4305,10
8.4359,10
8.4414,10
8.4469,10
8.4525,10
8.4592,10
8.4648,10
8.4703,10
8.4759,10
8.482,10
8.4875,10
8.4939,10
8.4993,10
8.5049,10
8.5104,10
8.5158,10
8.5213,10
8.5268,10
8.5324,10
8.5391,10
8.5447,10
8.5501,10
8.5558,10
8.5612,10
8.5669,10
8.5739,10
8.5793,10
8.585,10
8.5904,10
8.5959,10
8.6013,10
8.6068,10
8.6124,10
8.6191,10
8.6247,10
8.6301,10
8.6357,10
8.6412,10
8.6468,10
8.6538,10
8.6592,10
8.6649,10
8.6703,10
8.6759,10
8.6813,10
8.6868,10
8.6925,10
8.6991,10
8.7047,10
8.7101,10
8.7155,10
8.7209,10
8.7263,10
8.7318,10
8.7373,10
8.7439,10
8.7495,10
8.7552,10
8.7608,10
8.7662,10
8.7718,10
8.7773,10
8.7839,10
8.7895,10
8.7951,10
8.8007,10
8.8062,10
8.8118,10
8.8173,10
8.8239,10
8.8296,10
8.8351,10
8.8407,10
8.8461,10
8.8517,10
8.8572,10
8.8637,10
8.8691,10
8.875,10
8.8804,10
8.8858,10
8.8912,10
8.8968,10
8.9022,10
8.9088,10
8.9142,10
8.9197,10
8.9251,10
8.9309,10
8.9364,10
8.9418,10
8.9475,10
8.9539,10
8.9593,10
8.965,10
8.9704,10
8.9758,10
8.9817,10
8.9872,10
8.9941,10
8.9997,10
9.0051,10
9.011,-10
9.0164,-10
9.0218,-10
9.0275,-10
9.0339,-10
9.0394,-10
9.0449,-10
9.0504,-10
9.0559,-10
9.0616,-10
9.0671,-10
9.0735,-10
9.0789,-10
9.0848,-10
9.0902,-10
9.0958,-10
9.1015,-10
9.107,-10
9.1124,-10
9.1188,-10
9.1242,-10
9.1297,-10
9.1351,-10
9.1408,-10
9.1462,-10
9.1518,-10
9.1572,-10
9.1639,-10
9.1693,-10
9.175,-10
9.1808,-10
9.1862,-10
9.1918,-10
9.1986,-10
9.204,-10
9.2095,-10
9.2152,-10
9.2216,-10
9.2271,-10
9.2337,-10
9.2391,-10
9.2448,-10
9.2503,-10
9.2559,-10
9.2617,-10
9.2671,-10
9.2738,-10
9.2793,-10
9.2849,-10
9.2903,-10
9.2958,-10
9.3015,-10
9.3071,-10
9.3136,-10
9.319,-10
9.3246,-10
9.3301,-10
9.3357,-10
9.3413,-10
9.347,-10
9.3524,-10
9.3589,-10
9.3643,-10
9.3708,-10
9.3763,-10
9.385,-10
9.3925,-10
9.4,-10
9.4057,-10
9.4113,-10
9.4168,-10
9.4224,-10
9.4289,-10
9.4353,-10
9.4409,-10
9.4463,-10
9.4518,-10
9.4574,-10
9.4638,-10
9.4692,-10
9.475,-10
9.4804,-10
9.4858,-10
9.4912,-10
9.4968,-10
9.5022,-10
9.5087,-10
9.5141,-10
9.5198,-10
9.5252,-10
9.531,-10
9.5364,-10
9.5418,-10
9.5474,-10
9.5541,-10
9.5597,-10
9.5651,-10
9.5709,-10
9.5771,-10
9.5836,-10
9.589,-10
9.5944,-10
9.6,-10
9.6055,-10
9.6109,-10
9.6162,-10
9.6218,-10
9.6274,-10
9.6341,-10
9.6397,-10
9.6451,-10
9.6509,-10
9.6563,-10
9.6618,-10
9.6675,-10
9.6739,-10
9.6794,-10
9.685,-10
9.6904,-10
9.6959,-10
9.7017,-10
9.707,-10
9.7124,-10
9.7193,-10
9.7251,-10
9.7309,-10
9.7363,-10
9.7418,-10
9.7474,-10
9.754,-10
9.7595,-10
9.765,-10
9.7705,-10
9.7759,-10
9.7816,-10
9.787,-10
9.7925,-10
9.7989,-10
9.8048,-10
9.8102,-10
9.8158,-10
9.8215,-10
9.827,-10
9.8324,-10
9.8389,-10
9.8444,-10
9.8498,-10
9.8552,-10
9.8608,-10
9.8662,-10
9.8718,-10
9.8785,-10
9.8839,-10
9.8894,-10
9.895,-10
9.9007,-10
9.9062,-10
9.9118,-10
9.9175,-10
9.9239,-10
9.9294,-10
9.9349,-10
9.9404,-10
9.9458,-10
9.9512,-10
9.9568,-10
9.9624,-10
9.9689,-10
9.9743,-10
9.9798,-10
9.9852,-10
9.9908,-10
9.9962,-10
10.002,-10
10.009,-10
10.014,-10
10.02,-10
10.025,-10
10.031,-10
10.036,-10
10.042,-10
10.049,-10
10.054,-10
10.059,-10
10.065,-10
10.07,-10
10.076,-10
10.081,-10
10.087,-10
10.092,-10
10.099,-10
10.105,-10
10.11,-10
10.116,-10
10.121,-10
10.127,-10
10.132,-10
10.139,-10
10.145,-10
10.15,-10
10.156,-10
10.161,-10
10.167,-10
10.174,-10
10.179,-10
10.185,-10
10.19,-10
10.196,-10
10.201,-10
10.207,-10
10.212,-10
10.219,-10
10.225,-10
10.23,-10
10.236,-10
10.241,-10
10.247,-10
10.252,-10
10.259,-10
10.265,-10
10.27,-10
10.276,-10
10.281,-10
10.287,-10
10.292,-10
10.299,-10
10.305,-10
10.31,-10
10.316,-10
10.321,-10
10.327,-10
10.332,-10
10.339,-10
10.345,-10
10.35,-10
10.356,-10
10.361,-10
10.367,-10
10.372,-10
10.379,-10
10.384,-10
10.39,-10
10.395,-10
10.401,-10
10.406,-10
10.412,-10
10.417,-10
10.424,-10
10.429,-10
10.435,-10
10.44,-10
10.446,-10
10.451,-10
10.457,-10
10.462,-10
10.469,-10
10.474,-10
10.48,-10
10.486,-10
10.491,-10
10.497,-10
10.502,-10
10.509,-10
10.514,-10
10.52,-10
10.525,-10
10.531,-10
10.537,-10
10.542,-10
10.549,-10
10.554,-10
10.56,-10
10.565,-10
10.571,-10
10.577,-10
10.582,-10
10.589,-10
10.594,-10
10.6,-10
10.605,-10
10.611,-10
10.616,-10
10.622,-10
10.627,-10
10.634,-10
10.639,-10
10.645,-10
10.65,-10
10.656,-10
10.662,-10
10.667,-10
10.674,-10
10.679,-10
10.685,-10
10.69,-10
10.696,-10
10.702,-10
10.707,-10
10.714,-10
10.719,-10
10.725,-10
10.73,-10
10.736,-10
10.742,-10
10.747,-10
10.754,-10
10.76,-10
10.765,-10
10.771,-10
10.777,-10
10.784,-10
10.789,-10
10.795,-10
10.801,-10
10.806,-10
10.812,-10
10.817,-10
10.824,-10
10.829,-10
10.835,-10
10.84,-10
10.846,-10
10.851,-10
10.857,-10
10.862,-10
10.869,-10
10.874,-10
10.88,-10
10.885,-10
10.891,-10
10.897,-10
10.902,-10
10.909,-10
10.914,-10
10.92,-10
10.925,-10
10.931,-10
10.937,-10
10.942,-10
10.949,-10
10.954,-10
10.959,-10
10.965,-10
10.97,-10
10.976,-10
10.982,-10
10.987,-10
10.994,-10
10.999,-10
11.005,-10
11.01,-10
11.016,-10
11.022,-10
11.027,-10
11.034,-10
11.039,-10
11.044,-10
11.05,-10
11.055,-10
11.061,-10
11.066,-10
11.072,-10
11.077,-10
11.084,-10
11.09,-10
11.096,-10
11.101,-10
11.107,-10
11.112,-10
11.119,-10
11.124,-10
11.13,-10
11.135,-10
11.141,-10
11.146,-10
11.152,-10
11.157,-10
11.164,-10
11.169,-10
11.175,-10
11.18,-10
11.186,-10
11.192,-10
11.198,-10
11.204,-10
11.209,-10
11.215,-10
11.22,-10
11.226,-10
11.231,-10
11.237,-10
11.245,-10
11.251,-10
11.256,-10
11.262,-10
11.267,-10
11.274,-10
11.279,-10
11.285,-10
11.29,-10
11.296,-10
11.302,-10
11.307,-10
11.313,-10
11.319,-10
11.325,-10
11.33,-10
11.336,-10
11.341,-10
11.347,-10
11.352,-10
11.359,-10
11.364,-10
11.37,-10
11.375,-10
11.381,-10
11.386,-10
11.392,-10
11.397,-10
11.404,-10
11.409,-10
11.415,-10
11.421,-10
11.426,-10
11.432,-10
11.437,-10
11.444,-10
11.449,-10
11.455,-10
11.46,-10
11.466,-10
11.471,-10
11.477,-10
11.482,-10
11.489,-10
11.494,-10
11.499,-10
11.505,-10
11.51,-10
11.516,-10
11.522,-10
11.529,-10
11.534,-10
11.54,-10
11.545,-10
11.551,-10
11.557,-10
11.562,-10
11.569,-10
11.574,-10
11.58,-10
11.585,-10
11.591,-10
11.597,-10
11.602,-10
11.608,-10
11.614,-10
11.619,-10
11.625,-10
11.63,-10
11.636,-10
11.641,-10
11.647,-10
11.652,-10
11.659,-10
11.664,-10
11.67,-10
11.675,-10
11.681,-10
11.686,-10
11.692,-10
11.697,-10
11.704,-10
11.709,-10
11.715,-10
11.721,-10
11.726,-10
11.732,-10
11.737,-10
11.744,-10
11.749,-10
11.755,-10
11.76,-10
11.766,-10
11.771,-10
11.777,-10
11.782,-10
11.789,-10
11.794,-10
11.8,-10
11.805,-10
11.811,-10
11.817,-10
11.822,-10
11.829,-10
11.834,-10
11.839,-10
11.845,-10
11.851,-10
11.856,-10
11.862,-10
11.867,-10
11.874,-10
11.88,-10
11.885,-10
11.891,-10
11.896,-10
11.902,-10
11.907,-10
11.914,-10
11.919,-10
11.925,-10
11.93,-10
11.936,-10
11.942,-10
11.947,-10
11.954,-10
11.959,-10
11.965,-10
11.97,-10
11.976,-10
11.982,-10
11.987,-10
11.993,-10
11.999,-10
12.005,-10
12.01,-10
12.016,10
12.022,10
12.027,10
12.033,10
12.039,10
12.045,10
12.05,10
12.056,10
12.061,10
12.067,10
12.072,10
12.079,10
12.084,10
12.09,10
12.095,10
12.101,10
12.106,10
12.112,10
12.118,10
12.124,10
12.129,10
12.135,10
12.141,10
12.146,10
12.152,10
12.157,10
12.164,10
12.169,10
12.175,10
12.18,10
12.187,10
12.193,10
12.199,10
12.205,10
12.21,10
12.216,10
12.221,10
12.227,10
12.234,10
12.24,10
12.245,10
12.251,10
12.256,10
12.262,10
12.267,10
12.274,10
12.279,10
12.285,10
12.29,10
12.296,10
12.302,10
12.307,10
12.314,10
12.319,10
12.325,10
12.33,10
12.336,10
12.342,10
12.347,10
12.354,10
12.36,10
12.366,10
12.371,10
12.377,10
12.382,10
12.389,10
12.394,10
12.4,10
12.406,10
12.411,10
12.417,10
12.422,10
12.429,10
12.435,10
12.44,10
12.446,10
12.451,10
12.457,10
12.462,10
12.469,10
12.474,10
12.48,10
12.486,10
12.491,10
12.497,10
12.502,10
12.509,10
12.515,10
12.521,10
12.526,10
12.532,10
12.539,10
12.544,10
12.55,10
12.555,10
12.561,10
12.566,10
12.572,10
12.579,10
12.585,10
12.59,10
12.596,10
12.602,10
12.607,10
12.612,10
12.619,10
12.624,10
12.63,10
12.635,10
12.641,10
12.646,10
12.652,10
12.657,10
12.664,10
12.669,10
12.675,10
12.681,10
12.686,10
12.692,10
12.697,10
12.704,10
12.709,10
12.715,10
12.72,10
12.726,10
12.731,10
12.737,10
12.742,10
12.749,10
12.754,10
12.76,10
12.766,10
12.771,10
12.777,10
12.782,10
12.789,10
12.794,10
12.8,10
12.805,10
12.811,10
12.817,10
12.822,10
12.829,10
12.834,10
12.84,10
12.845,10
12.851,10
12.857,10
12.862,10
12.869,10
12.874,10
12.88,10
12.885,10
12.891,10
12.897,10
12.902,10
12.909,10
12.914,10
12.92,10
12.925,10
12.931,10
12.937,10
12.942,10
12.949,10
12.954,10
12.96,10
12.965,10
12.971,10
12.976,10
12.982,10
12.987,10
12.994,10
12.999,10
13.005,10
13.01,10
13.016,10
13.021,10
13.027,10
13.034,10
13.039,10
13.045,10
13.05,10
13.056,10
13.062,10
13.067,10
13.073,10
13.079,10
13.085,10
13.09,10
13.096,10
13.102,10
13.107,10
13.114,10
13.119,10
13.125,10
13.13,10
13.136,10
13.141,10
13.147,10
13.153,10
13.159,10
13.165,10
13.17,10
13.176,10
13.181,10
13.187,10
13.194,10
13.199,10
13.205,10
13.21,10
13.216,10
13.222,10
13.227,10
13.233,10
13.239,10
13.245,10
13.25,10
13.256,10
13.261,10
13.267,10
13.274,10
13.279,10
13.285,10
13.29,10
13.299,10
13.305,10
13.311,10
13.316,10
13.322,10
13.327,10
13.334,10
13.339,10
13.345,10
13.35,10
13.356,10
13.362,10
13.367,10
13.374,10
13.379,10
13.385,10
13.39,10
13.396,10
13.402,10
13.407,10
13.414,10
13.42,10
13.425,10
13.431,10
13.437,10
13.444,10
13.449,10
13.455,10
13.46,10
13.466,10
13.472,10
13.477,10
13.484,10
13.49,10
13.496,10
13.501,10
13.507,10
13.514,10
13.519,10
13.525,10
13.53,10
13.536,10
13.542,10
13.547,10
13.554,10
13.559,10
13.565,10
13.57,10
13.576,10
13.582,10
13.587,10
13.594,10
13.599,10
13.605,10
13.611,10
13.617,10
13.622,10
13.629,10
13.635,10
13.64,10
13.646,10
13.651,10
13.657,10
13.662,10
13.669,10
13.674,10
13.68,10
13.686,10
13.691,10
13.697,10
13.702,10
13.709,10
13.715,10
13.72,10
13.726,10
13.732,10
13.737,10
13.744,10
13.75,10
13.755,10
13.761,10
13.767,10
13.772,10
13.779,10
13.785,10
13.79,10
13.796,10
13.802,10
13.807,10
13.814,10
13.819,10
13.825,10
13.83,10
13.836,10
13.841,10
13.847,10
13.854,10
13.859,10
13.865,10
13.87,10
13.876,10
13.881,10
13.887,10
13.892,10
13.899,10
13.904,10
13.91,10
13.915,10
13.921,10
13.926,10
13.932,10
13.937,10
13.944,10
13.949,10
13.955,10
13.96,10
13.966,10
13.971,10
13.977,10
13.982,10
13.989,10
13.994,10
14,10
14.005,10
14.011,10
14.016,10
14.022,10
14.027,10
14.034,10
14.039,10
14.045,10
14.05,10
14.056,10
14.061,10
14.067,10
14.073,10
14.079,10
14.085,10
14.09,10
14.096,10
14.102,10
14.107,10
14.113,10
14.119,10
14.125,10
14.13,10
14.136,10
14.141,10
14.147,10
14.153,10
14.159,10
14.165,10
14.17,10
14.176,10
14.182,10
14.187,10
14.194,10
14.199,10
14.205,10
14.21,10
14.216,10
14.221,10
14.227,10
14.234,10
14.239,10
14.245,10
14.25,10
14.256,10
14.262,10
14.267,10
14.273,10
14.279,10
14.285,10
14.29,10
14.296,10
14.301,10
14.307,10
14.313,10
14.319,10
14.325,10
14.33,10
14.336,10
14.341,10
14.347,10
14.354,10
14.359,10
14.365,10
14.37,10
14.376,10
14.381,10
14.387,10
14.393,10
14.399,10
14.405,10
14.41,10
14.416,10
14.421,10
14.427,10
14.433,10
14.439,10
14.445,10
14.45,10
14.456,10
14.461,10
14.467,10
14.473,10
14.479,10
14.485,10
14.49,10
14.496,10
14.502,10
14.507,10
14.513,10
14.519,10
14.525,10
14.53,10
14.536,10
14.542,10
14.547,10
14.554,10
14.559,10
14.565,10
14.57,10
14.576,10
14.582,10
14.587,10
14.594,10
14.599,10
14.605,10
14.61,10
14.616,10
14.622,10
14.627,10
14.634,10
14.639,10
14.645,10
14.65,10
14.656,10
14.662,10
14.667,10
14.674,10
14.679,10
14.685,10
14.69,10
14.696,10
14.702,10
14.707,10
14.714,10
14.719,10
14.725,10
14.73,10
14.736,10
14.742,10
14.747,10
14.753,10
14.759,10
14.765,10
14.77,10
14.776,10
14.781,10
14.787,10
14.794,10
14.799,10
14.805,10
14.81,10
14.816,10
14.821,10
14.827,10
14.833,10
14.839,10
14.845,10
14.85,10
14.856,10
14.861,10
14.867,10
14.873,10
14.879,10
14.885,10
14.89,10
14.896,10
14.902,10
14.907,10
14.914,10
14.919,10
14.925,10
14.93,10
14.936,10
14.941,10
14.947,10
14.953,10
14.959,10
14.965,10
14.97,10
14.976,10
14.981,10
14.987,10
14.993,10
14.999,10
15.005,10
15.01,10
15.016,-10
15.021,-10
15.027,-10
15.033,-10
15.039,-10
15.045,-10
15.05,-10
15.056,-10
15.061,-10
15.067,-10
15.073,-10
15.079,-10
15.085,-10
15.09,-10
15.096,-10
15.101,-10
15.107,-10
15.113,-10
15.119,-10
15.125,-10
15.13,-10
15.136,-10
15.141,-10
15.147,-10
15.153,-10
15.159,-10
15.165,-10
15.17,-10
15.176,-10
15.182,-10
15.187,-10
15.193,-10
15.199,-10
15.205,-10
15.21,-10
15.216,-10
15.222,-10
15.227,-10
15.233,-10
15.239,-10
15.245,-10
15.25,-10
15.256,-10
15.262,-10
15.267,-10
15.273,-10
15.279,-10
15.285,-10
15.29,-10
15.296,-10
15.301,-10
15.307,-10
15.313,-10
15.319,-10
15.325,-10
15.33,-10
15.336,-10
15.341,-10
15.347,-10
15.354,-10
15.36,-10
15.366,-10
15.371,-10
15.377,-10
15.382,-10
15.388,-10
15.394,-10
15.4,-10
15.406,-10
15.411,-10
15.417,-10
15.422,-10
15.429,-10
15.434,-10
15.44,-10
15.446,-10
15.451,-10
15.457,-10
15.462,-10
15.469,-10
15.474,-10
15.48,-10
15.486,-10
15.491,-10
15.497,-10
15.502,-10
15.509,-10
15.514,-10
15.52,-10
15.526,-10
15.531,-10
15.537,-10
15.542,-10
15.549,-10
15.555,-10
15.56,-10
15.566,-10
15.572,-10
15.577,-10
15.584,-10
15.59,-10
15.595,-10
15.601,-10
15.606,-10
15.612,-10
15.617,-10
15.624,-10
15.63,-10
15.635,-10
15.641,-10
15.646,-10
15.652,-10
15.657,-10
15.664,-10
15.67,-10
15.676,-10
15.682,-10
15.689,-10
15.694,-10
15.7,-10
15.706,-10
15.711,-10
15.717,-10
15.722,-10
15.729,-10
15.734,-10
15.74,-10
15.745,-10
15.751,-10
15.757,-10
15.762,-10
15.769,-10
15.774,-10
15.78,-10
15.785,-10
15.791,-10
15.796,-10
15.802,-10
15.808,-10
15.814,-10
15.82,-10
15.825,-10
15.831,-10
15.836,-10
15.842,-10
15.848,-10
15.854,-10
15.86,-10
15.865,-10
15.871,-10
15.876,-10
15.882,-10
15.887,-10
15.894,-10
15.899,-10
15.905,-10
15.91,-10
15.916,-10
15.921,-10
15.927,-10
15.932,-10
15.939,-10
15.945,-10
15.95,-10
15.956,-10
15.961,-10
15.967,-10
15.972,-10
15.979,-10
15.984,-10
15.99,-10
15.995,-10
16.001,-10
16.006,-10
16.012,-10
16.017,-10
16.024,-10
16.029,-10
16.035,-10
16.04,-10
16.046,-10
16.051,-10
16.057,-10
16.062,-10
16.069,-10
16.074,-10
16.08,-10
16.085,-10
16.091,-10
16.097,-10
16.102,-10
16.108,-10
16.114,-10
16.12,-10
16.126,-10
16.131,-10
16.137,-10
16.142,-10
16.148,-10
16.154,-10
16.16,-10
16.166,-10
16.171,-10
16.177,-10
16.182,-10
16.188,-10
16.194,-10
16.2,-10
16.205,-10
16.211,-10
16.217,-10
16.222,-10
16.228,-10
16.234,-10
16.24,-10
16.245,-10
16.251,-10
16.257,-10
16.262,-10
16.268,-10
16.274,-10
16.28,-10
16.285,-10
16.291,-10
16.297,-10
16.302,-10
16.308,-10
16.314,-10
16.32,-10
16.325,-10
16.331,-10
16.337,-10
16.342,-10
16.348,-10
16.354,-10
16.36,-10
16.366,-10
16.371,-10
16.377,-10
16.382,-10
16.388,-10
16.394,-10
16.4,-10
16.406,-10
16.411,-10
16.417,-10
16.422,-10
16.43,-10
16.435,-10
16.44,-10
16.446,-10
16.451,-10
16.457,-10
16.462,-10
16.468,-10
16.474,-10
16.48,-10
16.485,-10
16.491,-10
16.496,-10
16.502,-10
16.507,-10
16.514,-10
16.519,-10
16.525,-10
16.53,-10
16.536,-10
16.541,-10
16.547,-10
16.553,-10
16.559,-10
16.565,-10
16.571,-10
16.577,-10
16.582,-10
16.589,-10
16.595,-10
16.601,-10
16.606,-10
16.612,-10
16.617,-10
16.624,-10
16.63,-10
16.635,-10
16.641,-10
16.646,-10
16.652,-10
16.657,-10
16.664,-10
16.669,-10
16.675,-10
16.68,-10
16.686,-10
16.691,-10
16.697,-10
16.702,-10
16.708,-10
16.714,-10
16.72,-10
16.725,-10
16.731,-10
16.737,-10
16.742,-10
16.748,-10
16.754,-10
16.76,-10
16.766,-10
16.771,-10
16.777,-10
16.782,-10
16.788,-10
16.794,-10
16.8,-10
16.805,-10
16.811,-10
16.816,-10
16.822,-10
16.827,-10
16.834,-10
16.839,-10
16.845,-10
16.85,-10
16.856,-10
16.862,-10
16.867,-10
16.873,-10
16.879,-10
16.885,-10
16.89,-10
16.896,-10
16.901,-10
16.907,-10
16.913,-10
16.919,-10
16.925,-10
16.93,-10
16.936,-10
16.941,-10
16.947,-10
16.953,-10
16.959,-10
16.965,-10
16.97,-10
16.976,-10
16.981,-10
16.987,-10
16.993,-10
16.999,-10
17.005,-10
17.01,-10
17.016,-10
17.022,-10
17.027,-10
17.033,-10
17.039,-10
17.045,-10
17.05,-10
17.056,-10
17.062,-10
17.069,-10
17.075,-10
17.08,-10
17.086,-10
17.091,-10
17.097,-10
17.102,-10
17.108,-10
17.114,-10
17.12,-10
17.126,-10
17.131,-10
17.136,-10
17.142,-10
17.147,-10
17.154,-10
17.159,-10
17.165,-10
17.17,-10
17.176,-10
17.182,-10
17.187,-10
17.193,-10
17.199,-10
17.205,-10
17.21,-10
17.216,-10
17.221,-10
17.227,-10
17.233,-10
17.239,-10
17.245,-10
17.25,-10
17.256,-10
17.262,-10
17.267,-10
17.273,-10
17.279,-10
17.285,-10
17.29,-10
17.296,-10
17.302,-10
17.307,-10
17.313,-10
17.319,-10
17.325,-10
17.33,-10
17.336,-10
17.342,-10
17.347,-10
17.354,-10
17.359,-10
17.365,-10
17.371,-10
17.376,-10
17.382,-10
17.39,-10
17.395,-10
17.401,-10
17.406,-10
17.412,-10
17.417,-10
17.424,-10
17.43,-10
17.435,-10
17.44,-10
17.446,-10
17.451,-10
17.457,-10
17.462,-10
17.468,-10
17.474,-10
17.48,-10
17.486,-10
17.491,-10
17.497,-10
17.502,-10
17.508,-10
17.514,-10
17.52,-10
17.525,-10
17.531,-10
17.537,-10
17.542,-10
17.548,-10
17.554,-10
17.56,-10
17.565,-10
17.571,-10
17.577,-10
17.582,-10
17.588,-10
17.594,-10
17.6,-10
17.606,-10
17.611,-10
17.617,-10
17.622,-10
17.628,-10
17.634,-10
17.64,-10
17.645,-10
17.651,-10
17.657,-10
17.662,-10
17.668,-10
17.674,-10
17.68,-10
17.686,-10
17.691,-10
17.697,-10
17.702,-10
17.708,-10
17.714,-10
17.72,-10
17.725,-10
17.731,-10
17.737,-10
17.742,-10
17.748,-10
17.754,-10
17.76,-10
17.766,-10
17.771,-10
17.777,-10
17.782,-10
17.788,-10
17.794,-10
17.8,-10
17.806,-10
17.811,-10
17.817,-10
17.822,-10
17.828,-10
17.834,-10
17.84,-10
17.846,-10
17.851,-10
17.857,-10
17.862,-10
17.868,-10
17.874,-10
17.88,-10
17.886,-10
17.891,-10
17.897,-10
17.902,-10
17.908,-10
17.914,-10
17.92,-10
17.926,-10
17.931,-10
17.937,-10
17.942,-10
17.948,-10
17.954,-10
17.96,-10
17.965,-10
17.971,-10
17.977,-10
17.982,-10
17.988,-10
17.994,-10
18,-10
18.006,-10
18.011,-10
18.017,10
18.022,10
18.028,10
18.034,10
18.04,10
18.045,10
18.051,10
18.057,10
18.062,10
18.068,10
18.074,10
18.08,10
18.086,10
18.092,10
18.097,10
18.103,10
18.109,10
18.115,10
18.12,10
18.126,10
18.131,10
18.137,10
18.144,10
18.15,10
18.156,10
18.161,10
18.167,10
18.172,10
18.179,10
18.185,10
18.191,10
18.196,10
18.202,10
18.208,10
18.214,10
18.22,10
18.226,10
18.232,10
18.237,10
18.244,10
18.249,10
18.255,10
18.26,10
18.266,10
18.271,10
18.277,10
18.282,10
18.288,10
18.294,10
18.3,10
18.305,10
18.311,10
18.317,10
18.322,10
18.328,10
18.334,10
18.34,10
18.345,10
18.351,10
18.357,10
18.364,10
18.369,10
18.375,10
18.381,10
18.386,10
18.392,10
18.397,10
18.404,10
18.409,10
18.415,10
18.42,10
18.426,10
18.431,10
18.437,10
18.442,10
18.448,10
18.454,10
18.46,10
18.465,10
18.471,10
18.477,10
18.482,10
18.488,10
18.494,10
18.5,10
18.505,10
18.511,10
18.516,10
18.522,10
18.527,10
18.533,10
18.539,10
18.545,10
18.55,10
18.556,10
18.561,10
18.567,10
18.572,10
18.579,10
18.585,10
18.59,10
18.596,10
18.601,10
18.607,10
18.612,10
18.618,10
18.624,10
18.63,10
18.635,10
18.641,10
18.646,10
18.652,10
18.657,10
18.663,10
18.669,10
18.675,10
18.68,10
18.686,10
18.691,10
18.697,10
18.702,10
18.709,10
18.714,10
18.72,10
18.726,10
18.731,10
18.737,10
18.742,10
18.748,10
18.754,10
18.76,10
18.766,10
18.771,10
18.777,10
18.782,10
18.788,10
18.794,10
18.8,10
18.806,10
18.811,10
18.817,10
18.822,10
18.828,10
18.835,10
18.841,10
18.846,10
18.852,10
18.857,10
18.863,10
18.87,10
18.875,10
18.881,10
18.886,10
18.892,10
18.897,10
18.903,10
18.909,10
18.915,10
18.921,10
18.926,10
18.932,10
18.937,10
18.944,10
18.95,10
18.955,10
18.961,10
18.966,10
18.972,10
18.977,10
18.984,10
18.99,10
18.995,10
19.001,10
19.006,10
19.012,10
19.017,10
19.024,10
19.03,10
19.035,10
19.041,10
19.046,10
19.052,10
19.057,10
19.063,10
19.069,10
19.075,10
19.08,10
19.086,10
19.091,10
19.097,10
19.102,10
19.108,10
19.114,10
19.12,10
19.126,10
19.131,10
19.137,10
19.142,10
19.148,10
19.154,10
19.16,10
19.166,10
19.171,10
19.177,10
19.182,10
19.188,10
19.194,10
19.2,10
19.206,10
19.211,10
19.217,10
19.222,10
19.228,10
19.234,10
19.24,10
19.246,10
19.251,10
19.257,10
19.262,10
19.268,10
19.274,10
19.28,10
19.286,10
19.291,10
19.297,10
19.302,10
19.308,10
19.314,10
19.32,10
19.326,10
19.331,10
19.337,10
19.342,10
19.348,10
19.354,10
19.36,10
19.366,10
19.371,10
19.377,10
19.382,10
19.388,10
19.394,10
19.4,10
19.406,10
19.411,10
19.417,10
19.422,10
19.428,10
19.434,10
19.442,10
19.448,10
19.454,10
19.46,10
19.465,10
19.471,10
19.476,10
19.482,10
19.488,10
19.494,10
19.499,10
19.505,10
19.51,10
19.516,10
19.521,10
19.527,10
19.532,10
19.539,10
19.544,10
19.55,10
19.555,10
19.561,10
19.566,10
19.572,10
19.577,10
19.583,10
19.589,10
19.595,10
19.601,10
19.606,10
19.612,10
19.617,10
19.623,10
19.629,10
19.635,10
19.64,10
19.646,10
19.651,10
19.657,10
19.662,10
19.668,10
19.674,10
19.68,10
19.686,10
19.691,10
19.697,10
19.702,10
19.708,10
19.714,10
19.72,10
19.726,10
19.731,10
19.737,10
19.742,10
19.748,10
19.754,10
19.76,10
19.766,10
19.771,10
19.777,10
19.782,10
19.789,10
19.795,10
19.801,10
19.806,10
19.812,10
19.817,10
19.824,10
19.83,10
19.835,10
19.841,10
19.846,10
19.852,10
19.857,10
19.864,10
19.869,10
19.875,10
19.881,10
19.886,10
19.892,10
19.897,10
19.904,10
19.909,10
19.915,10
19.921,10
19.926,10
19.932,10
19.937,10
19.944,10
19.95,10
19.955,10
19.961,10
19.966,10
19.972,10
19.977,10
19.984,10
19.99,10
19.995,10
20.001,10
20.006,10
20.012,10
20.018,10
20.024,10
20.029,10
20.035,10
20.041,10
20.047,10
20.052,10
20.057,10
20.063,10
20.07,10
20.075,10
20.081,10
20.087,10
20.092,10
20.099,10
20.105,10
20.11,10
20.116,10
20.122,10
20.127,10
20.133,10
20.139,10
20.145,10
20.151,10
20.156,10
20.162,10
20.169,10
20.174,10
20.18,10
20.186,10
20.191,10
20.197,10
20.202,10
20.208,10
20.214,10
20.22,10
20.226,10
20.232,10
20.237,10
20.244,10
20.25,10
20.256,10
20.261,10
20.267,10
20.274,10
20.279,10
20.285,10
20.29,10
20.296,10
20.301,10
20.307,10
20.313,10
20.319,10
20.325,10
20.33,10
20.336,10
20.341,10
20.347,10
20.353,10
20.359,10
20.364,10
20.37,10
20.376,10
20.381,10
20.387,10
20.393,10
20.399,10
20.405,10
20.41,10
20.416,10
20.422,10
20.427,10
20.433,10
20.439,10
20.445,10
20.45,10
20.456,10
20.461,10
20.467,10
20.473,10
20.479,10
20.485,10
20.49,10
20.496,10
20.502,10
20.507,10
20.513,10
20.519,10
20.525,10
20.53,10
20.536,10
20.541,10
20.547,10
20.553,10
20.559,10
20.564,10
20.57,10
20.575,10
20.581,10
20.586,10
20.592