time,value
1.5e-05,100
0.005491,100
0.012085,100
0.017537,100
0.02299,100
0.028784,100
0.034529,100
0.039952,100
0.045366,100
0.050922,100
0.057603,100
0.063054,100
0.068875,100.01
0.07452,100.01
0.079945,100.01
0.085351,100.02
0.092221,100.04
0.097879,100.05
0.10387,100.06
0.10937,100.08
0.11491,100.1
0.12052,100.12
0.126,100.18
0.1325,100.21
0.13813,100.25
0.14387,100.3
0.14936,100.34
0.15489,100.39
0.16038,100.45
0.1659,100.51
0.17209,100.64
0.17753,100.71
0.18296,100.79
0.18848,100.87
0.19411,100.95
0.19983,101.04
0.20522,101.12
0.21092,101.21
0.21755,101.4
0.22299,101.49
0.22851,101.59
0.2341,101.69
0.23973,101.78
0.24514,101.88
0.25056,101.98
0.25597,102.18
0.26253,102.28
0.26798,102.38
0.27352,102.48
0.27894,102.58
0.28435,102.68
0.2901,102.78
0.29587,102.88
0.30211,103.08
0.30757,103.18
0.31312,103.28
0.31885,103.38
0.32427,103.48
0.33,103.58
0.33553,103.68
0.34092,103.78
0.34736,103.98
0.35295,104.08
0.35827,104.18
0.36386,104.28
0.36928,104.38
0.37487,104.48
0.38028,104.58
0.38609,104.78
0.39256,104.88
0.39801,104.98
0.40354,105.08
0.40925,105.18
0.41484,105.28
0.42026,105.38
0.42611,105.58
0.43254,105.68
0.43798,105.78
0.44355,105.88
0.44905,105.98
0.45456,106.08
0.45997,106.18
0.46537,106.28
0.47097,106.48
0.47734,106.58
0.48301,106.68
0.48852,106.78
0.49392,106.88
0.49934,106.98
0.50518,107.08
0.51086,107.18
0.51712,107.38
0.52258,107.48
0.52803,107.58
0.53372,107.68
0.53913,107.78
0.54454,107.88
0.54995,107.98
0.55535,108.08
0.56103,108.28
0.56789,108.38
0.57351,108.48
0.57891,108.58
0.58434,108.68
0.58989,108.78
0.59529,108.88
0.60111,109.08
0.60796,109.18
0.61354,109.28
0.61895,109.38
0.62438,109.48
0.62991,109.58
0.63532,109.68
0.641,109.88
0.64774,109.98
0.6532,110.08
0.6588,110.18
0.66423,110.28
0.66988,110.38
0.6753,110.48
0.68228,110.68
0.68791,110.78
0.69352,110.88
0.69892,110.98
0.70435,111.08
0.71009,111.18
0.71555,111.28
0.72258,111.48
0.72808,111.58
0.73381,111.68
0.73927,111.78
0.74528,111.88
0.75104,112.08
0.75758,112.18
0.76304,112.28
0.76854,112.38
0.77398,112.48
0.77954,112.58
0.78499,112.68
0.79053,112.78
0.79704,112.98
0.80276,113.08
0.80824,113.18
0.81386,113.28
0.81926,113.38
0.82486,113.48
0.83053,113.58
0.83593,113.78
0.84233,113.88
0.84795,113.98
0.85349,114.08
0.8589,114.18
0.8643,114.28
0.86989,114.38
0.87531,114.48
0.88094,114.68
0.88757,114.78
0.89302,114.88
0.89856,114.98
0.90396,115.08
0.90951,115.18
0.91492,115.28
0.92032,115.38
0.9259,115.48
0.93223,115.68
0.93786,115.78
0.94375,115.88
0.94917,115.98
0.95484,116.08
0.96025,116.18
0.96592,116.28
0.97222,116.48
0.97785,116.58
0.98373,116.68
0.98915,116.78
0.99483,116.88
1.0002,116.98
1.0059,117.08
1.0123,117.28
1.018,117.38
1.0238,117.48
1.0292,117.58
1.0349,117.68
1.0403,117.78
1.0459,117.88
1.0521,118.08
1.0576,118.18
1.063,118.28
1.0685,118.38
1.0742,118.48
1.0798,118.58
1.0852,118.68
1.0907,118.78
1.0961,118.98
1.1029,119.08
1.1083,119.18
1.1141,119.28
1.1195,119.38
1.1249,119.48
1.1303,119.58
1.1359,119.68
1.1423,119.88
1.1479,119.98
1.1535,120.08
1.1589,120.18
1.1643,120.28
1.1701,120.38
1.1759,120.48
1.1821,120.68
1.1875,120.78
1.1933,120.88
1.1988,120.98
1.2043,121.08
1.21,121.18
1.2155,121.28
1.221,121.48
1.2275,121.58
1.233,121.68
1.2385,121.78
1.2439,121.88
1.2493,121.98
1.255,122.08
1.2604,122.18
1.2661,122.38
1.2725,122.48
1.278,122.58
1.2836,122.68
1.2891,122.78
1.2949,122.88
1.3003,122.98
1.3071,123.18
1.3126,123.28
1.318,123.38
1.3237,123.48
1.3291,123.58
1.3345,123.68
1.3398,123.78
1.3452,123.88
1.3508,123.98
1.3571,124.18
1.3626,124.28
1.368,124.38
1.3736,124.48
1.3789,124.58
1.3844,124.68
1.3899,124.78
1.3953,124.88
1.4022,125.08
1.4079,125.18
1.4135,125.28
1.4189,125.38
1.4243,125.48
1.4299,125.58
1.4353,125.68
1.441,125.88
1.4478,125.98
1.4534,126.08
1.4589,126.18
1.4643,126.28
1.4699,126.38
1.4753,126.48
1.4823,126.68
1.4879,126.78
1.4935,126.88
1.4989,126.98
1.5043,127.08
1.5099,127.18
1.5153,127.28
1.521,127.48
1.528,127.58
1.5335,127.68
1.5389,127.78
1.5445,127.88
1.55,127.98
1.5555,128.08
1.5626,128.28
1.568,128.38
1.5738,128.48
1.5792,128.58
1.5849,128.68
1.5903,128.78
1.596,128.98
1.6028,129.08
1.6082,129.18
1.6145,129.28
1.6199,129.38
1.6253,129.48
1.6309,129.58
1.6375,129.78
1.6429,129.88
1.6483,129.98
1.6538,130.08
1.6592,130.18
1.6648,130.28
1.6702,130.38
1.6758,130.48
1.6822,130.68
1.6879,130.78
1.6935,130.88
1.6989,130.98
1.7043,131.08
1.7099,131.18
1.7153,131.28
1.7223,131.48
1.7279,131.58
1.7333,131.68
1.7389,131.78
1.7443,131.88
1.7499,131.98
1.7553,132.08
1.7609,132.28
1.7678,132.38
1.7732,132.48
1.7788,132.58
1.7842,132.68
1.7898,132.78
1.7952,132.88
1.8009,133.08
1.8079,133.18
1.8135,133.28
1.8189,133.38
1.8243,133.48
1.8299,133.58
1.8353,133.68
1.841,133.88
1.8478,133.98
1.8532,134.08
1.8588,134.18
1.8642,134.28
1.8698,134.38
1.8752,134.48
1.8811,134.68
1.8879,134.78
1.8934,134.88
1.8989,134.98
1.9043,135.08
1.9099,135.18
1.9153,135.28
1.921,135.48
1.9278,135.58
1.9333,135.68
1.9389,135.78
1.9445,135.88
1.9499,135.98
1.9553,136.08
1.9622,136.28
1.9679,136.38
1.9733,136.48
1.9789,136.58
1.9843,136.68
1.9899,136.78
1.9953,136.88
2.001,137.08
2.0078,137.18
2.0132,137.28
2.0188,137.38
2.0242,137.48
2.0299,137.58
2.0353,137.68
2.0423,137.88
2.0479,137.98
2.0535,138.08
2.0589,138.18
2.0643,138.28
2.0699,138.38
2.0753,138.48
2.081,138.68
2.0878,138.78
2.0932,138.88
2.0988,138.98
2.1042,139.08
2.1099,139.18
2.1153,139.28
2.1223,139.48
2.1279,139.58
2.1335,139.68
2.1389,139.78
2.1443,139.88
2.1499,139.98
2.1553,140.08
2.161,140.28
2.1678,140.38
2.1734,140.48
2.1789,140.58
2.1843,140.68
2.1899,140.78
2.1953,140.88
2.2023,141.08
2.2079,141.18
2.2133,141.28
2.2189,141.38
2.2244,141.48
2.2299,141.58
2.2353,141.68
2.241,141.88
2.2478,141.98
2.2533,142.08
2.2589,142.18
2.2643,142.28
2.2699,142.38
2.2753,142.48
2.2811,142.68
2.2879,142.78
2.2933,142.88
2.2989,142.98
2.3043,143.08
2.3099,143.18
2.3153,143.28
2.3208,143.38
2.3272,143.58
2.3329,143.68
2.3386,143.78
2.344,143.88
2.3495,143.98
2.355,144.08
2.3605,144.18
2.3672,144.38
2.3729,144.48
2.3784,144.58
2.3841,144.68
2.3896,144.78
2.3951,144.88
2.4005,144.98
2.406,145.18
2.4126,145.28
2.4183,145.38
2.4239,145.48
2.4293,145.58
2.4349,145.68
2.4403,145.78
2.4459,145.88
2.4524,146.08
2.458,146.18
2.4637,146.28
2.4691,146.38
2.4748,146.48
2.4802,146.58
2.4859,146.68
2.4921,146.88
2.4975,146.98
2.503,147.08
2.5085,147.18
2.5141,147.28
2.5198,147.38
2.5252,147.48
2.5308,147.58
2.5375,147.78
2.543,147.88
2.5485,147.98
2.5542,148.08
2.5598,148.18
2.5652,148.28
2.5709,148.38
2.5771,148.58
2.5825,148.68
2.588,148.78
2.5935,148.88
2.5989,148.98
2.6043,149.08
2.6102,149.18
2.6159,149.28
2.6221,149.48
2.6275,149.58
2.6333,149.68
2.6388,149.78
2.6442,149.88
2.6501,149.98
2.6555,150.08
2.6609,150.18
2.6674,150.38
2.6729,150.48
2.6785,150.58
2.6839,150.68
2.6893,150.78
2.6949,150.88
2.7003,150.98
2.7058,151.18
2.7125,151.28
2.7179,151.38
2.7235,151.48
2.7291,151.58
2.7349,151.68
2.7403,151.78
2.7471,151.98
2.7526,152.08
2.758,152.18
2.7636,152.28
2.769,152.38
2.7745,152.48
2.7799,152.58
2.7853,152.68
2.7908,152.78
2.7971,152.98
2.8026,153.08
2.808,153.18
2.8135,153.28
2.8189,153.38
2.8244,153.48
2.8299,153.58
2.8353,153.68
2.8423,153.88
2.8484,153.98
2.8539,154.08
2.8593,154.18
2.865,154.28
2.8706,154.38
2.876,154.58
2.8825,154.68
2.888,154.78
2.8935,154.88
2.8989,154.98
2.9043,155.08
2.9099,155.18
2.9153,155.28
2.9223,155.48
2.928,155.58
2.9335,155.68
2.9389,155.78
2.9443,155.88
2.9499,155.98
2.9553,156.08
2.961,156.28
2.9678,156.38
2.9732,156.48
2.9788,156.58
2.9842,156.68
2.9898,156.78
2.9952,156.88
3.0009,157.08
3.0079,157.18
3.0133,157.28
3.0189,157.38
3.0243,157.48
3.0299,157.58
3.0353,157.68
3.041,157.88
3.0478,157.98
3.0532,158.08
3.0588,158.18
3.0642,158.28
3.0835,158.68
3.0889,158.78
3.0956,158.88
3.1009,158.98
3.1073,159.18
3.1132,159.28
3.1188,159.38
3.1242,159.48
3.1299,159.58
3.1356,159.68
3.1411,159.88
3.148,159.98
3.1535,160.08
3.159,160.18
3.1645,160.28
3.1703,160.38
3.176,160.58
3.183,160.68
3.1885,160.78
3.1942,160.88
3.1999,160.98
3.2054,161.08
3.2109,161.28
3.2176,161.38
3.223,161.48
3.2288,161.58
3.2343,161.68
3.2399,161.78
3.2453,161.88
3.251,162.08
3.2575,162.18
3.263,162.28
3.2685,162.38
3.2742,162.48
3.2799,162.58
3.2853,162.68
3.291,162.88
3.2975,162.98
3.3029,163.08
3.3085,163.18
3.3141,163.28
3.3198,163.38
3.3252,163.48
3.3307,163.58
3.3361,163.78
3.3429,163.88
3.3483,163.98
3.3539,164.08
3.3596,164.18
3.365,164.28
3.3706,164.38
3.376,164.58
3.3825,164.68
3.388,164.78
3.3933,164.88
3.3989,164.98
3.4043,165.08
3.4102,165.18
3.4159,165.28
3.4221,165.48
3.4276,165.58
3.4331,165.68
3.4389,165.78
3.4443,165.88
3.4501,165.98
3.4556,166.08
3.461,166.28
3.4675,166.38
3.473,166.48
3.4785,166.58
3.4839,166.68
3.4893,166.78
3.4949,166.88
3.5003,166.98
3.5058,167.18
3.5125,167.28
3.5179,167.38
3.5235,167.48
3.5293,167.58
3.5349,167.68
3.5403,167.78
3.5472,167.98
3.5528,168.08
3.5582,168.18
3.5638,168.28
3.5692,168.38
3.575,168.48
3.5804,168.58
3.5859,168.78
3.5926,168.88
3.598,168.98
3.6036,169.08
3.6091,169.18
3.6149,169.28
3.6203,169.38
3.6262,169.58
3.6328,169.68
3.6383,169.78
3.6439,169.88
3.6493,169.98
3.6549,170.08
3.6602,170.18
3.6658,170.38
3.6725,170.48
3.678,170.58
3.6835,170.68
3.6891,170.78
3.6949,170.88
3.7003,170.98
3.7062,171.18
3.7126,171.28
3.718,171.38
3.7235,171.48
3.7289,171.58
3.7345,171.68
3.7399,171.78
3.7453,171.88
3.751,172.08
3.7575,172.18
3.7629,172.28
3.7684,172.38
3.7739,172.48
3.7793,172.58
3.7851,172.68
3.7905,172.78
3.796,172.98
3.8026,173.08
3.808,173.18
3.8137,173.28
3.8191,173.38
3.8245,173.48
3.8299,173.58
3.8353,173.68
3.841,173.88
3.8478,173.98
3.8532,174.08
3.8588,174.18
3.8642,174.28
3.8698,174.38
3.8752,174.48
3.8823,174.68
3.8879,174.78
3.8935,174.88
3.8989,174.98
3.9043,175.08
3.9099,175.18
3.9153,175.28
3.9211,175.48
3.928,175.58
3.9335,175.68
3.9389,175.78
3.9446,175.88
3.95,175.98
3.9555,176.08
3.9625,176.28
3.968,176.38
3.9735,176.48
3.9789,176.58
3.9844,176.68
3.99,176.78
3.9955,176.88
4.001,177.08
4.0079,177.18
4.0135,177.28
4.019,177.38
4.0245,177.48
4.0303,177.58
4.036,177.78
4.0429,177.88
4.0483,177.98
4.0539,178.08
4.0594,178.18
4.0649,178.28
4.0704,178.38
4.0759,178.48
4.0824,178.68
4.088,178.78
4.0935,178.88
4.0989,178.98
4.1045,179.08
4.11,179.18
4.1155,179.28
4.1226,179.48
4.1281,179.58
4.1338,179.68
4.1393,179.78
4.1449,179.88
4.1503,179.98
4.1558,180.08
4.1623,180.28
4.168,180.38
4.1735,180.48
4.179,180.58
4.1846,180.68
4.19,180.78
4.1955,180.98
4.2031,181.08
4.2085,181.18
4.214,181.28
4.2195,181.38
4.225,181.48
4.2305,181.58
4.236,181.78
4.2425,181.88
4.248,181.98
4.2535,182.08
4.2589,182.18
4.2643,182.28
4.2699,182.38
4.2753,182.48
4.2823,182.68
4.2879,182.78
4.2935,182.88
4.2989,182.98
4.3043,183.08
4.3099,183.18
4.3153,183.28
4.321,183.38
4.3277,183.58
4.3332,183.68
4.3388,183.78
4.3442,183.88
4.3498,183.98
4.3552,184.08
4.3623,184.28
4.3679,184.38
4.3735,184.48
4.3789,184.58
4.3843,184.68
4.3899,184.78
4.3953,184.88
4.401,184.98
4.4076,185.18
4.413,185.28
4.4185,185.38
4.4239,185.48
4.4293,185.58
4.4349,185.68
4.4403,185.78
4.446,185.88
4.4523,186.08
4.4579,186.18
4.4635,186.28
4.4689,186.38
4.4743,186.48
4.4799,186.58
4.4853,186.68
4.491,186.88
4.4975,186.98
4.5029,187.08
4.5085,187.18
4.5141,187.28
4.5195,187.38
4.5248,187.48
4.5302,187.58
4.5359,187.68
4.5421,187.88
4.5478,187.98
4.5535,188.08
4.5589,188.18
4.5643,188.28
4.5702,188.38
4.5759,188.48
4.5821,188.68
4.5876,188.78
4.593,188.88
4.5987,188.98
4.6041,189.08
4.6096,189.18
4.615,189.28
4.6205,189.38
4.6261,189.58
4.6327,189.68
4.6387,189.78
4.6441,189.88
4.6496,189.98
4.655,190.08
4.6604,190.18
4.6661,190.38
4.6728,190.48
4.6782,190.58
4.6838,190.68
4.6893,190.78
4.6949,190.88
4.7003,190.98
4.7059,191.18
4.7125,191.28
4.718,191.38
4.7235,191.48
4.7291,191.58
4.7345,191.68
4.7399,191.78
4.7453,191.88
4.751,192.08
4.7575,192.18
4.7629,192.28
4.7683,192.38
4.7739,192.48
4.7793,192.58
4.7849,192.68
4.7903,192.78
4.796,192.88
4.8023,193.08
4.8079,193.18
4.8135,193.28
4.8189,193.38
4.8243,193.48
4.8299,193.58
4.8353,193.68
4.8423,193.88
4.8479,193.98
4.8535,194.08
4.8589,194.18
4.8643,194.28
4.8699,194.38
4.8753,194.48
4.881,194.58
4.8875,194.78
4.8929,194.88
4.8984,194.98
4.9039,195.08
4.9093,195.18
4.9149,195.28
4.9203,195.38
4.9259,195.48
4.9321,195.68
4.9377,195.78
4.9435,195.88
4.949,195.98
4.9545,196.08
4.9601,196.18
4.9655,196.28
4.9709,196.38
4.9772,196.58
4.9829,196.68
4.9885,196.78
4.9941,196.88
4.9999,196.98
5.0055,197.08
5.0109,197.18
5.0176,197.38
5.023,197.48
5.0287,197.58
5.0341,197.68
5.04,197.78
5.0455,197.88
5.0509,197.98
5.0572,198.18
5.0629,198.28
5.0684,198.37
5.0742,198.47
5.0798,198.56
5.0853,198.65
5.0909,198.73
5.0975,198.9
5.103,198.97
5.1085,199.04
5.1142,199.1
5.1199,199.16
5.1255,199.21
5.131,199.26
5.1375,199.32
5.143,199.34
5.1485,199.35
5.1541,199.35
5.1599,199.35
5.1653,199.33
5.1708,199.3
5.1775,199.23
5.183,199.18
5.1885,199.13
5.1941,199.07
5.2,199
5.2055,198.93
5.2109,198.85
5.2175,198.68
5.223,198.59
5.2286,198.5
5.2341,198.41
5.24,198.31
5.2455,198.22
5.251,198.12
5.2575,197.92
5.263,197.82
5.2685,197.72
5.2743,197.62
5.28,197.52
5.2855,197.42
5.2908,197.32
5.2972,197.12
5.3029,197.02
5.3085,196.92
5.3142,196.82
5.3199,196.72
5.3255,196.62
5.331,196.52
5.3376,196.32
5.343,196.22
5.3485,196.12
5.3541,196.02
5.36,195.92
5.3655,195.82
5.3709,195.72
5.3773,195.52
5.3829,195.42
5.3885,195.32
5.3942,195.22
5.3999,195.12
5.4054,195.02
5.4109,194.92
5.4175,194.72
5.423,194.62
5.4285,194.52
5.4341,194.42
5.44,194.32
5.4455,194.22
5.4509,194.12
5.4576,193.92
5.463,193.82
5.4685,193.72
5.4742,193.62
5.4799,193.52
5.4854,193.42
5.4908,193.32
5.4975,193.12
5.503,193.02
5.5085,192.92
5.5141,192.82
5.52,192.72
5.5255,192.62
5.5308,192.52
5.5372,192.32
5.5428,192.22
5.5483,192.12
5.5538,192.02
5.5595,191.92
5.5649,191.82
5.5703,191.72
5.576,191.62
5.5822,191.42
5.5878,191.32
5.5936,191.22
5.599,191.12
5.6045,191.02
5.6101,190.92
5.6157,190.82
5.6211,190.62
5.6279,190.52
5.6333,190.42
5.6389,190.32
5.6443,190.22
5.6502,190.12
5.6557,190.02
5.6611,189.82
5.6675,189.72
5.6732,189.62
5.6788,189.52
5.6842,189.42
5.6901,189.32
5.6957,189.22
5.7011,189.02
5.7076,188.92
5.7131,188.82
5.7189,188.72
5.7243,188.62
5.7302,188.52
5.7358,188.42
5.7412,188.22
5.7478,188.12
5.7535,188.02
5.7589,187.92
5.7643,187.82
5.7702,187.72
5.7759,187.62
5.7822,187.42
5.7878,187.32
5.7933,187.22
5.7989,187.12
5.8043,187.02
5.8102,186.92
5.8159,186.82
5.8221,186.62
5.8278,186.52
5.8333,186.42
5.8389,186.32
5.8443,186.22
5.8502,186.12
5.8557,186.02
5.8612,185.82
5.8678,185.72
5.8733,185.62
5.8789,185.52
5.8843,185.42
5.8902,185.32
5.8958,185.22
5.9012,185.02
5.9078,184.92
5.9135,184.82
5.9189,184.72
5.9243,184.62
5.9302,184.52
5.9357,184.42
5.9411,184.22
5.9478,184.12
5.9532,184.02
5.9589,183.92
5.9643,183.82
5.9701,183.72
5.9757,183.62
5.9811,183.42
5.9877,183.32
5.9935,183.22
5.9989,183.12
6.0043,183.02
6.0102,182.92
6.0158,182.82
6.0212,182.62
6.0277,182.52
6.0332,182.42
6.0388,182.32
6.0442,182.22
6.0498,182.12
6.0555,182.02
6.061,181.82
6.0675,181.72
6.0729,181.62
6.0785,181.52
6.0839,181.42
6.0893,181.32
6.0949,181.22
6.1003,181.12
6.1062,180.92
6.1128,180.82
6.1183,180.72
6.1239,180.62
6.1293,180.52
6.1349,180.42
6.1403,180.32
6.1459,180.12
6.1525,180.02
6.158,179.92
6.1635,179.82
6.1691,179.72
6.175,179.62
6.1805,179.52
6.1861,179.32
6.1928,179.22
6.199,179.12
6.2045,179.02
6.2101,178.92
6.216,178.82
6.2222,178.62
6.2278,178.52
6.2343,178.42
6.2399,178.32
6.2455,178.22
6.251,178.12
6.2573,177.92
6.2629,177.82
6.2684,177.72
6.2742,177.62
6.2798,177.52
6.2853,177.42
6.2908,177.32
6.2977,177.12
6.3033,177.02
6.309,176.92
6.3146,176.82
6.3201,176.72
6.3255,176.62
6.331,176.42
6.3383,176.32
6.3439,176.22
6.3493,176.12
6.3549,176.02
6.3603,175.92
6.366,175.82
6.3722,175.62
6.3778,175.52
6.3835,175.42
6.3889,175.32
6.3943,175.22
6.4,175.12
6.4055,175.02
6.4109,174.92
6.4172,174.72
6.4228,174.62
6.4283,174.52
6.4339,174.42
6.4398,174.32
6.4452,174.22
6.4508,174.12
6.4562,173.92
6.4629,173.82
6.4685,173.72
6.474,173.62
6.4795,173.52
6.4849,173.42
6.4904,173.32
6.496,173.22
6.5025,173.02
6.508,172.92
6.5135,172.82
6.5189,172.72
6.5243,172.62
6.5302,172.52
6.5357,172.42
6.5411,172.22
6.5479,172.12
6.5535,172.02
6.5589,171.92
6.5643,171.82
6.5702,171.72
6.5759,171.62
6.5822,171.42
6.5878,171.32
6.5933,171.22
6.5989,171.12
6.6043,171.02
6.6101,170.92
6.6157,170.82
6.6211,170.62
6.6277,170.52
6.6335,170.42
6.6389,170.32
6.6443,170.22
6.6501,170.12
6.6557,170.02
6.6612,169.82
6.6679,169.72
6.6733,169.62
6.6789,169.52
6.6843,169.42
6.6901,169.32
6.6957,169.22
6.7011,169.02
6.7078,168.92
6.7135,168.82
6.7189,168.72
6.7243,168.62
6.7299,168.52
6.7355,168.42
6.741,168.32
6.7472,168.12
6.7528,168.02
6.7584,167.92
6.7639,167.82
6.7693,167.72
6.7749,167.62
6.7803,167.52
6.7859,167.32
6.7928,167.22
6.7985,167.12
6.8039,167.02
6.8093,166.92
6.8149,166.82
6.8203,166.72
6.8262,166.52
6.8328,166.42
6.8383,166.32
6.8438,166.22
6.8492,166.12
6.8548,166.02
6.8602,165.92
6.8657,165.82
6.8722,165.62
6.8778,165.52
6.8832,165.42
6.8892,165.32
6.8949,165.22
6.9003,165.12
6.9058,165.02
6.9125,164.82
6.9179,164.72
6.9234,164.62
6.929,164.52
6.9345,164.42
6.94,164.32
6.9455,164.22
6.9509,164.12
6.9572,163.92
6.9628,163.82
6.9683,163.72
6.9739,163.62
6.9793,163.52
6.9851,163.42
6.9907,163.32
6.9961,163.12
7.0027,163.02
7.0081,162.92
7.0138,162.82
7.0192,162.72
7.0248,162.62
7.0302,162.52
7.0358,162.42
7.0412,162.22
7.048,162.12
7.0535,162.02
7.0589,161.92
7.0645,161.82
7.0702,161.72
7.0759,161.62
7.0826,161.42
7.088,161.32
7.0936,161.22
7.0991,161.12
7.1045,161.02
7.1101,160.92
7.1155,160.82
7.1209,160.72
7.1273,160.52
7.1329,160.42
7.1387,160.32
7.1441,160.22
7.1498,160.12
7.1552,160.02
7.1609,159.82
7.1679,159.72
7.1735,159.62
7.179,159.52
7.1845,159.42
7.1901,159.32
7.1955,159.22
7.201,159.12
7.2075,158.92
7.213,158.82
7.2185,158.72
7.224,158.62
7.2295,158.52
7.2351,158.42
7.2409,158.22
7.2493,158.1
7.2549,158.02
7.2603,157.92
7.2658,157.72
7.2725,157.62
7.278,157.52
7.2835,157.42
7.2891,157.32
7.2949,157.22
7.3003,157.12
7.3061,156.92
7.3128,156.82
7.3182,156.72
7.3239,156.62
7.3293,156.52
7.3349,156.42
7.3403,156.32
7.3458,156.12
7.3525,156.02
7.3579,155.92
7.3633,155.82
7.3692,155.72
7.3749,155.62
7.3803,155.52
7.3862,155.32
7.3928,155.22
7.3982,155.12
7.4038,155.02
7.4092,154.92
7.4149,154.82
7.4203,154.72
7.4258,154.62
7.4323,154.42
7.4379,154.32
7.4433,154.22
7.4492,154.12
7.4549,154.02
7.4603,153.92
7.4662,153.72
7.4728,153.62
7.4782,153.52
7.4839,153.42
7.4893,153.32
7.4949,153.22
7.5003,153.12
7.5059,152.92
7.5125,152.82
7.518,152.72
7.5235,152.62
7.5295,152.52
7.535,152.42
7.5405,152.32
7.5461,152.12
7.5528,152.02
7.5583,151.92
7.5638,151.82
7.5692,151.72
7.5749,151.62
7.5803,151.52
7.5859,151.32
7.5925,151.22
7.5979,151.12
7.6034,151.02
7.6093,150.92
7.6149,150.82
7.6203,150.72
7.6262,150.52
7.6328,150.42
7.6382,150.32
7.6439,150.22
7.6493,150.12
7.6549,150.02
7.6603,149.92
7.6672,149.72
7.6728,149.62
7.6788,149.52
7.6842,149.42
7.6898,149.32
7.6955,149.22
7.701,149.12
7.7072,148.92
7.7128,148.82
7.7183,148.72
7.7239,148.62
7.7293,148.52
7.7349,148.42
7.7403,148.32
7.7459,148.22
7.7528,148.02
7.7587,147.92
7.7641,147.82
7.7696,147.72
7.775,147.62
7.7805,147.52
7.7861,147.32
7.7928,147.22
7.7982,147.12
7.8038,147.02
7.8092,146.92
7.8149,146.82
7.8203,146.72
7.8258,146.62
7.8325,146.42
7.8379,146.32
7.8433,146.22
7.8492,146.12
7.8548,146.02
7.8602,145.92
7.8657,145.82
7.8722,145.62
7.8778,145.52
7.8833,145.42
7.8889,145.32
7.8943,145.22
7.8999,145.12
7.9053,145.02
7.9109,144.92
7.9163,144.72
7.9228,144.62
7.9282,144.52
7.9338,144.42
7.9392,144.32
7.9448,144.22
7.951,144.02
7.9578,143.92
7.9633,143.82
7.969,143.72
7.9745,143.62
7.98,143.52
7.9855,143.42
7.9909,143.32
7.9975,143.12
8.003,143.02
8.0085,142.92
8.014,142.82
8.0195,142.72
8.0252,142.62
8.0308,142.52
8.0373,142.32
8.043,142.22
8.0485,142.12
8.054,142.02
8.0595,141.92
8.0648,141.82
8.0703,141.72
8.0759,141.62
8.0826,141.42
8.088,141.32
8.0935,141.22
8.0991,141.12
8.1045,141.02
8.1103,140.92
8.1159,140.82
8.1225,140.62
8.128,140.52
8.1335,140.42
8.1389,140.32
8.1445,140.22
8.1501,140.12
8.1555,140.02
8.161,139.92
8.1673,139.72
8.1729,139.62
8.1785,139.52
8.1841,139.42
8.1895,139.32
8.1951,138.92
8.2148,138.82
8.2212,138.62
8.2279,138.52
8.2333,138.42
8.239,138.32
8.2445,138.22
8.2508,138.02
8.2582,137.92
8.2639,137.82
8.2693,137.72
8.2749,137.62
8.2803,137.52
8.2859,137.42
8.2922,137.22
8.2978,137.12
8.3035,137.02
8.3089,136.92
8.3143,136.82
8.32,136.72
8.3255,136.62
8.3309,136.52
8.3363,136.32
8.3428,136.22
8.3482,136.12
8.3538,136.02
8.3595,135.92
8.3649,135.82
8.3705,135.72
8.376,135.62
8.3822,135.42
8.3878,135.32
8.3932,135.22
8.3989,135.12
8.4043,135.02
8.4098,134.92
8.4155,134.82
8.421,134.72
8.4272,134.52
8.4329,134.42
8.4383,134.32
8.4438,134.22
8.4492,134.12
8.4549,134.02
8.4603,133.92
8.4658,133.82
8.4725,133.62
8.4779,133.52
8.4833,133.42
8.4893,133.32
8.4949,133.22
8.5003,133.12
8.5062,132.92
8.5128,132.82
8.5182,132.72
8.5239,132.62
8.5293,132.52
8.5349,132.42
8.5403,132.32
8.5459,132.22
8.5525,132.02
8.5579,131.92
8.5633,131.82
8.5693,131.72
8.5749,131.62
8.5803,131.52
8.5863,131.32
8.5928,131.22
8.5983,131.12
8.6039,131.02
8.6093,130.92
8.6149,130.82
8.6203,130.72
8.6259,130.62
8.6325,130.42
8.638,130.32
8.6435,130.22
8.6491,130.12
8.655,130.02
8.6605,129.92
8.6661,129.72
8.6728,129.62
8.6783,129.52
8.6839,129.42
8.6893,129.32
8.6949,129.22
8.7003,129.12
8.7059,129.02
8.7125,128.82
8.7179,128.72
8.7235,128.62
8.7291,128.52
8.735,128.42
8.7405,128.32
8.7461,128.12
8.7528,128.02
8.7582,127.92
8.7639,127.82
8.7693,127.72
8.7749,127.62
8.7803,127.52
8.7858,127.42
8.7922,127.22
8.7979,127.12
8.8033,127.02
8.8093,126.92
8.8149,126.82
8.8203,126.72
8.8262,126.52
8.8327,126.42
8.8381,126.32
8.8438,126.22
8.8492,126.12
8.8549,126.02
8.8603,125.92
8.8658,125.82
8.8722,125.62
8.8779,125.52
8.8833,125.42
8.8893,125.32
8.895,125.22
8.9005,125.12
8.9061,124.92
8.9128,124.82
8.9182,124.72
8.9238,124.62
8.9292,124.52
8.9349,124.42
8.9403,124.32
8.9459,124.22
8.9527,124.02
8.9583,123.92
8.964,123.82
8.9696,123.72
8.9755,123.62
8.981,123.52
8.9873,123.32
8.9929,123.22
8.9985,123.12
9.004,123.02
9.0095,122.92
9.0153,122.82
9.0209,122.72
9.0275,122.52
9.0332,122.42
9.0388,122.32
9.0443,122.22
9.0499,122.12
9.0557,122.02
9.0611,121.82
9.0678,121.72
9.0732,121.62
9.0788,121.52
9.0842,121.42
9.0898,121.32
9.0955,121.22
9.101,121.12
9.1073,120.92
9.1129,120.82
9.1185,120.72
9.1239,120.62
9.1293,120.52
9.135,120.42
9.1405,120.32
9.146,120.22
9.1525,120.02
9.1579,119.92
9.1633,119.82
9.169,119.72
9.1746,119.62
9.1805,119.52
9.1859,119.42
9.1923,119.22
9.1979,119.12
9.2033,119.02
9.2092,118.92
9.2149,118.82
9.2203,118.72
9.2261,118.62
9.2327,118.42
9.2381,118.32
9.2437,118.22
9.2491,118.12
9.2545,118.02
9.2601,117.92
9.2655,117.82
9.271,117.72
9.2773,117.52
9.2829,117.42
9.2883,117.32
9.2938,117.22
9.2993,117.12
9.3047,117.02
9.3105,116.92
9.316,116.82
9.3225,116.62
9.3279,116.52
9.3333,116.42
9.3389,116.32
9.3443,116.22
9.35,116.12
9.3555,116.02
9.3609,115.92
9.3663,115.72
9.3728,115.62
9.3783,115.52
9.3846,115.42
9.39,115.32
9.3955,115.22
9.4009,115.12
9.4073,114.92
9.4129,114.82
9.4183,114.72
9.424,114.62
9.4295,114.52
9.435,114.42
9.4404,114.32
9.4459,114.22
9.4513,114.02
9.4579,113.92
9.4635,113.82
9.4689,113.72
9.4745,113.62
9.48,113.52
9.4854,113.42
9.4909,113.32
9.4963,113.12
9.5029,113.02
9.5083,112.92
9.5141,112.82
9.5198,112.72
9.5252,112.62
9.5308,112.52
9.5362,112.32
9.5428,112.22
9.5482,112.12
9.5539,112.02
9.5599,111.92
9.5653,111.82
9.5709,111.72
9.5763,111.52
9.583,111.42
9.5886,111.32
9.5942,111.22
9.5997,111.12
9.6051,111.02
9.6108,110.92
9.6162,110.72
9.6228,110.62
9.6282,110.52
9.6339,110.42
9.6395,110.32
9.6451,110.22
9.6505,110.12
9.6559,110.02
9.6613,109.82
9.6678,109.72
9.6733,109.62
9.6789,109.52
9.6843,109.42
9.6898,109.32
9.6955,109.22
9.7009,109.12
9.7073,108.92
9.7132,108.82
9.7188,108.72
9.7242,108.62
9.7297,108.52
9.7355,108.42
9.7409,108.32
9.7463,108.12
9.7529,108.02
9.7585,107.92
9.7643,107.82
9.7699,107.72
9.7758,107.62
9.7813,107.42
9.7879,107.32
9.7935,107.22
9.7991,107.12
9.8045,107.02
9.8099,106.92
9.8158,106.82
9.8225,106.62
9.828,106.52
9.8335,106.42
9.8391,106.32
9.8445,106.22
9.8501,106.12
9.8559,106.02
9.8625,105.82
9.868,105.72
9.8735,105.62
9.8791,105.52
9.8845,105.42
9.8902,105.32
9.896,105.22
9.9023,105.02
9.908,104.92
9.9135,104.82
9.9191,104.72
9.9245,104.62
9.9299,104.52
9.9358,104.42
9.9425,104.22
9.948,104.12
9.9535,104.02
9.959,103.92
9.9645,103.82
9.9699,103.72
9.9759,103.62
9.9823,103.42
9.988,103.32
9.9935,103.22
9.9991,103.12
10.005,103.02
10.01,102.92
10.016,102.82
10.023,102.62
10.028,102.52
10.033,102.42
10.039,102.32
10.045,102.22
10.05,102.12
10.056,102.02
10.063,101.82
10.068,101.72
10.073,101.63
10.079,101.53
10.085,101.44
10.09,101.35
10.096,101.27
10.103,101.1
10.108,101.03
10.113,100.96
10.119,100.9
10.125,100.84
10.13,100.79
10.136,100.74
10.143,100.68
10.148,100.66
10.154,100.65
10.159,100.64
10.165,100.65
10.17,100.67
10.176,100.69
10.183,100.76
10.188,100.81
10.194,100.86
10.199,100.92
10.205,100.99
10.21,101.06
10.216,101.14
10.223,101.3
10.228,101.39
10.233,101.48
10.239,101.57
10.245,101.67
10.25,101.77
10.256,101.86
10.263,102.06
10.268,102.16
10.273,102.26
10.279,102.36
10.285,102.46
10.29,102.56
10.296,102.66
10.303,102.86
10.308,102.96
10.313,103.06
10.319,103.16
10.325,103.26
10.33,103.36
10.336,103.46
10.343,103.66
10.348,103.76
10.353,103.86
10.359,103.96
10.365,104.06
10.37,104.16
10.376,104.26
10.383,104.46
10.388,104.56
10.394,104.66
10.399,104.76
10.405,104.86
10.411,104.96
10.416,105.06
10.421,105.26
10.428,105.36
10.433,105.46
10.439,105.56
10.445,105.66
10.45,105.76
10.456,105.86
10.463,106.06
10.468,106.16
10.473,106.26
10.479,106.36
10.485,106.46
10.49,106.56
10.496,106.66
10.503,106.86
10.508,106.96
10.513,107.06
10.519,107.16
10.525,107.26
10.53,107.36
10.536,107.46
10.543,107.66
10.548,107.76
10.553,107.86
10.559,107.96
10.565,108.06
10.57,108.16
10.576,108.26
10.583,108.46
10.588,108.56
10.593,108.66
10.599,108.76
10.605,108.86
10.61,108.96
10.616,109.06
10.622,109.26
10.628,109.36
10.633,109.46
10.639,109.56
10.645,109.66
10.65,109.76
10.656,109.86
10.663,110.06
10.668,110.16
10.673,110.26
10.679,110.36
10.685,110.46
10.69,110.56
10.696,110.66
10.703,110.86
10.708,110.96
10.713,111.06
10.719,111.16
10.725,111.26
10.73,111.36
10.736,111.46
10.743,111.66
10.748,111.76
10.753,111.86
10.759,111.96
10.765,112.06
10.77,112.16
10.776,112.26
10.783,112.46
10.788,112.56
10.793,112.66
10.799,112.76
10.805,112.86
10.81,112.96
10.816,113.06
10.823,113.26
10.828,113.36
10.833,113.46
10.839,113.56
10.845,113.66
10.85,113.76
10.856,113.86
10.863,114.06
10.868,114.16
10.873,114.26
10.879,114.36
10.885,114.46
10.89,114.56
10.896,114.66
10.903,114.86
10.908,114.96
10.914,115.06
10.919,115.16
10.925,115.26
10.93,115.36
10.936,115.46
10.943,115.66
10.948,115.76
10.953,115.86
10.959,115.96
10.965,116.06
10.97,116.16
10.976,116.26
10.983,116.46
10.988,116.56
10.993,116.66
10.999,116.76
11.005,116.86
11.01,116.96
11.016,117.06
11.023,117.26
11.028,117.36
11.033,117.46
11.04,117.56
11.045,117.66
11.051,117.76
11.058,117.96
11.063,118.06
11.069,118.16
11.074,118.26
11.08,118.36
11.086,118.46
11.091,118.56
11.098,118.76
11.103,118.86
11.109,118.96
11.115,119.06
11.12,119.16
11.125,119.26
11.131,119.36
11.138,119.56
11.143,119.66
11.148,119.76
11.154,119.86
11.16,119.96
11.165,120.06
11.171,120.16
11.178,120.36
11.183,120.46
11.189,120.56
11.194,120.66
11.2,120.76
11.206,120.86
11.211,121.06
11.218,121.16
11.224,121.26
11.229,121.36
11.235,121.46
11.241,121.66
11.248,121.76
11.253,121.86
11.259,121.96
11.265,122.06
11.27,122.16
11.276,122.26
11.283,122.46
11.288,122.56
11.294,122.66
11.299,122.76
11.305,122.86
11.311,122.96
11.318,123.16
11.323,123.26
11.328,123.36
11.334,123.46
11.34,123.56
11.345,123.66
11.351,123.76
11.358,123.96
11.363,124.06
11.368,124.16
11.374,124.26
11.38,124.36
11.385,124.46
11.391,124.56
11.398,124.76
11.403,124.86
11.409,124.96
11.414,125.06
11.42,125.16
11.425,125.26
11.431,125.36
11.437,125.56
11.443,125.66
11.448,125.76
11.454,125.86
11.46,125.96
11.465,126.06
11.471,126.16
11.478,126.36
11.483,126.46
11.488,126.56
11.494,126.66
11.5,126.76
11.505,126.86
11.51,126.96
11.516,127.06
11.523,127.26
11.528,127.36
11.534,127.46
11.539,127.56
11.545,127.66
11.551,127.76
11.558,127.96
11.563,128.06
11.568,128.16
11.574,128.26
11.58,128.36
11.585,128.46
11.591,128.56
11.598,128.76
11.603,128.86
11.609,128.96
11.614,129.06
11.62,129.16
11.626,129.26
11.631,129.36
11.638,129.56
11.643,129.66
11.649,129.76
11.654,129.86
11.66,129.96
11.665,130.06
11.671,130.16
11.677,130.36
11.683,130.46
11.688,130.56
11.694,130.66
11.7,130.76
11.706,130.86
11.711,130.96
11.716,131.16
11.723,131.26
11.728,131.36
11.734,131.46
11.74,131.56
11.745,131.66
11.751,131.76
11.758,131.96
11.763,132.06
11.769,132.16
11.774,132.26
11.78,132.36
11.785,132.46
11.791,132.56
11.798,132.76
11.803,132.86
11.809,132.96
11.814,133.06
11.82,133.16
11.825,133.26
11.831,133.36
11.838,133.56
11.843,133.66
11.848,133.76
11.854,133.86
11.86,133.96
11.865,134.06
11.871,134.16
11.878,134.36
11.883,134.46
11.888,134.56
11.894,134.66
11.9,134.76
11.905,134.86
11.911,134.96
11.916,135.16
11.923,135.26
11.929,135.36
11.934,135.46
11.94,135.56
11.945,135.66
11.951,135.76
11.958,135.96
11.963,136.06
11.969,136.16
11.974,136.26
11.98,136.36
11.985,136.46
11.991,136.56
11.998,136.76
12.003,136.86
12.009,136.96
12.015,137.06
12.02,137.16
12.026,137.36
12.033,137.46
12.038,137.56
12.044,137.66
12.05,137.76
12.056,137.86
12.063,138.06
12.068,138.16
12.074,138.26
12.08,138.36
12.085,138.46
12.091,138.66
12.098,138.76
12.104,138.86
12.109,138.96
12.115,139.06
12.12,139.16
12.126,139.26
12.132,139.46
12.138,139.56
12.144,139.66
12.149,139.76
12.155,139.86
12.16,139.96
12.166,140.16
12.173,140.26
12.178,140.36
12.184,140.46
12.19,140.56
12.195,140.66
12.201,140.86
12.208,140.96
12.213,141.06
12.219,141.16
12.224,141.26
12.23,141.36
12.235,141.46
12.241,141.56
12.248,141.76
12.253,141.86
12.258,141.96
12.264,142.06
12.27,142.16
12.275,142.26
12.281,142.46
12.288,142.56
12.294,142.66
12.3,142.76
12.306,142.86
12.311,142.96
12.317,143.16
12.323,143.26
12.329,143.36
12.334,143.46
12.34,143.56
12.345,143.66
12.351,143.76
12.358,143.96
12.364,144.06
12.37,144.16
12.376,144.26
12.381,144.36
12.387,144.56
12.393,144.66
12.399,144.76
12.404,144.86
12.41,144.96
12.415,145.06
12.421,145.16
12.427,145.36
12.433,145.46
12.438,145.56
12.444,145.66
12.449,145.76
12.455,145.86
12.46,145.96
12.466,146.06
12.473,146.26
12.478,146.36
12.483,146.46
12.489,146.56
12.495,146.66
12.5,146.76
12.506,146.86
12.513,147.06
12.518,147.16
12.523,147.26
12.529,147.36
12.534,147.46
12.54,147.56
12.546,147.76
12.553,147.86
12.559,147.96
12.564,148.06
12.57,148.16
12.576,148.26
12.581,148.46
12.588,148.56
12.593,148.66
12.599,148.76
12.604,148.86
12.61,148.96
12.616,149.06
12.621,149.16
12.626,149.36
12.633,149.46
12.639,149.56
12.644,149.66
12.65,149.76
12.655,149.86
12.661,149.96
12.666,150.16
12.673,150.26
12.678,150.36
12.684,150.46
12.689,150.56
12.695,150.66
12.7,150.76
12.706,150.86
12.713,151.06
12.718,151.16
12.723,151.26
12.729,151.36
12.735,151.46
12.74,151.56
12.746,151.66
12.753,151.86
12.758,151.96
12.764,152.06
12.769,152.16
12.775,152.26
12.78,152.36
12.786,152.46
12.793,152.66
12.798,152.76
12.804,152.86
12.809,152.96
12.815,153.06
12.82,153.16
12.826,153.26
12.833,153.46
12.838,153.56
12.844,153.66
12.849,153.76
12.855,153.86
12.86,153.96
12.866,154.16
12.873,154.26
12.878,154.36
12.884,154.46
12.889,154.56
12.895,154.66
12.9,154.76
12.906,154.86
12.913,155.06
12.918,155.16
12.923,155.26
12.929,155.36
12.934,155.46
12.94,155.56
12.945,155.66
12.951,155.76
12.956,155.96
12.963,156.06
12.968,156.16
12.974,156.26
12.979,156.36
12.985,156.46
12.991,156.56
12.996,156.76
13.003,156.86
13.008,156.96
13.014,157.06
13.019,157.16
13.025,157.26
13.03,157.36
13.036,157.46
13.041,157.66
13.048,157.76
13.053,157.86
13.059,157.96
13.064,158.06
13.07,158.16
13.076,158.26
13.083,158.46
13.089,158.56
13.094,158.66
13.1,158.76
13.105,158.86
13.111,158.96
13.116,159.16
13.123,159.26
13.128,159.36
13.134,159.46
13.14,159.56
13.145,159.66
13.151,159.76
13.156,159.96
13.163,160.06
13.169,160.16
13.174,160.26
13.179,160.36
13.185,160.46
13.19,160.56
13.196,160.66
13.201,160.86
13.208,160.96
13.213,161.06
13.219,161.16
13.224,161.26
13.23,161.36
13.235,161.46
13.241,161.66
13.248,161.76
13.253,161.86
13.259,161.96
13.264,162.06
13.27,162.16
13.275,162.26
13.281,162.36
13.286,162.56
13.293,162.66
13.298,162.76
13.304,162.86
13.309,162.96
13.315,163.06
13.32,163.16
13.326,163.26
13.331,163.46
13.338,163.56
13.344,163.66
13.349,163.76
13.355,163.86
13.36,163.96
13.365,164.06
13.371,164.16
13.376,164.36
13.383,164.46
13.388,164.56
13.394,164.66
13.4,164.76
13.405,164.86
13.411,164.96
13.416,165.16
13.423,165.26
13.428,165.36
13.434,165.46
13.44,165.56
13.445,165.66
13.451,165.76
13.456,165.96
13.463,166.06
13.468,166.16
13.474,166.26
13.48,166.36
13.485,166.46
13.491,166.56
13.496,166.76
13.503,166.86
13.508,166.96
13.514,167.06
13.52,167.16
13.525,167.26
13.531,167.36
13.536,167.56
13.543,167.66
13.548,167.76
13.554,167.86
13.56,167.96
13.565,168.06
13.571,168.16
13.576,168.36
13.583,168.46
13.588,168.56
13.594,168.66
13.6,168.76
13.605,168.86
13.611,168.96
13.616,169.16
13.623,169.26
13.628,169.36
13.634,169.46
13.64,169.56
13.645,169.66
13.651,169.76
13.656,169.96
13.663,170.06
13.668,170.16
13.674,170.26
13.68,170.36
13.685,170.46
13.691,170.56
13.696,170.76
13.703,170.86
13.708,170.96
13.714,171.06
13.72,171.16
13.725,171.26
13.731,171.36
13.736,171.56
13.743,171.66
13.748,171.76
13.754,171.86
13.76,171.96
13.765,172.06
13.771,172.16
13.776,172.36
13.783,172.46
13.788,172.56
13.794,172.66
13.8,172.76
13.805,172.86
13.811,172.96
13.816,173.16
13.823,173.26
13.828,173.36
13.834,173.46
13.84,173.56
13.845,173.66
13.851,173.76
13.856,173.96
13.863,174.06
13.868,174.16
13.875,174.26
13.88,174.36
13.885,174.46
13.891,174.56
13.896,174.76
13.903,174.86
13.909,174.96
13.914,175.06
13.92,175.16
13.925,175.26
13.931,175.36
13.936,175.56
13.943,175.66
13.949,175.76
13.954,175.86
13.96,175.96
13.965,176.06
13.971,176.16
13.976,176.36
13.983,176.46
13.989,176.56
13.994,176.66
14,176.76
14.005,176.86
14.011,176.96
14.018,177.16
14.024,177.26
14.029,177.36
14.035,177.46
14.04,177.56
14.046,177.66
14.052,177.86
14.058,177.96
14.064,178.06
14.069,178.16
14.075,178.26
14.081,178.36
14.086,178.56
14.093,178.66
14.098,178.76
14.104,178.86
14.11,178.96
14.115,179.06
14.121,179.26
14.128,179.36
14.134,179.46
14.139,179.56
14.145,179.66
14.15,179.76
14.156,179.86
14.163,180.06
14.168,180.16
14.174,180.26
14.18,180.36
14.185,180.46
14.191,180.56
14.196,180.76
14.203,180.86
14.208,180.96
14.214,181.06
14.219,181.16
14.225,181.26
14.23,181.36
14.236,181.46
14.241,181.66
14.248,181.76
14.253,181.86
14.259,181.96
14.264,182.06
14.27,182.16
14.275,182.26
14.281,182.46
14.288,182.56
14.293,182.66
14.299,182.76
14.304,182.86
14.31,182.96
14.315,183.06
14.321,183.26
14.328,183.36
14.333,183.46
14.339,183.56
14.344,183.66
14.35,183.76
14.355,183.86
14.361,184.06
14.368,184.16
14.373,184.26
14.379,184.36
14.384,184.46
14.39,184.56
14.395,184.66
14.401,184.76
14.406,184.96
14.413,185.06
14.418,185.16
14.424,185.26
14.429,185.36
14.435,185.46
14.44,185.56
14.446,185.66
14.451,185.86
14.458,185.96
14.464,186.06
14.469,186.16
14.475,186.26
14.48,186.36
14.486,186.46
14.491,186.66
14.499,186.76
14.504,186.86
14.509,186.96
14.515,187.06
14.52,187.16
14.526,187.26
14.531,187.46
14.538,187.56
14.544,187.66
14.549,187.76
14.555,187.86
14.56,187.96
14.566,188.06
14.571,188.26
14.578,188.36
14.584,188.46
14.589,188.56
14.595,188.66
14.6,188.76
14.606,188.86
14.611,189.06
14.618,189.16
14.624,189.26
14.629,189.36
14.635,189.46
14.64,189.56
14.646,189.66
14.651,189.86
14.658,189.96
14.664,190.06
14.669,190.16
14.675,190.26
14.68,190.36
14.686,190.46
14.691,190.66
14.698,190.76
14.704,190.86
14.709,190.96
14.715,191.06
14.72,191.16
14.726,191.26
14.731,191.46
14.738,191.56
14.744,191.66
14.749,191.76
14.755,191.86
14.76,191.96
14.766,192.06
14.771,192.26
14.778,192.36
14.784,192.46
14.789,192.56
14.795,192.66
14.8,192.76
14.806,192.86
14.811,193.06
14.818,193.16
14.824,193.26
14.829,193.36
14.835,193.46
14.84,193.56
14.846,193.66
14.851,193.86
14.858,193.96
14.864,194.06
14.869,194.16
14.875,194.26
14.88,194.36
14.886,194.46
14.893,194.66
14.898,194.76
14.904,194.86
14.91,194.96
14.915,195.06
14.922,195.26
14.928,195.36
14.933,195.46
14.939,195.56
14.944,195.66
14.95,195.76
14.955,195.86
14.961,195.96
14.968,196.16
14.973,196.26
14.979,196.36
14.984,196.46
14.99,196.56
14.995,196.66
15.001,196.86
15.008,196.96
15.014,197.06
15.02,197.16
15.026,197.36
15.033,197.46
15.039,197.56
15.044,197.66
15.049,197.76
15.055,197.86
15.06,197.96
15.066,198.16
15.073,198.26
15.078,198.35
15.084,198.45
15.089,198.54
15.095,198.63
15.1,198.71
15.106,198.8
15.113,198.95
15.118,199.02
15.124,199.08
15.129,199.14
15.136,199.19
15.141,199.24
15.146,199.3
15.153,199.32
15.158,199.33
15.164,199.33
15.169,199.33
15.175,199.31
15.18,199.28
15.186,199.21
15.193,199.16
15.2,199.11
15.205,199.05
15.21,198.98
15.216,198.91
15.221,198.75
15.228,198.66
15.233,198.57
15.239,198.48
15.244,198.39
15.25,198.29
15.256,198.2
15.261,198
15.268,197.9
15.274,197.8
15.28,197.7
15.285,197.6
15.291,197.5
15.296,197.3
15.304,197.2
15.309,197.1
15.315,197
15.32,196.9
15.326,196.8
15.331,196.6
15.338,196.5
15.344,196.4
15.349,196.3
15.355,196.2
15.36,196.1
15.366,196
15.371,195.8
15.378,195.7
15.384,195.6
15.389,195.5
15.395,195.4
15.4,195.3
15.406,195.2
15.411,195
15.418,194.9
15.424,194.8
15.43,194.7
15.435,194.6
15.441,194.5
15.448,194.3
15.453,194.2
15.459,194.1
15.465,194
15.471,193.9
15.476,193.7
15.483,193.6
15.488,193.5
15.494,193.4
15.499,193.3
15.505,193.2
15.51,193.1
15.516,193
15.521,192.8
15.528,192.7
15.533,192.6
15.539,192.5
15.544,192.4
15.55,192.3
15.555,192.2
15.561,192
15.568,191.9
15.573,191.8
15.579,191.7
15.584,191.6
15.59,191.5
15.595,191.4
15.601,191.3
15.606,191.1
15.613,191
15.618,190.9
15.624,190.8
15.629,190.7
15.635,190.6
15.64,190.5
15.646,190.4
15.651,190.2
15.658,190.1
15.664,190
15.669,189.9
15.675,189.8
15.68,189.7
15.686,189.6
15.692,189.4
15.698,189.3
15.704,189.2
15.71,189.1
15.715,189
15.721,188.8
15.728,188.7
15.733,188.6
15.739,188.5
15.745,188.4
15.751,188.3
15.756,188.1
15.763,188
15.769,187.9
15.775,187.8
15.78,187.7
15.786,187.6
15.793,187.4
15.798,187.3
15.804,187.2
15.809,187.1
15.815,187
15.82,186.9
15.826,186.7
15.833,186.6
15.839,186.5
15.844,186.4
15.849,186.3
15.855,186.2
15.86,186.1
15.866,186
15.873,185.8
15.878,185.7
15.884,185.6
15.889,185.5
15.895,185.4
15.901,185.3
15.906,185.1
15.913,185
15.919,184.9
15.924,184.8
15.93,184.7
15.935,184.6
15.941,184.5
15.946,184.3
15.953,184.2
15.959,184.1
15.964,184
15.97,183.9
15.976,183.8
15.981,183.6
15.988,183.5
15.993,183.4
15.999,183.3
16.004,183.2
16.01,183.1
16.016,183
16.021,182.8
16.028,182.7
16.033,182.6
16.039,182.5
16.044,182.4
16.05,182.3
16.056,182.2
16.061,182
16.068,181.9
16.073,181.8
16.079,181.7
16.084,181.6
16.09,181.5
16.096,181.4
16.101,181.2
16.108,181.1
16.113,181
16.119,180.9
16.124,180.8
16.13,180.7
16.136,180.6
16.141,180.4
16.148,180.3
16.153,180.2
16.159,180.1
16.164,180
16.17,179.9
16.176,179.8
16.181,179.6
16.188,179.5
16.193,179.4
16.199,179.3
16.204,179.2
16.21,179.1
16.216,179
16.221,178.8
16.228,178.7
16.233,178.6
16.239,178.5
16.244,178.4
16.25,178.3
16.256,178.2
16.261,178
16.268,177.9
16.273,177.8
16.279,177.7
16.284,177.6
16.29,177.5
16.296,177.4
16.301,177.2
16.308,177.1
16.313,177
16.319,176.9
16.324,176.8
16.33,176.7
16.336,176.6
16.341,176.4
16.348,176.3
16.353,176.2
16.359,176.1
16.364,176
16.37,175.9
16.376,175.8
16.381,175.6
16.388,175.5
16.393,175.4
16.399,175.3
16.404,175.2
16.41,175.1
16.416,175
16.421,174.8
16.428,174.7
16.433,174.6
16.439,174.5
16.444,174.4
16.45,174.3
16.456,174.2
16.461,174
16.468,173.9
16.473,173.8
16.479,173.7
16.484,173.6
16.49,173.5
16.496,173.4
16.503,173.2
16.508,173.1
16.514,173
16.52,172.9
16.525,172.8
16.531,172.7
16.536,172.5
16.543,172.4
16.55,172.3
16.555,172.2
16.561,172.1
16.568,171.9
16.573,171.8
16.579,171.7
16.584,171.6
16.59,171.5
16.596,171.4
16.601,171.2
16.608,171.1
16.613,171
16.619,170.9
16.624,170.8
16.63,170.7
16.635,170.6
16.641,170.5
16.646,170.3
16.653,170.2
16.658,170.1
16.664,170
16.669,169.9
16.675,169.8
16.68,169.7
16.686,169.6
16.691,169.4
16.698,169.3
16.704,169.2
16.709,169.1
16.715,169
16.72,168.9
16.726,168.8
16.731,168.6
16.738,168.5
16.744,168.4
16.749,168.3
16.755,168.2
16.76,168.1
16.766,168
16.771,167.8
16.778,167.7
16.784,167.6
16.789,167.5
16.795,167.4
16.8,167.3
16.806,167.2
16.811,167
16.818,166.9
16.824,166.8
16.829,166.7
16.835,166.6
16.84,166.5
16.846,166.4
16.851,166.2
16.858,166.1
16.864,166
16.869,165.9
16.875,165.8
16.88,165.7
16.886,165.6
16.891,165.4
16.898,165.3
16.904,165.2
16.909,165.1
16.915,165
16.92,164.9
16.926,164.8
16.931,164.6
16.938,164.5
16.944,164.4
16.949,164.3
16.955,164.2
16.96,164.1
16.966,164
16.971,163.9
16.978,163.7
16.984,163.6
16.989,163.5
16.995,163.4
17,163.3
17.006,163.2
17.011,163
17.018,162.9
17.024,162.8
17.029,162.7
17.035,162.6
17.04,162.5
17.046,162.4
17.051,162.2
17.058,162.1
17.064,162
17.069,161.9
17.075,161.8
17.08,161.7
17.086,161.6
17.091,161.4
17.098,161.3
17.104,161.2
17.109,161.1
17.115,161
17.12,160.9
17.126,160.8
17.131,160.6
17.138,160.5
17.144,160.4
17.149,160.3
17.155,160.2
17.16,160.1
17.166,160
17.171,159.8
17.178,159.7
17.184,159.6
17.19,159.5
17.195,159.4
17.201,159.3
17.206,159.1
17.213,159
17.218,158.9
17.224,158.8
17.229,158.7
17.235,158.6
17.24,158.5
17.246,158.4
17.251,158.2
17.258,158.1
17.264,158
17.269,157.9
17.275,157.8
17.28,157.7
17.286,157.6
17.291,157.4
17.298,157.3
17.304,157.2
17.309,157.1
17.315,157
17.32,156.9
17.326,156.8
17.333,156.6
17.338,156.5
17.344,156.4
17.349,156.3
17.355,156.2
17.361,156.1
17.366,156
17.373,155.8
17.378,155.7
17.384,155.6
17.39,155.5
17.395,155.4
17.401,155.2
17.408,155.1
17.414,155
17.419,154.9
17.425,154.8
17.43,154.7
17.436,154.6
17.441,154.4
17.448,154.3
17.454,154.2
17.459,154.1
17.465,154
17.471,153.9
17.478,153.7
17.483,153.6
17.489,153.5
17.495,153.4
17.5,153.3
17.506,153.1
17.513,153
17.519,152.9
17.525,152.8
17.53,152.7
17.536,152.6
17.543,152.4
17.548,152.3
17.554,152.2
17.56,152.1
17.565,152
17.571,151.9
17.576,151.7
17.583,151.6
17.589,151.5
17.594,151.4
17.6,151.3
17.605,151.2
17.611,151.1
17.616,150.9
17.623,150.8
17.629,150.7
17.634,150.6
17.64,150.5
17.645,150.4
17.651,150.3
17.656,150.1
17.663,150
17.669,149.9
17.674,149.8
17.68,149.7
17.686,149.6
17.691,149.4
17.698,149.3
17.704,149.2
17.709,149.1
17.715,149
17.721,148.9
17.728,148.7
17.733,148.6
17.739,148.5
17.744,148.4
17.75,148.3
17.755,148.2
17.761,148.1
17.767,147.9
17.773,147.8
17.779,147.7
17.784,147.6
17.79,147.5
17.795,147.4
17.801,147.2
17.808,147.1
17.814,147
17.819,146.9
17.825,146.8
17.83,146.7
17.836,146.6
17.841,146.4
17.848,146.3
17.854,146.2
17.859,146.1
17.865,146
17.871,145.9
17.876,145.7
17.883,145.6
17.889,145.5
17.894,145.4
17.9,145.3
17.906,145.2
17.913,145
17.919,144.9
17.924,144.8
17.93,144.7
17.936,144.6
17.941,144.4
17.948,144.3
17.954,144.2
17.96,144.1
17.965,144
17.971,143.9
17.976,143.7
17.983,143.6
17.989,143.5
17.994,143.4
18,143.3
18.005,143.2
18.011,143.1
18.016,142.9
18.023,142.8
18.029,142.7
18.034,142.6
18.04,142.5
18.045,142.4
18.051,142.3
18.056,142.1
18.063,142
18.069,141.9
18.074,141.8
18.08,141.7
18.085,141.6
18.091,141.5
18.096,141.3
18.103,141.2
18.108,141.1
18.114,141
18.12,140.9
18.125,140.8
18.131,140.7
18.136,140.5
18.143,140.4
18.149,140.3
18.154,140.2
18.16,140.1
18.166,140
18.171,139.9
18.178,139.7
18.184,139.6
18.189,139.5
18.195,139.4
18.201,139.3
18.208,139.1
18.213,139
18.219,138.9
18.224,138.8
18.23,138.7
18.235,138.6
18.241,138.5
18.248,138.3
18.253,138.2
18.259,138.1
18.264,138
18.27,137.9
18.275,137.8
18.281,137.6
18.288,137.5
18.293,137.4
18.299,137.3
18.304,137.2
18.31,137.1
18.315,137
18.321,136.9
18.328,136.7
18.333,136.6
18.339,136.5
18.344,136.4
18.35,136.3
18.355,136.2
18.361,136
18.368,135.9
18.373,135.8
18.379,135.7
18.384,135.6
18.39,135.5
18.395,135.4
18.401,135.3
18.408,135.1
18.413,135
18.419,134.9
18.424,134.8
18.43,134.7
18.435,134.6
18.441,134.5
18.448,134.3
18.454,134.2
18.46,134.1
18.465,134
18.471,133.9
18.477,133.7
18.483,133.6
18.489,133.5
18.495,133.4
18.501,133.3
18.506,133.1
18.513,133
18.519,132.9
18.524,132.8
18.53,132.7
18.536,132.6
18.541,132.5
18.548,132.3
18.553,132.2
18.559,132.1
18.564,132
18.57,131.9
18.576,131.8
18.581,131.7
18.588,131.5
18.593,131.4
18.599,131.3
18.604,131.2
18.61,131.1
18.616,131
18.621,130.9
18.628,130.7
18.633,130.6
18.639,130.5
18.644,130.4
18.65,130.3
18.656,130.2
18.661,130.1
18.668,129.9
18.673,129.8
18.679,129.7
18.684,129.6
18.69,129.5
18.696,129.4
18.701,129.3
18.708,129.1
18.713,129
18.719,128.9
18.724,128.8
18.73,128.7
18.736,128.6
18.741,128.5
18.748,128.3
18.753,128.2
18.759,128.1
18.764,128
18.77,127.9
18.776,127.8
18.781,127.7
18.788,127.5
18.793,127.4
18.799,127.3
18.804,127.2
18.81,127.1
18.816,127
18.821,126.9
18.828,126.7
18.833,126.6
18.839,126.5
18.844,126.4
18.85,126.3
18.856,126.2
18.861,126
18.868,125.9
18.873,125.8
18.879,125.7
18.884,125.6
18.89,125.5
18.896,125.4
18.901,125.3
18.908,125.1
18.913,125
18.919,124.9
18.924,124.8
18.93,124.7
18.936,124.6
18.941,124.4
18.948,124.3
18.953,124.2
18.959,124.1
18.964,124
18.97,123.9
18.976,123.8
18.981,123.7
18.988,123.5
18.993,123.4
18.999,123.3
19.004,123.2
19.01,123.1
19.016,123
19.021,122.9
19.028,122.7
19.033,122.6
19.039,122.5
19.044,122.4
19.05,122.3
19.056,122.2
19.061,122.1
19.068,121.9
19.073,121.8
19.079,121.7
19.084,121.6
19.09,121.5
19.096,121.4
19.101,121.3
19.108,121.1
19.113,121
19.119,120.9
19.124,120.8
19.13,120.7
19.136,120.6
19.141,120.5
19.148,120.3
19.153,120.2
19.159,120.1
19.164,120
19.17,119.9
19.176,119.8
19.181,119.7
19.188,119.5
19.193,119.4
19.2,119.3
19.206,119.2
19.211,119.1
19.216,119
19.223,118.8
19.228,118.7
19.234,118.6
19.24,118.5
19.246,118.4
19.251,118.2
19.258,118.1
19.264,118
19.269,117.9
19.275,117.8
19.281,117.7
19.288,117.5
19.293,117.4
19.299,117.3
19.304,117.2
19.31,117.1
19.315,117
19.321,116.9
19.328,116.7
19.333,116.6
19.339,116.5
19.344,116.4
19.35,116.3
19.355,116.2
19.361,116.1
19.366,116
19.373,115.8
19.378,115.7
19.384,115.6
19.389,115.5
19.395,115.4
19.4,115.3
19.406,115.2
19.411,115.1
19.418,114.9
19.424,114.8
19.429,114.7
19.435,114.6
19.44,114.5
19.446,114.4
19.451,114.3
19.458,114.1
19.463,114
19.469,113.9
19.474,113.8
19.48,113.7
19.485,113.6
19.491,113.5
19.496,113.4
19.503,113.2
19.508,113.1
19.514,113
19.519,112.9
19.525,112.8
19.53,112.7
19.536,112.6
19.541,112.5
19.548,112.3
19.553,112.2
19.559,112.1
19.564,112
19.57,111.9
19.576,111.8
19.581,111.6
19.588,111.5
19.593,111.4
19.599,111.3
19.604,111.2
19.61,111.1
19.616,111
19.621,110.9
19.628,110.7
19.633,110.6
19.639,110.5
19.644,110.4
19.65,110.3
19.656,110.2
19.661,110.1
19.668,109.9
19.673,109.8
19.679,109.7
19.684,109.6
19.69,109.5
19.696,109.4
19.701,109.3
19.708,109.1
19.713,109
19.719,108.9
19.724,108.8
19.73,108.7
19.736,108.6
19.741,108.5
19.748,108.3
19.753,108.2
19.759,108.1
19.764,108
19.77,107.9
19.776,107.8
19.781,107.7
19.788,107.5
19.793,107.4
19.799,107.3
19.804,107.2
19.81,107.1
19.816,107
19.821,106.9
19.828,106.7
19.834,106.6
19.839,106.5
19.845,106.4
19.85,106.3
19.856,106.2
19.861,106.1
19.868,105.9
19.873,105.8
19.879,105.7
19.884,105.6
19.89,105.5
19.896,105.4
19.901,105.3
19.908,105.1
19.913,105
19.919,104.9
19.924,104.8
19.93,104.7
19.936,104.6
19.941,104.5
19.948,104.3
19.953,104.2
19.959,104.1
19.964,104
19.97,103.9
19.976,103.8
19.981,103.7
19.988,103.5
19.993,103.4
19.999,103.3
20.004,103.2
20.01,103.1
20.016,103
20.021,102.9
20.028,102.7
20.034,102.6
20.04,102.5
20.046,102.4
20.051,102.3
20.058,102.1
20.064,102
20.069,101.9
20.075,101.8
20.08,101.71
20.086,101.61
20.091,101.43
20.098,101.35
20.104,101.26
20.109,101.18
20.115,101.11
20.121,101.04
20.127,100.92
20.133,100.87
20.138,100.82
20.144,100.79
20.149,100.76
20.155,100.74
20.16,100.73
20.166,100.73
20.171,100.73
20.178,100.78
20.183,100.81
20.189,100.85
20.194,100.9
20.2,100.95
20.205,101.01
20.211,101.08
20.216,101.15
20.223,101.31
20.228,101.4
20.234,101.49
20.239,101.58
20.245,101.67
20.25,101.77
20.256,101.86
20.261,101.96
20.268,102.16
20.273,102.26
20.279,102.36
20.284,102.46
20.29,102.56
20.296,102.66
20.301,102.76
20.308,102.96
20.313,103.06
20.319,103.16
20.324,103.26
20.33,103.36
20.336,103.46
20.341,103.56
20.348,103.76
20.353,103.86
20.359,103.96
20.364,104.06
20.37,104.16
20.376,104.26
20.381,104.46
20.388,104.56
20.393,104.66
20.399,104.76
20.404,104.86
20.41,104.96
20.416,105.06
20.421,105.16
20.427,105.36
20.433,105.46
20.438,105.56
20.444,105.66
20.449,105.76
20.455,105.86
20.461,105.96
20.466,106.06
20.473,106.26
20.478,106.36
20.484,106.46
20.489,106.56
20.495,106.66
20.5,106.76
20.506,106.86
20.513,107.06
20.518,107.16
20.524,107.26
20.529,107.36
20.535,107.46
20.54,107.56
20.546,107.66
20.553,107.86
20.559,107.96
20.565,108.06
20.571,108.16
20.576,108.26
20.583,108.46
20.588,108.56
20.594,108.66
20.599,108.76
20.605,108.86
20.611,108.96
20.616,109.06
20.621,109.16
20.628,109.36
20.633,109.46
20.639,109.56
20.644,109.66
20.65,109.76
20.656,109.86
20.661,109.96
20.668,110.16
20.673,110.26
20.679,110.36
20.684,110.46
20.69,110.56
20.696,110.66
20.701,110.76
20.708,110.96
20.713,111.06
20.719,111.16
20.724,111.26
20.73,111.36
20.736,111.46
20.741,111.56
20.748,111.76
20.753,111.86
20.759,111.96
20.764,112.06
20.77,112.16
20.776,112.26
20.781,112.36
20.788,112.56
20.793,112.66
20.799,112.76
20.804,112.86
20.81,112.96
20.816,113.06
20.821,113.26
20.828,113.36
20.834,113.46
20.84,113.56
20.846,113.66
20.851,113.76
20.856,113.86
20.863,114.06
20.869,114.16
20.874,114.26
20.88,114.36
20.886,114.46
20.891,114.56
20.898,114.76
20.904,114.86
20.909,114.96
20.915,115.06
20.92,115.16
20.926,115.26
20.931,115.36
20.938,115.56
20.944,115.66
20.949,115.76
20.955,115.86
20.96,115.96
20.966,116.06
20.971,116.16
20.978,116.36
20.984,116.46
20.989,116.56
20.994,116.66
21,116.76
21.005,116.86
21.011,116.96
21.016,117.06
21.023,117.26
21.028,117.36
21.034,117.46
21.039,117.56
21.045,117.66
21.05,117.76
21.056,117.86
21.061,117.96
21.068,118.16
21.073,118.26
21.079,118.36
21.084,118.46
21.09,118.56
21.096,118.66
21.101,118.86
21.108,118.96
21.113,119.06
21.119,119.16
21.124,119.26
21.13,119.36
21.136,119.46
21.141,119.56
21.148,119.76
21.153,119.86
21.159,119.96
21.164,120.06
21.17,120.16
21.176,120.26
21.181,120.46
21.188,120.56
21.194,120.66
21.199,120.76
21.205,120.86
21.21,120.96
21.216,121.06
21.221,121.16
21.228,121.36
21.233,121.46
21.239,121.56
21.244,121.66
21.25,121.76
21.256,121.86
21.261,121.96
21.268,122.16
21.273,122.26
21.28,122.36
21.285,122.46
21.291,122.56
21.296,122.66
21.303,122.86
21.308,122.96
21.314,123.06
21.319,123.16
21.325,123.26
21.33,123.36
21.336,123.46
21.341,123.56
21.348,123.76
21.353,123.86
21.359,123.96
21.364,124.06
21.37,124.16
21.376,124.26
21.381,124.36
21.388,124.56
21.393,124.66
21.399,124.76
21.404,124.86
21.41,124.96
21.416,125.06
21.421,125.16
21.428,125.36
21.433,125.46
21.439,125.56
21.444,125.66
21.45,125.76
21.456,125.86
21.461,125.96
21.468,126.16
21.473,126.26
21.479,126.36
21.484,126.46
21.49,126.56
21.496,126.66
21.501,126.86
21.508,126.96
21.513,127.06
21.52,127.16
21.525,127.26
21.531,127.36
21.536,127.46
21.543,127.66
21.548,127.76
21.554,127.86
21.56,127.96
21.565,128.06
21.571,128.16
21.576,128.26
21.583,128.46
21.588,128.56
21.594,128.66
21.599,128.76
21.605,128.86
21.61,128.96
21.616,129.06
21.621,129.26
21.628,129.36
21.634,129.46
21.64,129.56
21.646,129.66
21.651,129.76
21.658,129.96
21.664,130.06
21.669,130.16
21.675,130.26
21.68,130.36
21.686,130.46
21.691,130.66
21.698,130.76
21.704,130.86
21.709,130.96
21.715,131.06
21.72,131.16
21.726,131.26
21.732,131.46
21.738,131.56
21.744,131.66
21.749,131.76
21.755,131.86
21.76,131.96
21.766,132.06
21.771,132.16
21.778,132.36
21.784,132.46
21.789,132.56
21.795,132.66
21.8,132.76
21.806,132.86
21.811,132.96
21.818,133.16
21.824,133.26
21.829,133.36
21.835,133.46
21.84,133.56
21.846,133.66
21.851,133.76
21.858,133.96
21.864,134.06
21.869,134.16
21.875,134.26
21.88,134.36
21.886,134.46
21.891,134.56
21.898,134.76
21.904,134.86
21.909,134.96
21.915,135.06
21.92,135.16
21.926,135.26
21.931,135.36
21.938,135.56
21.943,135.66
21.949,135.76
21.954,135.86
21.96,135.96
21.965,136.06
21.971,136.16
21.976,136.26
21.983,136.46
21.988,136.56
21.994,136.66
22,136.76
22.005,136.86
22.011,136.96
22.016,137.06
22.023,137.26
22.028,137.36
22.034,137.46
22.04,137.56
22.045,137.66
22.051,137.76
22.056,137.86
22.062,138.06
22.068,138.16
22.074,138.26
22.08,138.36
22.085,138.46
22.091,138.56
22.096,138.66
22.102,138.86
22.108,138.96
22.113,139.06
22.119,139.16
22.124,139.26
22.13,139.36
22.136,139.46
22.141,139.56
22.148,139.76
22.153,139.86
22.159,139.96
22.164,140.06
22.17,140.16
22.176,140.26
22.181,140.36
22.188,140.56
22.193,140.66
22.199,140.76
22.204,140.86
22.21,140.96
22.216,141.06
22.221,141.16
22.228,141.36
22.233,141.46
22.239,141.56
22.244,141.66
22.25,141.76
22.256,141.86
22.261,141.96
22.268,142.16
22.273,142.26
22.279,142.36
22.284,142.46
22.29,142.56
22.296,142.66
22.303,142.86
22.308,142.96
22.314,143.06
22.32,143.16
22.325,143.26
22.331,143.36
22.336,143.46
22.343,143.66
22.348,143.76
22.354,143.86
22.36,143.96
22.365,144.06
22.371,144.16
22.376,144.26
22.383,144.46
22.388,144.56
22.394,144.66
22.4,144.76
22.405,144.86
22.411,144.96
22.416,145.06
22.423,145.26
22.429,145.36
22.435,145.46
22.44,145.56
22.446,145.66
22.451,145.86
22.458,145.96
22.464,146.06
22.469,146.16
22.475,146.26
22.48,146.36
22.486,146.46
22.491,146.66
22.498,146.76
22.504,146.86
22.51,146.96
22.515,147.06
22.521,147.16
22.528,147.36
22.533,147.46
22.539,147.56
22.544,147.66
22.55,147.76
22.555,147.86
22.561,147.96
22.566,148.06
22.573,148.26
22.578,148.36
22.584,148.46
22.589,148.56
22.595,148.66
22.6,148.76
22.606,148.86
22.611,148.96
22.618,149.16
22.624,149.26
22.629,149.36
22.635,149.46
22.64,149.56
22.646,149.66
22.651,149.76
22.658,149.96
22.663,150.06
22.669,150.16
22.674,150.26
22.68,150.36
22.685,150.46
22.691,150.56
22.696,150.66
22.703,150.86
22.708,150.96
22.714,151.06
22.72,151.16
22.725,151.26
22.731,151.36
22.736,151.46
22.743,151.66
22.748,151.76
22.754,151.86
22.76,151.96
22.765,152.06
22.771,152.16
22.776,152.26
22.782,152.46
22.788,152.56
22.794,152.66
22.8,152.76
22.805,152.86
22.811,152.96
22.816,153.06
22.823,153.26
22.828,153.36
22.834,153.46
22.84,153.56
22.845,153.66
22.851,153.76
22.856,153.86
22.862,154.06
22.868,154.16
22.874,154.26
22.88,154.36
22.885,154.46
22.891,154.56
22.896,154.66
22.903,154.86
22.908,154.96
22.914,155.06
22.92,155.16
22.925,155.26
22.931,155.36
22.936,155.46
22.943,155.66
22.948,155.76
22.954,155.86
22.96,155.96
22.965,156.06
22.971,156.16
22.976,156.26
22.982,156.46
22.988,156.56
22.994,156.66
23,156.76
23.005,156.86
23.011,156.96
23.016,157.06
23.023,157.26
23.028,157.36
23.034,157.46
23.04,157.56
23.045,157.66
23.051,157.76
23.056,157.86
23.063,158.06
23.068,158.16
23.074,158.26
23.08,158.36
23.085,158.46
23.091,158.56
23.096,158.66
23.102,158.86
23.108,158.96
23.114,159.06
23.12,159.16
23.125,159.26
23.131,159.36
23.136,159.46
23.142,159.66
23.148,159.76
23.154,159.86
23.16,159.96
23.165,160.06
23.171,160.16
23.176,160.26
23.183,160.46
23.188,160.56
23.194,160.66
23.2,160.76
23.205,160.86
23.211,160.96
23.216,161.06
23.222,161.26
23.228,161.36
23.234,161.46
23.24,161.56
23.245,161.66
23.251,161.76
23.257,161.86
23.263,162.06
23.269,162.16
23.274,162.26
23.28,162.36
23.286,162.46
23.291,162.56
23.298,162.76
23.304,162.86
23.309,162.96
23.315,163.06
23.32,163.16
23.329,163.36
23.334,163.46
23.34,163.56
23.345,163.66
23.351,163.76
23.356,163.86
23.363,164.06
23.368,164.16
23.374,164.26
23.379,164.36
23.385,164.46
23.391,164.56
23.396,164.66
23.403,164.86
23.408,164.96
23.414,165.06
23.419,165.16
23.425,165.26
23.43,165.36
23.436,165.46
23.441,165.56
23.448,165.76
23.453,165.86
23.459,165.96
23.464,166.06
23.47,166.16
23.475,166.26
23.481,166.36
23.487,166.56
23.493,166.66
23.499,166.76
23.504,166.86
23.51,166.96
23.515,167.06
23.521,167.16
23.526,167.26
23.533,167.46
23.538,167.56
23.544,167.66
23.549,167.76
23.555,167.86
23.56,167.96
23.566,168.06
23.571,168.26
23.578,168.36
23.584,168.46
23.589,168.56
23.595,168.66
23.6,168.76
23.606,168.86
23.611,168.96
23.618,169.16
23.623,169.26
23.629,169.36
23.634,169.46
23.64,169.56
23.645,169.66
23.651,169.76
23.656,169.86
23.663,170.06
23.668,170.16
23.674,170.26
23.68,170.36
23.685,170.46
23.691,170.56
23.696,170.66
23.702,170.86
23.708,170.96
23.714,171.06
23.72,171.16
23.725,171.26
23.731,171.36
23.736,171.46
23.743,171.66
23.748,171.76
23.754,171.86
23.76,171.96
23.765,172.06
23.771,172.16
23.776,172.26
23.782,172.46
23.788,172.56
23.794,172.66
23.8,172.76
23.805,172.86
23.811,172.96
23.816,173.06
23.822,173.26
23.828,173.36
23.834,173.46
23.84,173.56
23.845,173.66
23.851,173.76
23.856,173.86
23.862,174.06
23.868,174.16
23.874,174.26
23.881,174.36
23.887,174.56
23.893,174.66
23.899,174.76
23.904,174.86
23.91,174.96
23.915,175.06
23.921,175.16
23.926,175.26
23.933,175.46
23.938,175.56
23.944,175.66
23.949,175.76
23.955,175.86
23.96,175.96
23.966,176.06
23.971,176.16
23.978,176.36
23.984,176.46
23.989,176.56
23.995,176.66
24,176.76
24.006,176.86
24.011,176.96
24.018,177.16
24.023,177.26
24.029,177.36
24.035,177.46
24.04,177.56
24.046,177.66
24.051,177.76
24.058,177.96
24.064,178.06
24.069,178.16
24.075,178.26
24.08,178.36
24.086,178.46
24.091,178.56
24.098,178.76
24.104,178.86
24.109,178.96
24.115,179.06
24.12,179.16
24.126,179.26
24.131,179.36
24.138,179.56
24.144,179.66
24.149,179.76
24.155,179.86
24.16,179.96
24.166,180.06
24.171,180.16
24.178,180.36
24.184,180.46
24.189,180.56
24.195,180.66
24.2,180.76
24.206,180.86
24.211,180.96
24.218,181.16
24.224,181.26
24.229,181.36
24.235,181.46
24.24,181.56
24.246,181.66
24.251,181.76
24.258,181.96
24.264,182.06
24.269,182.16
24.275,182.26
24.28,182.36
24.286,182.46
24.291,182.56
24.298,182.76
24.304,182.86
24.309,182.96
24.315,183.06
24.32,183.16
24.326,183.26
24.331,183.36
24.338,183.56
24.343,183.66
24.349,183.76
24.354,183.86
24.36,183.96
24.365,184.06
24.371,184.16
24.376,184.26
24.382,184.46
24.388,184.56
24.394,184.66
24.4,184.76
24.405,184.86
24.411,184.96
24.416,185.06
24.422,185.26
24.428,185.36
24.434,185.46
24.44,185.56
24.445,185.66
24.451,185.76
24.456,185.86
24.463,186.06
24.468,186.16
24.474,186.26
24.48,186.36
24.485,186.46
24.491,186.56
24.496,186.66
24.502,186.86
24.508,186.96
24.514,187.06
24.52,187.16
24.525,187.26
24.532,187.46
24.538,187.56
24.544,187.66
24.549,187.76
24.555,187.86
24.56,187.96
24.566,188.06
24.571,188.16
24.578,188.36
24.584,188.46
24.589,188.56
24.595,188.66
24.6,188.76
24.606,188.86
24.611,188.96
24.618,189.16
24.624,189.26
24.629,189.36
24.635,189.46
24.64,189.56
24.646,189.66
24.651,189.76
24.658,189.96
24.664,190.06
24.669,190.16
24.675,190.26
24.68,190.36
24.686,190.46
24.691,190.56
24.698,190.76
24.704,190.86
24.71,190.96
24.716,191.06
24.721,191.16
24.727,191.36
24.733,191.46
24.739,191.56
24.744,191.66
24.75,191.76
24.755,191.86
24.761,191.96
24.767,192.16
24.773,192.26
24.779,192.36
24.784,192.46
24.79,192.56
24.795,192.66
24.801,192.76
24.806,192.86
24.812,193.06
24.818,193.16
24.824,193.26
24.829,193.36
24.835,193.46
24.84,193.56
24.846,193.66
24.852,193.76
24.858,193.96
24.864,194.06
24.87,194.16
24.875,194.26
24.881,194.46
24.889,194.56
24.895,194.66
24.901,194.76
24.906,194.86
24.913,195.06
24.919,195.16
24.924,195.26
24.93,195.36
24.936,195.46
24.941,195.56
24.947,195.76
24.953,195.86
24.959,195.96
24.964,196.06
24.97,196.16
24.976,196.26
24.981,196.36
24.987,196.56
24.993,196.66
24.999,196.76
25.004,196.86
25.01,196.96
25.016,197.06
25.021,197.16
25.027,197.36
25.033,197.46
25.039,197.56
25.044,197.66
25.05,197.76
25.056,197.86
25.061,197.96
25.068,198.16
25.073,198.26
25.079,198.36
25.084,198.45
25.09,198.55
25.096,198.64
25.101,198.73
25.108,198.9
25.113,198.98
25.119,199.05
25.124,199.12
25.13,199.18
25.136,199.24
25.141,199.29
25.148,199.37
25.153,199.4
25.159,199.42
25.164,199.43
25.17,199.43
25.176,199.43
25.181,199.41
25.188,199.35
25.193,199.31
25.199,199.26
25.204,199.21
25.21,199.15
25.216,199.08
25.221,199.01
25.227,198.85
25.233,198.76
25.239,198.67
25.244,198.58
25.25,198.49
25.256,198.39
25.261,198.3
25.267,198.1
25.273,198
25.279,197.9
25.284,197.8
25.29,197.7
25.296,197.6
25.301,197.5
25.307,197.3
25.313,197.2
25.319,197.1
25.324,197
25.33,196.9
25.336,196.8
25.341,196.7
25.347,196.5
25.353,196.4
25.359,196.3
25.364,196.2
25.37,196.1
25.376,196
25.381,195.9
25.387,195.7
25.393,195.6
25.399,195.5
25.404,195.4
25.41,195.3
25.416,195.2
25.421,195.1
25.427,194.9
25.433,194.8
25.439,194.7
25.444,194.6
25.45,194.5
25.456,194.4
25.461,194.3
25.467,194.1
25.473,194
25.479,193.9
25.484,193.8
25.49,193.7
25.496,193.6
25.501,193.5
25.507,193.3
25.513,193.2
25.519,193.1
25.524,193
25.53,192.9
25.536,192.8
25.541,192.7
25.547,192.5
25.553,192.4
25.559,192.3
25.564,192.2
25.57,192.1
25.576,192
25.581,191.9
25.587,191.7
25.593,191.6
25.599,191.5
25.604,191.4
25.61,191.3
25.668,190.1
25.674,190
25.68,189.9
25.686,189.8
25.691,189.7
25.697,189.5
25.704,189.4
25.709,189.3
25.715,189.2
25.72,189.1
25.726,189
25.731,188.9
25.738,188.7
25.744,188.6
25.749,188.5
25.755,188.4
25.76,188.3
25.766,188.2
25.771,188.1
25.778,187.9
25.784,187.8
25.789,187.7
25.795,187.6
25.8,187.5
25.806,187.4
25.811,187.3
25.817,187.1
25.824,187
25.829,186.9
25.835,186.8
25.84,186.7
25.846,186.6
25.851,186.5
25.858,186.3
25.864,186.2
25.869,186.1
25.875,186
25.88,185.9
25.886,185.8
25.891,185.7
25.898,185.5
25.904,185.4
25.909,185.3
25.915,185.2
25.92,185.1
25.926,185
25.931,184.9
25.938,184.7
25.944,184.6
25.949,184.5
25.955,184.4
25.96,184.3
25.966,184.2
25.971,184.1
25.978,183.9
25.984,183.8
25.989,183.7
25.995,183.6
26,183.5
26.006,183.4
26.011,183.3
26.018,183.1
26.024,183
26.029,182.9
26.035,182.8
26.04,182.7
26.046,182.6
26.051,182.5
26.058,182.3
26.064,182.2
26.069,182.1
26.075,182
26.08,181.9
26.086,181.8
26.091,181.7
26.097,181.5
26.104,181.4
26.109,181.3
26.115,181.2
26.12,181.1
26.126,181
26.131,180.9
26.138,180.7
26.144,180.6
26.149,180.5
26.155,180.4
26.16,180.3
26.166,180.2
26.171,180.1
26.178,179.9
26.184,179.8
26.189,179.7
26.195,179.6
26.2,179.5
26.206,179.4
26.211,179.3
26.218,179.1
26.224,179
26.229,178.9
26.235,178.8
26.24,178.7
26.246,178.6
26.251,178.5
26.258,178.3
26.264,178.2
26.269,178.1
26.275,178
26.28,177.9
26.286,177.8
26.291,177.7
26.297,177.5
26.304,177.4
26.309,177.3
26.315,177.2
26.32,177.1
26.326,177
26.331,176.9
26.338,176.7
26.344,176.6
26.349,176.5
26.355,176.4
26.36,176.3
26.366,176.2
26.371,176.1
26.377,175.9
26.384,175.8
26.389,175.7
26.395,175.6
26.4,175.5
26.406,175.4
26.411,175.3
26.418,175.1
26.424,175
26.429,174.9
26.435,174.8
26.44,174.7
26.446,174.6
26.451,174.5
26.459,174.3
26.464,174.2
26.47,174.1
26.475,174
26.481,173.9
26.486,173.8
26.493,173.6
26.498,173.5
26.504,173.4
26.51,173.3
26.515,173.2
26.521,173.1
26.528,172.9
26.533,172.8
26.539,172.7
26.544,172.6
26.55,172.5
26.556,172.4
26.561,172.3
26.567,172.1
26.573,172
26.579,171.9
26.584,171.8
26.59,171.7
26.595,171.6
26.601,171.5
26.607,171.3
26.613,171.2
26.619,171.1
26.624,171
26.63,170.9
26.635,170.8
26.641,170.7
26.646,170.6
26.652,170.4
26.658,170.3
26.664,170.2
26.669,170.1
26.675,170
26.68,169.9
26.686,169.8
26.691,169.7
26.697,169.5
26.704,169.4
26.709,169.3
26.715,169.2
26.72,169.1
26.726,169
26.731,168.9
26.737,168.7
26.744,168.6
26.749,168.5
26.755,168.4
26.76,168.3
26.766,168.2
26.771,168.1
26.778,167.9
26.784,167.8
26.789,167.7
26.795,167.6
26.8,167.5
26.806,167.4
26.811,167.3
26.817,167.1
26.824,167
26.829,166.9
26.835,166.8
26.84,166.7
26.846,166.6
26.851,166.5
26.857,166.3
26.864,166.2
26.869,166.1
26.875,166
26.88,165.9
26.886,165.8
26.891,165.7
26.898,165.5
26.904,165.4
26.909,165.3
26.915,165.2
26.92,165.1
26.926,165
26.931,164.9
26.938,164.7
26.944,164.6
26.949,164.5
26.955,164.4
26.96,164.3
26.966,164.2
26.971,164.1
26.978,163.9
26.984,163.8
26.989,163.7
26.995,163.6
27,163.5
27.006,163.4
27.011,163.3
27.018,163.1
27.024,163
27.029,162.9
27.035,162.8
27.04,162.7
27.046,162.6
27.051,162.5
27.058,162.3
27.064,162.2
27.069,162.1
27.075,162
27.08,161.9
27.086,161.8
27.091,161.7
27.097,161.5
27.104,161.4
27.109,161.3
27.115,161.2
27.12,161.1
27.126,161
27.131,160.9
27.137,160.7
27.144,160.6
27.149,160.5
27.155,160.4
27.16,160.3
27.166,160.2
27.171,160.1
27.177,159.9
27.184,159.8
27.189,159.7
27.195,159.6
27.2,159.5
27.206,159.4
27.211,159.3
27.218,159.1
27.224,159
27.23,158.9
27.235,158.8
27.241,158.7
27.246,158.6
27.252,158.4
27.258,158.3
27.264,158.2
27.27,158.1
27.275,158
27.281,157.9
27.286,157.8
27.293,157.6
27.299,157.5
27.304,157.4
27.31,157.3
27.315,157.2
27.321,157.1
27.328,156.9
27.333,156.8
27.339,156.7
27.344,156.6
27.35,156.5
27.355,156.4
27.361,156.3
27.367,156.1
27.373,156
27.379,155.9
27.384,155.8
27.39,155.7
27.395,155.6
27.401,155.5
27.407,155.3
27.413,155.2
27.419,155.1
27.424,155
27.43,154.9
27.435,154.8
27.441,154.7
27.446,154.6
27.453,154.4
27.458,154.3
27.464,154.2
27.469,154.1
27.475,154
27.48,153.9
27.486,153.8
27.491,153.7
27.498,153.5
27.504,153.4
27.509,153.3
27.515,153.2
27.52,153.1
27.526,153
27.531,152.9
27.537,152.7
27.544,152.6
27.549,152.5
27.555,152.4
27.56,152.3
27.566,152.2
27.571,152.1
27.577,151.9
27.584,151.8
27.589,151.7
27.595,151.6
27.6,151.5
27.606,151.4
27.611,151.3
27.618,151.1
27.624,151
27.629,150.9
27.635,150.8
27.64,150.7
27.646,150.6
27.651,150.5
27.657,150.3
27.664,150.2
27.669,150.1
27.675,150
27.68,149.9
27.686,149.8
27.691,149.7
27.698,149.5
27.704,149.4
27.709,149.3
27.715,149.2
27.72,149.1
27.726,149
27.731,148.9
27.737,148.7
27.744,148.6
27.749,148.5
27.755,148.4
27.76,148.3
27.766,148.2
27.773,148
27.778,147.9
27.784,147.8
27.789,147.7
27.795,147.6
27.8,147.5
27.806,147.4
27.811,147.3
27.817,147.1
27.824,147
27.829,146.9
27.835,146.8
27.84,146.7
27.846,146.6
27.851,146.5
27.858,146.3
27.864,146.2
27.869,146.1
27.875,146
27.88,145.9
27.886,145.8
27.891,145.7
27.897,145.5
27.904,145.4
27.909,145.3
27.915,145.2
27.92,145.1
27.926,145
27.931,144.9
27.938,144.7
27.944,144.6
27.949,144.5
27.955,144.4
27.96,144.3
27.966,144.2
27.971,144.1
27.977,143.9
27.984,143.8
27.989,143.7
27.995,143.6
28,143.5
28.006,143.4
28.011,143.3
28.017,143.1
28.024,143
28.029,142.9
28.035,142.8
28.04,142.7
28.046,142.6
28.051,142.5
28.057,142.3
28.064,142.2
28.07,142.1
28.075,142
28.081,141.9
28.086,141.8
28.093,141.6
28.099,141.5
28.104,141.4
28.11,141.3
28.115,141.2
28.121,141.1
28.128,140.9
28.133,140.8
28.139,140.7
28.144,140.6
28.15,140.5
28.156,140.4
28.161,140.3
28.167,140.1
28.173,140
28.179,139.9
28.184,139.8
28.19,139.7
28.195,139.6
28.201,139.5
28.207,139.3
28.213,139.2
28.219,139.1
28.224,139
28.23,138.9
28.235,138.8
28.241,138.7
28.247,138.6
28.253,138.4
28.258,138.3
28.264,138.2
28.269,138.1
28.275,138
28.28,137.9
28.286,137.8
28.291,137.7
28.297,137.5
28.304,137.4
28.309,137.3
28.315,137.2
28.32,137.1
28.326,137
28.331,136.9
28.337,136.7
28.344,136.6
28.349,136.5
28.355,136.4
28.36,136.3
28.366,136.2
28.371,136.1
28.377,135.9
28.384,135.8
28.389,135.7
28.395,135.6
28.4,135.5
28.406,135.4
28.411,135.3
28.417,135.1
28.424,135
28.429,134.9
28.435,134.8
28.44,134.7
28.446,134.6
28.451,134.5
28.457,134.3
28.464,134.2
28.469,134.1
28.475,134
28.48,133.9
28.486,133.8
28.491,133.7
28.498,133.5
28.504,133.4
28.509,133.3
28.515,133.2
28.52,133.1
28.526,133
28.531,132.9
28.537,132.7
28.544,132.6
28.549,132.5
28.555,132.4
28.56,132.3
28.566,132.2
28.571,132.1
28.577,131.9
28.584,131.8
28.589,131.7
28.595,131.6
28.6,131.5
28.606,131.4
28.611,131.3
28.617,131.1
28.624,131
28.629,130.9
28.635,130.8
28.64,130.7
28.646,130.6
28.651,130.5
28.657,130.3
28.664,130.2
28.669,130.1
28.675,130
28.68,129.9
28.686,129.8
28.691,129.7
28.697,129.5
28.704,129.4
28.709,129.3
28.715,129.2
28.72,129.1
28.726,129
28.731,128.9
28.737,128.7
28.744,128.6
28.749,128.5
28.755,128.4
28.76,128.3
28.766,128.2
28.771,128.1
28.777,127.9
28.784,127.8
28.789,127.7
28.795,127.6
28.8,127.5
28.806,127.4
28.811,127.3
28.818,127.1
28.824,127
28.829,126.9
28.835,126.8
28.84,126.7
28.846,126.6
28.851,126.5
28.857,126.3
28.864,126.2
28.869,126.1
28.875,126
28.88,125.9
28.886,125.8
28.891,125.7
28.897,125.5
28.904,125.4
28.909,125.3
28.916,125.2
28.922,125.1
28.928,124.9
28.933,124.8
28.939,124.7
28.944,124.6
28.95,124.5
28.956,124.4
28.961,124.3
28.967,124.1
28.973,124
28.979,123.9
28.984,123.8
28.99,123.7
28.996,123.6
29.002,123.5
29.008,123.3
29.013,123.2
29.019,123.1
29.024,123
29.03,122.9
29.036,122.8
29.041,122.7
29.047,122.5
29.053,122.4
29.059,122.3
29.064,122.2
29.07,122.1
29.076,122
29.082,121.9
29.088,121.7
29.093,121.6
29.1,121.5
29.105,121.4
29.111,121.3
29.116,121.2
29.122,121
29.129,120.9
29.135,120.8
29.141,120.7
29.146,120.6
29.153,120.4
29.158,120.3
29.164,120.2
29.169,120.1
29.175,120
29.181,119.9
29.186,119.8
29.193,119.6
29.199,119.5
29.204,119.4
29.21,119.3
29.216,119.2
29.221,119.1
29.228,118.9
29.233,118.8
29.239,118.7
29.245,118.6
29.251,118.5
29.256,118.4
29.261,118.3
29.267,118.1
29.274,118
29.279,117.9
29.285,117.8
29.29,117.7
29.296,117.6
29.302,117.4
29.308,117.3
29.314,117.2
29.32,117.1
29.325,117
29.331,116.9
29.337,116.8
29.344,116.6
29.349,116.5
29.355,116.4
29.36,116.3
29.366,116.2
29.371,116.1
29.377,115.9
29.384,115.8
29.389,115.7
29.395,115.6
29.4,115.5
29.406,115.4
29.411,115.3
29.418,115.1
29.424,115
29.429,114.9
29.435,114.8
29.44,114.7
29.446,114.6
29.451,114.5
29.458,114.3
29.464,114.2
29.472,114.1
29.478,113.9
29.483,113.8
29.489,113.7
29.495,113.6
29.5,113.5
29.506,113.4
29.512,113.2
29.519,113.1
29.524,113
29.53,112.9
29.536,112.8
29.541,112.7
29.548,112.5
29.553,112.4
29.559,112.3
29.565,112.2
29.57,112.1
29.576,112
29.582,111.8
29.588,111.7
29.594,111.6
29.6,111.5
29.605,111.4
29.611,111.3
29.616,111.2
29.622,111
29.628,110.9
29.634,110.8
29.64,110.7
29.645,110.6
29.651,110.5
29.656,110.4
29.662,110.2
29.668,110.1
29.674,110
29.68,109.9
29.685,109.8
29.691,109.7
29.696,109.6
29.702,109.4
29.708,109.3
29.714,109.2
29.72,109.1
29.725,109
29.731,108.9
29.736,108.8
29.742,108.6
29.748,108.5
29.754,108.4
29.76,108.3
29.765,108.2
29.771,108.1
29.776,108
29.782,107.8
29.788,107.7
29.794,107.6
29.8,107.5
29.805,107.4
29.811,107.3
29.816,107.2
29.822,107
29.828,106.9
29.834,106.8
29.84,106.7
29.845,106.6
29.851,106.5
29.856,106.4
29.862,106.2
29.868,106.1
29.874,106
29.88,105.9
29.885,105.8
29.891,105.7
29.896,105.6
29.902,105.4
29.908,105.3
29.914,105.2
29.92,105.1
29.925,105
29.931,104.9
29.936,104.8
29.942,104.6
29.948,104.5
29.954,104.4
29.96,104.3
29.965,104.2
29.971,104.1
29.976,104
29.982,103.8
29.988,103.7
29.994,103.6
30,103.5
30.005,103.4
30.011,103.3
30.016,103.2
30.022,103
30.028,102.9
30.034,102.8
30.04,102.7
30.045,102.6
30.051,102.5
30.056,102.4
30.062,102.2
30.068,102.1
30.074,102
30.08,101.9
30.085,101.81
30.091,101.71
30.096,101.62
30.102,101.45
30.108,101.36
30.114,101.28
30.12,101.21
30.125,101.14
30.131,101.08
30.136,101.02
30.142,100.92
30.148,100.89
30.154,100.86
30.16,100.84
30.165,100.83
30.171,100.82
30.176,100.83
30.182,100.87
30.188,100.9
30.194,100.94
30.2,100.99
30.205,101.04
30.211,101.1
30.216,101.17
30.222,101.32
30.228,101.4
30.234,101.48
30.24,101.57
30.245,101.66
30.251,101.75
30.256,101.85
30.262,102.04
30.268,102.14
30.274,102.24
30.28,102.34
30.285,102.44
30.291,102.54
30.297,102.64
30.303,102.84
30.308,102.94
30.314,103.04
30.32,103.14
30.325,103.24
30.331,103.34
30.337,103.44
30.343,103.64
30.348,103.74
30.354,103.84
30.36,103.94
30.365,104.04
30.371,104.14
30.377,104.34
30.384,104.44
30.389,104.54
30.395,104.64
30.4,104.74
30.406,104.84
30.411,104.94
30.417,105.14
30.424,105.24
30.429,105.34
30.435,105.44
30.44,105.54
30.446,105.64
30.451,105.74
30.457,105.94
30.464,106.04
30.469,106.14
30.475,106.24
30.48,106.34
30.486,106.44
30.491,106.54
30.497,106.74
30.503,106.84
30.509,106.94
30.514,107.04
30.52,107.14
30.525,107.24
30.531,107.34
30.536,107.44
30.542,107.64
30.548,107.74
30.554,107.84
30.56,107.94
30.565,108.04
30.571,108.14
30.576,108.24
30.582,108.44
30.588,108.54
30.594,108.64
30.6,108.74
30.605,108.84
30.611,108.94
30.616,109.04
30.622,109.24
30.628,109.34
30.634,109.44
30.64,109.54
30.645,109.64
30.651,109.74
30.656,109.84
30.662,110.04
30.668,110.14
30.674,110.24
30.68,110.34
30.69,110.54
30.696,110.64
30.701,110.74
30.707,110.94
30.713,111.04
30.719,111.14
30.724,111.24
30.73,111.34
30.736,111.44
30.743,111.64
30.748,111.74
30.754,111.84
30.76,111.94
30.765,112.04
30.771,112.14
30.776,112.24
30.782,112.44
30.789,112.54
30.795,112.64
30.8,112.74
30.806,112.84
30.811,113.04
30.819,113.14
30.824,113.24
30.83,113.34
30.835,113.44
30.841,113.54
30.847,113.74
30.853,113.84
30.859,113.94
30.864,114.04
30.87,114.14
30.875,114.24
30.881,114.34
30.886,114.44
30.892,114.64
30.899,114.74
30.904,114.84
30.91,114.94
30.915,115.04
30.921,115.14
30.927,115.34
30.933,115.44
30.939,115.54
30.944,115.64
30.95,115.74
30.955,115.84
30.961,115.94
30.966,116.04
30.972,116.14
30.978,116.34
30.984,116.44
30.989,116.54
30.995,116.64
31,116.74
31.006,116.84
31.011,117.04
31.019,117.14
31.024,117.24
31.03,117.34
31.035,117.44
31.041,117.54
31.046,117.64
31.052,117.74
31.058,117.94
31.064,118.04
31.07,118.14
31.075,118.24
31.08,118.34
31.086,118.44
31.092,118.54
31.099,118.74
31.104,118.84
31.11,118.94
31.115,119.04
31.121,119.14
31.126,119.24
31.132,119.44
31.138,119.54
31.144,119.64
31.15,119.74
31.155,119.84
31.161,119.94
31.167,120.14
31.173,120.24
31.179,120.34
31.184,120.44
31.19,120.52
31.195,120.62
31.201,120.72
31.206,120.82
31.212,121.04
31.218,121.14
31.224,121.24
31.229,121.34
31.235,121.44
31.24,121.54
31.246,121.64
31.251,121.74
31.257,121.94
31.264,122.04
31.269,122.14
31.275,122.24
31.28,122.34
31.286,122.44
31.291,122.54
31.297,122.74
31.304,122.84
31.309,122.94
31.315,123.04
31.32,123.14
31.326,123.24
31.332,123.44
31.338,123.54
31.344,123.64
31.35,123.74
31.355,123.84
31.361,123.94
31.366,124.04
31.372,124.14
31.379,124.34
31.384,124.44
31.39,124.54
31.395,124.64
31.401,124.74
31.407,124.84
31.413,125.04
31.418,125.14
31.424,125.24
31.429,125.34
31.435,125.44
31.44,125.54
31.446,125.64
31.451,125.74
31.457,125.94
31.464,126.04
31.469,126.14
31.475,126.24
31.48,126.34
31.486,126.44
31.491,126.54
31.497,126.74
31.504,126.84
31.51,126.94
31.515,127.04
31.52,127.14
31.526,127.24
31.531,127.34
31.537,127.54
31.544,127.64
31.549,127.74
31.555,127.84
31.56,127.94
31.566,128.04
31.571,128.14
31.577,128.34
31.584,128.44
31.589,128.54
31.595,128.64
31.6,128.74
31.606,128.84
31.611,128.94
31.617,129.04
31.623,129.24
31.628,129.34
31.634,129.44
31.64,129.54
31.645,129.64
31.651,129.74
31.656,129.84
31.662,130.04
31.668,130.14
31.674,130.24
31.68,130.34
31.685,130.44
31.691,130.54
31.696,130.64
31.702,130.84
31.708,130.94
31.714,131.04
31.72,131.14
31.725,131.24
31.731,131.34
31.736,131.44
31.742,131.64
31.749,131.74
31.755,131.84
31.76,131.94
31.766,132.04
31.771,132.14
31.777,132.24
31.783,132.44
31.788,132.54
31.794,132.64
31.8,132.74
31.805,132.84
31.811,132.94
31.816,133.04
31.822,133.24
31.828,133.34
31.834,133.44
31.839,133.54
31.845,133.64
31.85,133.74
31.856,133.84
31.861,133.94
31.867,134.14
31.873,134.24
31.879,134.34
31.885,134.44
31.89,134.54
31.896,134.64
31.901,134.74
31.907,134.94
31.914,135.04
31.919,135.14
31.925,135.24
31.93,135.34
31.936,135.44
31.942,135.64
31.948,135.74
31.954,135.84
31.96,135.94
31.965,136.04
31.971,136.14
31.977,136.24
31.983,136.44
31.989,136.54
31.994,136.64
32,136.74
32.005,136.84
32.011,136.94
32.016,137.04
32.022,137.14
32.028,137.34
32.034,137.44
32.04,137.54
32.045,137.64
32.051,137.74
32.056,137.84
32.062,138.04
32.068,138.14
32.074,138.24
32.08,138.34
32.085,138.44
32.091,138.54
32.096,138.64
32.102,138.84
32.108,138.94
32.114,139.04
32.12,139.14
32.125,139.24
32.131,139.34
32.136,139.44
32.142,139.64
32.148,139.74
32.154,139.84
32.16,139.94
32.165,140.04
32.171,140.14
32.176,140.24
32.182,140.44
32.188,140.54
32.194,140.64
32.2,140.74
32.205,140.84
32.211,140.94
32.216,141.04
32.222,141.24
32.228,141.34
32.234,141.44
32.24,141.54
32.245,141.64
32.251,141.74
32.256,141.84
32.262,141.94
32.268,142.14
32.274,142.24
32.28,142.34
32.285,142.44
32.291,142.54
32.296,142.64
32.302,142.84
32.308,142.94
32.314,143.04
32.32,143.14
32.325,143.24
32.331,143.34
32.336,143.44
32.342,143.64
32.348,143.74
32.355,143.84
32.36,143.94
32.366,144.04
32.371,144.14
32.377,144.34
32.384,144.44
32.39,144.54
32.395,144.64
32.4,144.74
32.406,144.84
32.411,144.94
32.417,145.14
32.424,145.24
32.429,145.34
32.435,145.44
32.44,145.54
32.446,145.64
32.451,145.74
32.457,145.94
32.464,146.04
32.469,146.14
32.475,146.24
32.48,146.34
32.486,146.44
32.491,146.54
32.497,146.74
32.504,146.84
32.509,146.94
32.515,147.04
32.52,147.14
32.526,147.24
32.531,147.34
32.537,147.54
32.544,147.64
32.549,147.74
32.555,147.84
32.56,147.94
32.566,148.04
32.571,148.14
32.577,148.24
32.583,148.44
32.589,148.54
32.594,148.64
32.6,148.74
32.605,148.84
32.611,148.94
32.616,149.04
32.622,149.24
32.628,149.34
32.634,149.44
32.64,149.54
32.645,149.64
32.651,149.74
32.656,149.84
32.662,150.04
32.668,150.14
32.674,150.24
32.68,150.34
32.685,150.44
32.691,150.54
32.696,150.64
32.703,150.84
32.709,150.94
32.714,151.04
32.72,151.14
32.726,151.24
32.731,151.34
32.737,151.54
32.744,151.64
32.75,151.74
32.755,151.84
32.761,151.94
32.767,152.14
32.773,152.24
32.779,152.34
32.784,152.44
32.79,152.54
32.795,152.64
32.801,152.74
32.806,152.84
32.812,153.04
32.818,153.14
32.824,153.24
32.83,153.34
32.835,153.44
32.841,153.54
32.846,153.64
32.851,153.74
32.857,153.94
32.864,154.04
32.87,154.14
32.875,154.24
32.88,154.34
32.886,154.44
32.891,154.54
32.897,154.74
32.904,154.84
32.909,154.94
32.915,155.04
32.92,155.14
32.926,155.24
32.931,155.34
32.937,155.54
32.944,155.64
32.949,155.74
32.955,155.84
32.96,155.94
32.966,156.04
32.971,156.14
32.977,156.34
32.984,156.44
32.989,156.54
32.995,156.64
33,156.74
33.006,156.84
33.011,156.94
33.017,157.14
33.024,157.24
33.029,157.34
33.035,157.44
33.04,157.54
33.046,157.64
33.051,157.74
33.057,157.94
33.064,158.04
33.069,158.14
33.075,158.24
33.08,158.34
33.086,158.44
33.091,158.54
33.097,158.74
33.104,158.84
33.11,158.94
33.115,159.04
33.121,159.14
33.126,159.24
33.131,159.34
33.137,159.54
33.144,159.64
33.149,159.74
33.156,159.84
33.161,159.94
33.167,160.14
33.173,160.24
33.179,160.34
33.184,160.44
33.19,160.54
33.195,160.64
33.201,160.74
33.206,160.84
33.212,161.04
33.218,161.14
33.224,161.24
33.23,161.34
33.235,161.44
33.24,161.54
33.246,161.64
33.251,161.74
33.257,161.94
33.264,162.04
33.27,162.14
33.275,162.24
33.28,162.34
33.286,162.44
33.291,162.54
33.297,162.64
33.303,162.84
33.308,162.94
33.314,163.04
33.32,163.14
33.325,163.24
33.331,163.34
33.336,163.44
33.342,163.64
33.348,163.74
33.354,163.84
33.36,163.94
33.365,164.04
33.371,164.14
33.376,164.24
33.382,164.44
33.388,164.54
33.394,164.64
33.4,164.74
33.405,164.84
33.411,164.94
33.416,165.04
33.422,165.24
33.428,165.34
33.434,165.44
33.44,165.54
33.445,165.64
33.451,165.74
33.456,165.84
33.462,166.04
33.468,166.14
33.474,166.24
33.48,166.34
33.485,166.44
33.491,166.54
33.496,166.64
33.502,166.84
33.509,166.94
33.514,167.04
33.52,167.14
33.526,167.24
33.531,167.34
33.537,167.54
33.544,167.64
33.549,167.74
33.555,167.84
33.56,167.94
33.569,168.14
33.575,168.24
33.58,168.34
33.586,168.44
33.591,168.54
33.597,168.64
33.603,168.84
33.609,168.94
33.615,169.04
33.62,169.14
33.626,169.24
33.632,169.44
33.638,169.54
33.644,169.64
33.649,169.74
33.655,169.84
33.66,169.94
33.666,170.04
33.671,170.14
33.677,170.34
33.683,170.44
33.689,170.54
33.695,170.64
33.7,170.74
33.706,170.84
33.712,170.94
33.718,171.14
33.724,171.24
33.729,171.34
33.735,171.44
33.74,171.54
33.746,171.64
33.751,171.74
33.757,171.94
33.763,172.04
33.769,172.14
33.775,172.24
33.781,172.34
33.786,172.44
33.792,172.64
33.798,172.74
33.804,172.84
33.809,172.94
33.815,173.04
33.82,173.14
33.826,173.24
33.831,173.34
33.837,173.54
33.843,173.64
33.849,173.74
33.855,173.84
33.86,173.94
33.866,174.04
33.872,174.24
33.879,174.34
33.884,174.44
33.89,174.54
33.896,174.64
33.901,174.74
33.907,174.84
33.913,175.04
33.919,175.14
33.925,175.24
33.93,175.34
33.936,175.44
33.941,175.54
33.947,175.64
33.953,175.84
33.959,175.94
33.964,176.04
33.97,176.14
33.976,176.24
33.981,176.34
33.987,176.44
33.993,176.64
33.999,176.74
34.005,176.84
34.011,176.94
34.016,177.04
34.022,177.24
34.028,177.34
34.034,177.44
34.04,177.54
34.045,177.64
34.051,177.74
34.056,177.84
34.062,178.04
34.068,178.14
34.074,178.24
34.08,178.34
34.085,178.44
34.091,178.54
34.096,178.64
34.102,178.84
34.108,178.94
34.114,179.04
34.12,179.14
34.125,179.24
34.131,179.34
34.136,179.44
34.142,179.64
34.148,179.74
34.154,179.84
34.16,179.94
34.165,180.04
34.171,180.14
34.176,180.24
34.182,180.44
34.188,180.54
34.194,180.64
34.2,180.74
34.205,180.84
34.211,180.94
34.216,181.04
34.222,181.24
34.228,181.34
34.234,181.44
34.24,181.54
34.245,181.64
34.251,181.74
34.256,181.84
34.262,181.94
34.268,182.14
34.274,182.24
34.279,182.34
34.285,182.44
34.29,182.54
34.296,182.64
34.301,182.74
34.307,182.94
34.314,183.04
34.319,183.14
34.325,183.24
34.33,183.34
34.336,183.44
34.342,183.64
34.348,183.74
34.354,183.84
34.36,183.94
34.365,184.04
34.371,184.14
34.377,184.24
34.383,184.44
34.389,184.54
34.394,184.64
34.4,184.74
34.405,184.84
34.411,184.94
34.416,185.04
34.422,185.14
34.428,185.34
34.434,185.44
34.44,185.54
34.445,185.64
34.451,185.74
34.456,185.84
34.462,186.04
34.468,186.14
34.474,186.24
34.48,186.34
34.485,186.44
34.491,186.54
34.496,186.64
34.502,186.84
34.508,186.94
34.514,187.04
34.52,187.14
34.525,187.24
34.531,187.34
34.536,187.44
34.542,187.64
34.548,187.74
34.554,187.84
34.56,187.94
34.565,188.04
34.571,188.14
34.576,188.24
34.582,188.44
34.588,188.54
34.594,188.64
34.6,188.74
34.605,188.84
34.611,188.94
34.616,189.04
34.622,189.24
34.628,189.34
34.634,189.44
34.64,189.54
34.645,189.64
34.651,189.74
34.656,189.84
34.662,189.94
34.668,190.14
34.674,190.24
34.68,190.34
34.685,190.44
34.691,190.54
34.696,190.64
34.702,190.84
34.708,190.94
34.714,191.04
34.72,191.14
34.725,191.24
34.731,191.34
34.736,191.44
34.742,191.64
34.748,191.74
34.754,191.84
34.76,191.94
34.765,192.04
34.771,192.14
34.776,192.24
34.782,192.44
34.788,192.54
34.794,192.64
34.8,192.74
34.805,192.84
34.811,192.94
34.816,193.04
34.822,193.14
34.828,193.34
34.834,193.44
34.84,193.54
34.845,193.64
34.851,193.74
34.857,193.84
34.862,194.04
34.868,194.14
34.874,194.24
34.88,194.34
34.885,194.44
34.891,194.54
34.896,194.64
34.902,194.84
34.908,194.94
34.914,195.04
34.92,195.14
34.925,195.24
34.931,195.34
34.936,195.44
34.942,195.64
34.948,195.74
34.954,195.84
34.96,195.94
34.965,196.04
34.971,196.14
34.976,196.24
34.982,196.34
34.988,196.54
34.994,196.64
34.999,196.74
35.005,196.84
35.01,196.94
35.016,197.04
35.021,197.14
35.027,197.24
35.033,197.44
35.039,197.54
35.044,197.64
35.05,197.74
35.056,197.84
35.061,197.94
35.067,198.04
35.073,198.24
35.078,198.34
35.084,198.44
35.09,198.53
35.095,198.63
35.101,198.72
35.107,198.81
35.112,198.98
35.119,199.06
35.125,199.13
35.13,199.2
35.136,199.26
35.142,199.32
35.148,199.42
35.154,199.45
35.16,199.48
35.165,199.5
35.171,199.51
35.177,199.51
35.182,199.49
35.189,199.46
35.194,199.43
35.2,199.39
35.206,199.34
35.211,199.29
35.217,199.16
35.224,199.09
35.229,199.01
35.235,198.93
35.24,198.84
35.246,198.75
35.251,198.66
35.257,198.47
35.264,198.38
35.269,198.28
35.275,198.18
35.28,198.08
35.286,197.98
35.291,197.88
35.297,197.78
35.303,197.58
35.308,197.48
35.314,197.38
35.32,197.28
35.325,197.18
35.331,197.08
35.336,196.98
35.342,196.78
35.348,196.68
35.354,196.58
35.36,196.48
35.365,196.38
35.371,196.28
35.376,196.18
35.382,195.98
35.388,195.88
35.394,195.78
35.4,195.68
35.405,195.58
35.411,195.48
35.416,195.38
35.422,195.18
35.428,195.08
35.434,194.98
35.44,194.88
35.445,194.78
35.451,194.68
35.456,194.58
35.462,194.48
35.468,194.28
35.474,194.18
35.48,194.08
35.485,193.98
35.491,193.88
35.496,193.78
35.502,193.58
35.508,193.48
35.514