time,value
1.5e-05,8000
0.005491,4800
0.012085,2880
0.017537,1728
0.02299,1036.8
0.028784,622.08
0.034529,373.25
0.039952,223.96
0.045366,134.39
0.050922,80.659
0.057603,48.528
0.063054,29.242
0.068875,17.736
0.07452,10.907
0.079945,6.9107
0.085351,4.6274
0.092221,4.1644
0.097879,3.4502
0.10387,3.2121
0.10937,3.2883
0.11491,3.5727
0.12052,3.9936
0.126,6.9512
0.1325,6.9088
0.13813,7.2104
0.14387,7.732
0.14936,8.3953
0.15489,9.143
0.16038,9.9463
0.1659,10.771
0.17209,17.056
0.17753,15.992
0.18296,15.638
0.18848,15.691
0.19411,15.964
0.19983,16.351
0.20522,16.789
0.21092,17.237
0.21755,25.137
0.22299,22.676
0.22851,21.303
0.2341,20.567
0.23973,20.189
0.24514,20.015
0.25056,19.952
0.25597,19.934
0.26253,27.936
0.26798,24.759
0.27352,22.852
0.27894,21.713
0.28435,21.029
0.2901,20.616
0.29587,20.369
0.30211,28.222
0.30757,24.933
0.31312,22.96
0.31885,21.777
0.32427,21.066
0.33,20.639
0.33553,20.384
0.34092,20.229
0.34736,28.137
0.35295,24.885
0.35827,22.927
0.36386,21.758
0.36928,21.056
0.37487,20.632
0.38028,20.381
0.38609,28.227
0.39256,24.936
0.39801,22.96
0.40354,21.779
0.40925,21.067
0.41484,20.641
0.42026,20.383
0.42611,28.23
0.43254,24.938
0.43798,22.963
0.44355,21.779
0.44905,21.068
0.45456,20.639
0.45997,20.384
0.46537,20.232
0.47097,20.137
0.47734,28.082
0.48301,24.848
0.48852,22.912
0.49392,21.745
0.49934,21.047
0.50518,20.628
0.51086,20.377
0.51712,28.228
0.52258,24.934
0.52803,22.96
0.53372,21.778
0.53913,21.067
0.54454,20.639
0.54995,20.383
0.55535,20.231
0.56103,28.139
0.56789,24.883
0.57351,22.929
0.57891,21.757
0.58434,21.053
0.58989,20.635
0.59529,20.381
0.60111,28.228
0.60796,24.939
0.61354,22.96
0.61895,21.777
0.62438,21.066
0.62991,20.639
0.63532,20.383
0.641,28.231
0.64774,24.938
0.6532,22.962
0.6588,21.779
0.66423,21.066
0.66988,20.639
0.6753,20.384
0.68228,28.232
0.68791,24.937
0.69352,22.961
0.69892,21.777
0.70435,21.068
0.71009,20.643
0.71555,20.383
0.72258,28.23
0.72808,24.936
0.73381,22.964
0.73927,21.777
0.74528,21.066
0.75104,28.64
0.75758,25.185
0.76304,23.111
0.76854,21.866
0.77398,21.118
0.77954,20.673
0.78499,20.402
0.79053,20.243
0.79704,28.145
0.80276,24.886
0.80824,22.93
0.81386,21.76
0.81926,21.057
0.82486,20.634
0.83053,20.381
0.83593,20.228
0.84233,28.136
0.84795,24.882
0.85349,22.929
0.8589,21.759
0.8643,21.054
0.86989,20.632
0.87531,20.379
0.88094,20.226
0.88757,28.136
0.89302,24.884
0.89856,22.929
0.90396,21.758
0.90951,21.054
0.91492,20.632
0.92032,20.38
0.9259,20.228
0.93223,28.137
0.93786,24.881
0.94375,22.93
0.94917,21.758
0.95484,21.053
0.96025,20.632
0.96592,20.379
0.97222,28.229
0.97785,24.938
0.98373,22.963
0.98915,21.776
0.99483,21.066
1.0002,20.638
1.0059,20.384
1.0123,28.23
1.018,24.938
1.0238,22.962
1.0292,21.779
1.0349,21.067
1.0403,20.639
1.0459,20.386
1.0521,28.232
1.0576,24.937
1.063,22.964
1.0685,21.778
1.0742,21.066
1.0798,20.639
1.0852,20.385
1.0907,20.229
1.0961,28.137
1.1029,24.883
1.1083,22.93
1.1141,21.758
1.1195,21.054
1.1249,20.633
1.1303,20.381
1.1359,20.227
1.1423,28.139
1.1479,24.881
1.1535,22.93
1.1589,21.757
1.1643,21.053
1.1701,20.632
1.1759,20.382
1.1821,28.229
1.1875,24.936
1.1933,22.961
1.1988,21.778
1.2043,21.066
1.21,20.639
1.2155,20.384
1.221,28.231
1.2275,24.94
1.233,22.962
1.2385,21.777
1.2439,21.066
1.2493,20.641
1.255,20.383
1.2604,20.231
1.2661,28.137
1.2725,24.882
1.278,22.931
1.2836,21.757
1.2891,21.055
1.2949,20.633
1.3003,20.378
1.3071,28.23
1.3126,24.936
1.318,22.961
1.3237,21.779
1.3291,21.066
1.3345,20.64
1.3398,20.383
1.3452,20.231
1.3508,20.138
1.3571,28.083
1.3626,24.849
1.368,22.91
1.3736,21.745
1.3789,21.047
1.3844,20.629
1.3899,20.379
1.3953,20.226
1.4022,28.137
1.4079,24.879
1.4135,22.928
1.4189,21.759
1.4243,21.055
1.4299,20.633
1.4353,20.38
1.441,20.227
1.4478,28.135
1.4534,24.882
1.4589,22.929
1.4643,21.758
1.4699,21.054
1.4753,20.633
1.4823,28.381
1.4879,25.028
1.4935,23.016
1.4989,21.808
1.5043,21.086
1.5099,20.652
1.5153,20.391
1.521,28.233
1.528,24.941
1.5335,22.965
1.5389,21.78
1.5445,21.065
1.55,20.641
1.5555,20.385
1.5626,28.231
1.568,24.938
1.5738,22.964
1.5792,21.778
1.5849,21.065
1.5903,20.641
1.596,28.384
1.6028,25.03
1.6082,23.02
1.6145,21.811
1.6199,21.087
1.6253,20.652
1.6309,20.391
1.6375,28.232
1.6429,24.942
1.6483,22.965
1.6538,21.778
1.6592,21.067
1.6648,20.641
1.6702,20.384
1.6758,20.232
1.6822,28.138
1.6879,24.881
1.6935,22.931
1.6989,21.759
1.7043,21.055
1.7099,20.632
1.7153,20.38
1.7223,28.226
1.7279,24.938
1.7333,22.961
1.7389,21.777
1.7443,21.068
1.7499,20.639
1.7553,20.384
1.7609,20.232
1.7678,28.138
1.7732,24.884
1.7788,22.93
1.7842,21.756
1.7898,21.054
1.7952,20.633
1.8009,28.382
1.8079,25.026
1.8135,23.015
1.8189,21.808
1.8243,21.088
1.8299,20.653
1.8353,20.39
1.841,20.236
1.8478,28.141
1.8532,24.884
1.8588,22.932
1.8642,21.757
1.8698,21.056
1.8752,20.633
1.8811,28.378
1.8879,25.027
1.8934,23.017
1.8989,21.809
1.9043,21.086
1.9099,20.652
1.9153,20.389
1.921,20.237
1.9278,28.14
1.9333,24.885
1.9389,22.931
1.9445,21.759
1.9499,21.056
1.9553,20.633
1.9622,28.378
1.9679,25.027
1.9733,23.017
1.9789,21.808
1.9843,21.087
1.9899,20.652
1.9953,20.391
2.001,20.235
2.0078,28.139
2.0132,24.884
2.0188,22.931
2.0242,21.759
2.0299,21.055
2.0353,20.636
2.0423,28.379
2.0479,25.028
2.0535,23.017
2.0589,21.81
2.0643,21.086
2.0699,20.651
2.0753,20.39
2.081,20.237
2.0878,28.139
2.0932,24.887
2.0988,22.929
2.1042,21.759
2.1099,21.055
2.1153,20.632
2.1223,28.38
2.1279,25.027
2.1335,23.017
2.1389,21.811
2.1443,21.084
2.1499,20.651
2.1553,20.392
2.161,20.235
2.1678,28.141
2.1734,24.885
2.1789,22.93
2.1843,21.757
2.1899,21.056
2.1953,20.633
2.2023,28.378
2.2079,25.03
2.2133,23.018
2.2189,21.809
2.2244,21.086
2.2299,20.651
2.2353,20.392
2.241,20.236
2.2478,28.141
2.2533,24.884
2.2589,22.931
2.2643,21.758
2.2699,21.055
2.2753,20.632
2.2811,28.379
2.2879,25.029
2.2933,23.016
2.2989,21.81
2.3043,21.085
2.3099,20.65
2.3153,20.392
2.3208,20.234
2.3272,28.14
2.3329,24.884
2.3386,22.932
2.344,21.758
2.3495,21.056
2.355,20.634
2.3605,20.38
2.3672,28.227
2.3729,24.936
2.3784,22.962
2.3841,21.779
2.3896,21.065
2.3951,20.64
2.4005,20.384
2.406,28.23
2.4126,24.937
2.4183,22.963
2.4239,21.778
2.4293,21.067
2.4349,20.64
2.4403,20.384
2.4459,20.23
2.4524,28.136
2.458,24.884
2.4637,22.929
2.4691,21.757
2.4748,21.055
2.4802,20.634
2.4859,20.38
2.4921,28.229
2.4975,24.938
2.503,22.961
2.5085,21.777
2.5141,21.065
2.5198,20.64
2.5252,20.384
2.5308,20.231
2.5375,28.138
2.543,24.884
2.5485,22.928
2.5542,21.757
2.5598,21.054
2.5652,20.634
2.5709,20.38
2.5771,28.228
2.5825,24.937
2.588,22.963
2.5935,21.777
2.5989,21.067
2.6043,20.639
2.6102,20.384
2.6159,20.231
2.6221,28.14
2.6275,24.883
2.6333,22.929
2.6388,21.758
2.6442,21.054
2.6501,20.633
2.6555,20.379
2.6609,20.227
2.6674,28.139
2.6729,24.882
2.6785,22.931
2.6839,21.756
2.6893,21.054
2.6949,20.632
2.7003,20.38
2.7058,28.228
2.7125,24.937
2.7179,22.961
2.7235,21.779
2.7291,21.065
2.7349,20.64
2.7403,20.384
2.7471,28.229
2.7526,24.94
2.758,22.962
2.7636,21.777
2.769,21.068
2.7745,20.64
2.7799,20.383
2.7853,20.232
2.7908,20.137
2.7971,28.083
2.8026,24.852
2.808,22.91
2.8135,21.744
2.8189,21.047
2.8244,20.629
2.8299,20.376
2.8353,20.225
2.8423,28.136
2.8484,24.881
2.8539,22.93
2.8593,21.759
2.865,21.053
2.8706,20.632
2.876,20.379
2.8825,28.229
2.888,24.937
2.8935,22.963
2.8989,21.778
2.9043,21.065
2.9099,20.641
2.9153,20.384
2.9223,28.231
2.928,24.938
2.9335,22.961
2.9389,21.777
2.9443,21.068
2.9499,20.641
2.9553,20.384
2.961,20.23
2.9678,28.139
2.9732,24.884
2.9788,22.93
2.9842,21.756
2.9898,21.055
2.9952,20.632
3.0009,28.38
3.0079,25.028
3.0133,23.017
3.0189,21.809
3.0243,21.086
3.0299,20.651
3.0353,20.391
3.041,20.235
3.0478,28.141
3.0532,24.885
3.0588,22.931
3.0642,21.759
3.0835,45.054
3.0889,35.034
3.0956,29.02
3.1009,25.412
3.1073,31.247
3.1132,26.748
3.1188,24.049
3.1242,22.429
3.1299,21.458
3.1356,20.873
3.1411,28.526
3.148,25.115
3.1535,23.069
3.159,21.842
3.1645,21.106
3.1703,20.663
3.176,28.397
3.183,25.039
3.1885,23.023
3.1942,21.814
3.1999,21.089
3.2054,20.653
3.2109,20.391
3.2176,28.235
3.223,24.941
3.2288,22.966
3.2343,21.776
3.2399,21.068
3.2453,20.64
3.251,20.386
3.2575,28.231
3.263,24.938
3.2685,22.962
3.2742,21.779
3.2799,21.067
3.2853,20.64
3.291,20.385
3.2975,28.228
3.3029,24.939
3.3085,22.964
3.3141,21.777
3.3198,21.066
3.3252,20.641
3.3307,20.385
3.3361,28.231
3.3429,24.939
3.3483,22.961
3.3539,21.776
3.3596,21.066
3.365,20.64
3.3706,20.385
3.376,20.231
3.3825,28.136
3.388,24.883
3.3933,22.93
3.3989,21.758
3.4043,21.055
3.4102,20.634
3.4159,20.381
3.4221,28.227
3.4276,24.937
3.4331,22.962
3.4389,21.777
3.4443,21.067
3.4501,20.64
3.4556,20.382
3.461,20.231
3.4675,28.137
3.473,24.884
3.4785,22.931
3.4839,21.758
3.4893,21.054
3.4949,20.633
3.5003,20.38
3.5058,28.228
3.5125,24.936
3.5179,22.961
3.5235,21.778
3.5293,21.066
3.5349,20.641
3.5403,20.384
3.5472,28.23
3.5528,24.939
3.5582,22.962
3.5638,21.777
3.5692,21.068
3.575,20.639
3.5804,20.382
3.5859,28.23
3.5926,24.94
3.598,22.963
3.6036,21.78
3.6091,21.067
3.6149,20.64
3.6203,20.383
3.6262,28.23
3.6328,24.938
3.6383,22.963
3.6439,21.777
3.6493,21.068
3.6549,20.64
3.6602,20.383
3.6658,28.23
3.6725,24.94
3.678,22.962
3.6835,21.779
3.6891,21.067
3.6949,20.642
3.7003,20.384
3.7062,28.23
3.7126,24.939
3.718,22.962
3.7235,21.776
3.7289,21.067
3.7345,20.641
3.7399,20.385
3.7453,20.23
3.751,20.139
3.7575,28.083
3.7629,24.848
3.7684,22.91
3.7739,21.746
3.7793,21.047
3.7851,20.63
3.7905,20.377
3.796,28.227
3.8026,24.936
3.808,22.961
3.8137,21.778
3.8191,21.066
3.8245,20.639
3.8299,20.384
3.8353,20.23
3.841,20.138
3.8478,28.081
3.8532,24.851
3.8588,22.91
3.8642,21.746
3.8698,21.048
3.8752,20.628
3.8823,28.378
3.8879,25.026
3.8935,23.016
3.8989,21.809
3.9043,21.087
3.9099,20.652
3.9153,20.39
3.9211,28.234
3.928,24.94
3.9335,22.964
3.9389,21.78
3.9446,21.067
3.95,20.641
3.9555,20.384
3.9625,28.23
3.968,24.939
3.9735,22.964
3.9789,21.779
3.9844,21.068
3.99,20.64
3.9955,20.383
4.001,28.228
4.0079,24.94
4.0135,22.963
4.019,21.776
4.0245,21.067
4.0303,20.64
4.036,28.385
4.0429,25.03
4.0483,23.019
4.0539,21.81
4.0594,21.087
4.0649,20.653
4.0704,20.391
4.0759,20.234
4.0824,28.141
4.088,24.885
4.0935,22.93
4.0989,21.759
4.1045,21.055
4.11,20.633
4.1155,20.379
4.1226,28.227
4.1281,24.938
4.1338,22.962
4.1393,21.778
4.1449,21.066
4.1503,20.64
4.1558,20.383
4.1623,28.23
4.168,24.94
4.1735,22.962
4.179,21.778
4.1846,21.068
4.19,20.64
4.1955,28.384
4.2031,25.031
4.2085,23.018
4.214,21.811
4.2195,21.086
4.225,20.651
4.2305,20.391
4.236,28.236
4.2425,24.941
4.248,22.965
4.2535,21.779
4.2589,21.067
4.2643,20.642
4.2699,20.383
4.2753,20.23
4.2823,28.139
4.2879,24.882
4.2935,22.931
4.2989,21.758
4.3043,21.055
4.3099,20.632
4.3153,20.38
4.321,20.227
4.3277,28.136
4.3332,24.883
4.3388,22.929
4.3442,21.758
4.3498,21.055
4.3552,20.632
4.3623,28.38
4.3679,25.028
4.3735,23.016
4.3789,21.81
4.3843,21.085
4.3899,20.652
4.3953,20.391
4.401,20.234
4.4076,28.14
4.413,24.886
4.4185,22.931
4.4239,21.758
4.4293,21.056
4.4349,20.633
4.4403,20.38
4.446,20.227
4.4523,28.136
4.4579,24.882
4.4635,22.93
4.4689,21.757
4.4743,21.055
4.4799,20.632
4.4853,20.38
4.491,20.228
4.4975,28.137
4.5029,24.881
4.5085,22.929
4.5141,21.758
4.5195,21.055
4.5248,20.632
4.5302,20.379
4.5359,20.228
4.5421,28.136
4.5478,24.881
4.5535,22.929
4.5589,21.758
4.5643,21.054
4.5702,20.634
4.5759,20.38
4.5821,28.228
4.5876,24.937
4.593,22.961
4.5987,21.777
4.6041,21.066
4.6096,20.64
4.615,20.384
4.6205,20.231
4.6261,28.137
4.6327,24.884
4.6387,22.93
4.6441,21.758
4.6496,21.053
4.655,20.634
4.6604,20.379
4.6661,28.227
4.6728,24.937
4.6782,22.963
4.6838,21.777
4.6893,21.065
4.6949,20.64
4.7003,20.386
4.7059,28.23
4.7125,24.938
4.718,22.964
4.7235,21.777
4.7291,21.067
4.7345,20.641
4.7399,20.382
4.7453,20.23
4.751,20.138
4.7575,28.084
4.7629,24.851
4.7683,22.91
4.7739,21.746
4.7793,21.047
4.7849,20.628
4.7903,20.377
4.796,20.227
4.8023,28.136
4.8079,24.881
4.8135,22.929
4.8189,21.758
4.8243,21.054
4.8299,20.634
4.8353,20.38
4.8423,28.226
4.8479,24.936
4.8535,22.963
4.8589,21.779
4.8643,21.065
4.8699,20.638
4.8753,20.385
4.881,20.23
4.8875,28.138
4.8929,24.884
4.8984,22.93
4.9039,21.757
4.9093,21.055
4.9149,20.633
4.9203,20.381
4.9259,20.228
4.9321,28.136
4.9377,24.882
4.9435,22.929
4.949,21.758
4.9545,21.055
4.9601,20.634
4.9655,20.378
4.9709,20.227
4.9772,28.136
4.9829,24.882
4.9885,22.93
4.9941,21.758
4.9999,21.054
5.0055,20.633
5.0109,20.379
5.0176,28.227
5.023,24.937
5.0287,22.963
5.0341,21.774
5.04,21.058
5.0455,20.618
5.0509,20.333
5.0572,28.008
5.0629,24.609
5.0684,22.466
5.0742,21.043
5.0798,20.018
5.0853,19.194
5.0909,18.451
5.0975,24.036
5.103,20.371
5.1085,17.765
5.1142,15.752
5.1199,14.057
5.1255,12.511
5.131,11.01
5.1375,11.743
5.143,8.6094
5.1485,6.025
5.1541,3.7554
5.1599,1.671
5.1653,-0.29259
5.1708,-2.158
5.1775,-7.214
5.183,-8.1882
5.1885,-9.3209
5.1941,-10.502
5.2,-11.675
5.2055,-12.803
5.2109,-13.864
5.2175,-21.673
5.223,-20.096
5.2286,-19.374
5.2341,-19.128
5.24,-19.13
5.2455,-19.246
5.251,-19.402
5.2575,-27.507
5.263,-24.481
5.2685,-22.679
5.2743,-21.606
5.28,-20.961
5.2855,-20.576
5.2908,-20.347
5.2972,-28.208
5.3029,-24.923
5.3085,-22.954
5.3142,-21.773
5.3199,-21.062
5.3255,-20.638
5.331,-20.384
5.3376,-28.229
5.343,-24.938
5.3485,-22.963
5.3541,-21.778
5.36,-21.068
5.3655,-20.64
5.3709,-20.384
5.3773,-28.23
5.3829,-24.937
5.3885,-22.963
5.3942,-21.777
5.3999,-21.067
5.4054,-20.641
5.4109,-20.384
5.4175,-28.23
5.423,-24.938
5.4285,-22.964
5.4341,-21.779
5.44,-21.066
5.4455,-20.639
5.4509,-20.385
5.4576,-28.231
5.463,-24.939
5.4685,-22.961
5.4742,-21.777
5.4799,-21.067
5.4854,-20.639
5.4908,-20.385
5.4975,-28.231
5.503,-24.939
5.5085,-22.964
5.5141,-21.776
5.52,-21.066
5.5255,-20.639
5.5308,-20.385
5.5372,-28.231
5.5428,-24.938
5.5483,-22.963
5.5538,-21.778
5.5595,-21.065
5.5649,-20.641
5.5703,-20.384
5.576,-20.231
5.5822,-28.138
5.5878,-24.882
5.5936,-22.93
5.599,-21.758
5.6045,-21.056
5.6101,-20.633
5.6157,-20.38
5.6211,-28.227
5.6279,-24.939
5.6333,-22.961
5.6389,-21.776
5.6443,-21.067
5.6502,-20.64
5.6557,-20.384
5.6611,-28.23
5.6675,-24.939
5.6732,-22.962
5.6788,-21.777
5.6842,-21.067
5.6901,-20.639
5.6957,-20.384
5.7011,-28.23
5.7076,-24.939
5.7131,-22.964
5.7189,-21.779
5.7243,-21.066
5.7302,-20.64
5.7358,-20.382
5.7412,-28.232
5.7478,-24.937
5.7535,-22.964
5.7589,-21.779
5.7643,-21.067
5.7702,-20.64
5.7759,-20.385
5.7822,-28.231
5.7878,-24.938
5.7933,-22.962
5.7989,-21.779
5.8043,-21.067
5.8102,-20.64
5.8159,-20.384
5.8221,-28.23
5.8278,-24.938
5.8333,-22.964
5.8389,-21.777
5.8443,-21.066
5.8502,-20.641
5.8557,-20.384
5.8612,-28.23
5.8678,-24.939
5.8733,-22.962
5.8789,-21.778
5.8843,-21.067
5.8902,-20.64
5.8958,-20.384
5.9012,-28.232
5.9078,-24.939
5.9135,-22.963
5.9189,-21.777
5.9243,-21.065
5.9302,-20.64
5.9357,-20.383
5.9411,-28.232
5.9478,-24.939
5.9532,-22.964
5.9589,-21.779
5.9643,-21.066
5.9701,-20.639
5.9757,-20.384
5.9811,-28.229
5.9877,-24.939
5.9935,-22.964
5.9989,-21.778
6.0043,-21.067
6.0102,-20.64
6.0158,-20.384
6.0212,-28.231
6.0277,-24.938
6.0332,-22.962
6.0388,-21.778
6.0442,-21.066
6.0498,-20.641
6.0555,-20.384
6.061,-20.23
6.0675,-28.138
6.0729,-24.883
6.0785,-22.93
6.0839,-21.759
6.0893,-21.054
6.0949,-20.633
6.1003,-20.38
6.1062,-28.227
6.1128,-24.935
6.1183,-22.963
6.1239,-21.778
6.1293,-21.066
6.1349,-20.639
6.1403,-20.383
6.1459,-28.231
6.1525,-24.938
6.158,-22.963
6.1635,-21.778
6.1691,-21.066
6.175,-20.64
6.1805,-20.385
6.1861,-28.232
6.1928,-24.938
6.199,-22.963
6.2045,-21.777
6.2101,-21.067
6.216,-20.641
6.2222,-28.383
6.2278,-25.031
6.2343,-23.017
6.2399,-21.811
6.2455,-21.086
6.251,-20.653
6.2573,-28.39
6.2629,-25.035
6.2684,-23.021
6.2742,-21.813
6.2798,-21.088
6.2853,-20.654
6.2908,-20.391
6.2977,-28.235
6.3033,-24.939
6.309,-22.965
6.3146,-21.777
6.3201,-21.068
6.3255,-20.641
6.331,-28.383
6.3383,-25.032
6.3439,-23.018
6.3493,-21.81
6.3549,-21.087
6.3603,-20.652
6.366,-20.391
6.3722,-28.237
6.3778,-24.94
6.3835,-22.963
6.3889,-21.78
6.3943,-21.067
6.4,-20.642
6.4055,-20.383
6.4109,-20.23
6.4172,-28.138
6.4228,-24.882
6.4283,-22.93
6.4339,-21.758
6.4398,-21.053
6.4452,-20.632
6.4508,-20.381
6.4562,-28.23
6.4629,-24.936
6.4685,-22.963
6.474,-21.777
6.4795,-21.066
6.4849,-20.64
6.4904,-20.383
6.496,-20.23
6.5025,-28.138
6.508,-24.883
6.5135,-22.929
6.5189,-21.758
6.5243,-21.055
6.5302,-20.632
6.5357,-20.379
6.5411,-28.228
6.5479,-24.936
6.5535,-22.962
6.5589,-21.779
6.5643,-21.067
6.5702,-20.641
6.5759,-20.384
6.5822,-28.23
6.5878,-24.938
6.5933,-22.965
6.5989,-21.777
6.6043,-21.067
6.6101,-20.64
6.6157,-20.384
6.6211,-28.23
6.6277,-24.937
6.6335,-22.963
6.6389,-21.777
6.6443,-21.068
6.6501,-20.64
6.6557,-20.383
6.6612,-28.23
6.6679,-24.938
6.6733,-22.963
6.6789,-21.78
6.6843,-21.066
6.6901,-20.64
6.6957,-20.385
6.7011,-28.23
6.7078,-24.939
6.7135,-22.961
6.7189,-21.778
6.7243,-21.066
6.7299,-20.64
6.7355,-20.385
6.741,-20.229
6.7472,-28.137
6.7528,-24.884
6.7584,-22.93
6.7639,-21.758
6.7693,-21.054
6.7749,-20.634
6.7803,-20.381
6.7859,-28.228
6.7928,-24.936
6.7985,-22.961
6.8039,-21.778
6.8093,-21.066
6.8149,-20.64
6.8203,-20.385
6.8262,-28.229
6.8328,-24.937
6.8383,-22.964
6.8438,-21.779
6.8492,-21.065
6.8548,-20.64
6.8602,-20.383
6.8657,-20.23
6.8722,-28.139
6.8778,-24.883
6.8832,-22.931
6.8892,-21.757
6.8949,-21.053
6.9003,-20.634
6.9058,-20.381
6.9125,-28.227
6.9179,-24.937
6.9234,-22.961
6.929,-21.776
6.9345,-21.067
6.94,-20.641
6.9455,-20.384
6.9509,-20.231
6.9572,-28.139
6.9628,-24.883
6.9683,-22.929
6.9739,-21.757
6.9793,-21.054
6.9851,-20.633
6.9907,-20.379
6.9961,-20.228
7.0027,-28.137
7.0081,-24.882
7.0138,-22.929
7.0192,-21.756
7.0248,-21.054
7.0302,-20.634
7.0358,-20.381
7.0412,-28.227
7.048,-24.936
7.0535,-22.963
7.0589,-21.776
7.0645,-21.066
7.0702,-20.64
7.0759,-20.385
7.0826,-28.23
7.088,-24.939
7.0936,-22.963
7.0991,-21.778
7.1045,-21.067
7.1101,-20.638
7.1155,-20.384
7.1209,-20.231
7.1273,-28.139
7.1329,-24.883
7.1387,-22.93
7.1441,-21.759
7.1498,-21.054
7.1552,-20.632
7.1609,-28.38
7.1679,-25.029
7.1735,-23.018
7.179,-21.81
7.1845,-21.084
7.1901,-20.651
7.1955,-20.392
7.201,-20.235
7.2075,-28.139
7.213,-24.885
7.2185,-22.93
7.224,-21.758
7.2295,-21.055
7.2351,-20.633
7.2409,-28.381
7.2493,-26.628
7.2549,-22.376
7.2603,-21.427
7.2658,-20.856
7.2725,-28.512
7.278,-25.108
7.2835,-23.064
7.2891,-21.839
7.2949,-21.105
7.3003,-20.662
7.3061,-28.397
7.3128,-25.039
7.3182,-23.023
7.3239,-21.813
7.3293,-21.088
7.3349,-20.653
7.3403,-20.393
7.3458,-20.235
7.3525,-28.142
7.3579,-24.886
7.3633,-22.931
7.3692,-21.758
7.3749,-21.056
7.3803,-20.632
7.3862,-28.38
7.3928,-25.029
7.3982,-23.016
7.4038,-21.812
7.4092,-21.085
7.4149,-20.65
7.4203,-20.391
7.4258,-20.235
7.4323,-28.141
7.4379,-24.884
7.4433,-22.931
7.4492,-21.76
7.4549,-21.054
7.4603,-20.633
7.4662,-28.378
7.4728,-25.029
7.4782,-23.016
7.4839,-21.812
7.4893,-21.086
7.4949,-20.652
7.5003,-20.391
7.5059,-20.234
7.5125,-28.141
7.518,-24.885
7.5235,-22.929
7.5295,-21.76
7.535,-21.056
7.5405,-20.633
7.5461,-28.379
7.5528,-25.028
7.5583,-23.017
7.5638,-21.811
7.5692,-21.085
7.5749,-20.651
7.5803,-20.391
7.5859,-20.234
7.5925,-28.141
7.5979,-24.884
7.6034,-22.93
7.6093,-21.758
7.6149,-21.055
7.6203,-20.634
7.6262,-28.381
7.6328,-25.027
7.6382,-23.018
7.6439,-21.809
7.6493,-21.086
7.6549,-20.651
7.6603,-20.392
7.6672,-28.234
7.6728,-24.941
7.6788,-22.965
7.6842,-21.778
7.6898,-21.066
7.6955,-20.643
7.701,-20.384
7.7072,-28.23
7.7128,-24.937
7.7183,-22.963
7.7239,-21.778
7.7293,-21.069
7.7349,-20.639
7.7403,-20.386
7.7459,-20.231
7.7528,-28.136
7.7587,-24.882
7.7641,-22.93
7.7696,-21.757
7.775,-21.054
7.7805,-20.635
7.7861,-28.38
7.7928,-25.028
7.7982,-23.016
7.8038,-21.811
7.8092,-21.085
7.8149,-20.65
7.8203,-20.392
7.8258,-20.233
7.8325,-28.141
7.8379,-24.885
7.8433,-22.931
7.8492,-21.758
7.8548,-21.055
7.8602,-20.631
7.8657,-20.379
7.8722,-28.231
7.8778,-24.937
7.8833,-22.961
7.8889,-21.778
7.8943,-21.066
7.8999,-20.639
7.9053,-20.385
7.9109,-20.229
7.9163,-28.14
7.9228,-24.882
7.9282,-22.928
7.9338,-21.759
7.9392,-21.055
7.9448,-20.632
7.951,-20.381
7.9578,-28.226
7.9633,-24.936
7.969,-22.962
7.9745,-21.778
7.98,-21.068
7.9855,-20.64
7.9909,-20.383
7.9975,-28.231
8.003,-24.938
8.0085,-22.963
8.014,-21.777
8.0195,-21.066
8.0252,-20.641
8.0308,-20.384
8.0373,-28.229
8.043,-24.939
8.0485,-22.961
8.054,-21.779
8.0595,-21.066
8.0648,-20.64
8.0703,-20.383
8.0759,-20.231
8.0826,-28.138
8.088,-24.883
8.0935,-22.932
8.0991,-21.758
8.1045,-21.054
8.1103,-20.634
8.1159,-20.379
8.1225,-28.227
8.128,-24.937
8.1335,-22.961
8.1389,-21.776
8.1445,-21.066
8.1501,-20.64
8.1555,-20.386
8.161,-20.231
8.1673,-28.138
8.1729,-24.882
8.1785,-22.93
8.1841,-21.758
8.1895,-21.053
8.1951,-44.634
8.2148,-34.778
8.2212,-36.867
8.2279,-30.122
8.2333,-26.074
8.239,-23.643
8.2445,-22.187
8.2508,-21.311
8.2582,-28.786
8.2639,-25.274
8.2693,-23.162
8.2749,-21.898
8.2803,-21.137
8.2859,-20.684
8.2922,-28.41
8.2978,-25.046
8.3035,-23.027
8.3089,-21.819
8.3143,-21.09
8.32,-20.653
8.3255,-20.391
8.3309,-20.235
8.3363,-28.142
8.3428,-24.886
8.3482,-22.932
8.3538,-21.758
8.3595,-21.053
8.3649,-20.632
8.3705,-20.381
8.376,-20.228
8.3822,-28.137
8.3878,-24.884
8.3932,-22.928
8.3989,-21.756
8.4043,-21.055
8.4098,-20.635
8.4155,-20.38
8.421,-20.227
8.4272,-28.137
8.4329,-24.881
8.4383,-22.928
8.4438,-21.759
8.4492,-21.054
8.4549,-20.634
8.4603,-20.381
8.4658,-20.225
8.4725,-28.136
8.4779,-24.882
8.4833,-22.93
8.4893,-21.757
8.4949,-21.052
8.5003,-20.633
8.5062,-28.381
8.5128,-25.027
8.5182,-23.015
8.5239,-21.811
8.5293,-21.087
8.5349,-20.651
8.5403,-20.389
8.5459,-20.235
8.5525,-28.142
8.5579,-24.884
8.5633,-22.93
8.5693,-21.758
8.5749,-21.057
8.5803,-20.632
8.5863,-28.38
8.5928,-25.03
8.5983,-23.016
8.6039,-21.809
8.6093,-21.086
8.6149,-20.652
8.6203,-20.392
8.6259,-20.235
8.6325,-28.141
8.638,-24.883
8.6435,-22.931
8.6491,-21.758
8.655,-21.055
8.6605,-20.632
8.6661,-28.378
8.6728,-25.027
8.6783,-23.018
8.6839,-21.81
8.6893,-21.088
8.6949,-20.651
8.7003,-20.392
8.7059,-20.236
8.7125,-28.14
8.7179,-24.884
8.7235,-22.93
8.7291,-21.758
8.735,-21.054
8.7405,-20.631
8.7461,-28.381
8.7528,-25.03
8.7582,-23.015
8.7639,-21.811
8.7693,-21.087
8.7749,-20.65
8.7803,-20.39
8.7858,-20.235
8.7922,-28.142
8.7979,-24.885
8.8033,-22.928
8.8093,-21.76
8.8149,-21.054
8.8203,-20.634
8.8262,-20.378
8.8327,-28.226
8.8381,-24.938
8.8438,-22.962
8.8492,-21.778
8.8549,-21.066
8.8603,-20.64
8.8658,-20.385
8.8722,-28.228
8.8779,-24.94
8.8833,-22.963
8.8893,-21.778
8.895,-21.068
8.9005,-20.639
8.9061,-28.384
8.9128,-25.031
8.9182,-23.018
8.9238,-21.811
8.9292,-21.086
8.9349,-20.651
8.9403,-20.393
8.9459,-20.234
8.9527,-28.141
8.9583,-24.885
8.964,-22.931
8.9696,-21.757
8.9755,-21.054
8.981,-20.634
8.9873,-28.38
8.9929,-25.028
8.9985,-23.017
9.004,-21.81
9.0095,-21.086
9.0153,-20.651
9.0209,-20.391
9.0275,-28.235
9.0332,-24.94
9.0388,-22.964
9.0443,-21.78
9.0499,-21.067
9.0557,-20.641
9.0611,-20.382
9.0678,-28.231
9.0732,-24.937
9.0788,-22.964
9.0842,-21.777
9.0898,-21.068
9.0955,-20.641
9.101,-20.384
9.1073,-28.229
9.1129,-24.939
9.1185,-22.966
9.1239,-21.778
9.1293,-21.066
9.135,-20.637
9.1405,-20.385
9.146,-20.232
9.1525,-28.136
9.1579,-24.883
9.1633,-22.931
9.169,-21.757
9.1746,-21.055
9.1805,-20.632
9.1859,-20.379
9.1923,-28.228
9.1979,-24.937
9.2033,-22.963
9.2092,-21.779
9.2149,-21.065
9.2203,-20.641
9.2261,-20.383
9.2327,-28.229
9.2381,-24.939
9.2437,-22.963
9.2491,-21.777
9.2545,-21.067
9.2601,-20.641
9.2655,-20.383
9.271,-20.233
9.2773,-28.136
9.2829,-24.884
9.2883,-22.929
9.2938,-21.759
9.2993,-21.057
9.3047,-20.631
9.3105,-20.379
9.316,-20.228
9.3225,-28.137
9.3279,-24.882
9.3333,-22.929
9.3389,-21.757
9.3443,-21.056
9.35,-20.632
9.3555,-20.378
9.3609,-20.229
9.3663,-28.137
9.3728,-24.882
9.3783,-22.928
9.3846,-21.759
9.39,-21.054
9.3955,-20.633
9.4009,-20.378
9.4073,-28.228
9.4129,-24.937
9.4183,-22.961
9.424,-21.777
9.4295,-21.066
9.435,-20.639
9.4404,-20.386
9.4459,-20.229
9.4513,-28.139
9.4579,-24.884
9.4635,-22.931
9.4689,-21.759
9.4745,-21.054
9.48,-20.632
9.4854,-20.379
9.4909,-20.228
9.4963,-28.137
9.5029,-24.881
9.5083,-22.93
9.5141,-21.755
9.5198,-21.055
9.5252,-20.632
9.5308,-20.378
9.5362,-28.228
9.5428,-24.938
9.5482,-22.962
9.5539,-21.776
9.5599,-21.067
9.5653,-20.64
9.5709,-20.383
9.5763,-28.23
9.583,-24.939
9.5886,-22.964
9.5942,-21.779
9.5997,-21.065
9.6051,-20.638
9.6108,-20.384
9.6162,-28.228
9.6228,-24.938
9.6282,-22.964
9.6339,-21.78
9.6395,-21.066
9.6451,-20.64
9.6505,-20.384
9.6559,-20.231
9.6613,-28.137
9.6678,-24.883
9.6733,-22.928
9.6789,-21.759
9.6843,-21.056
9.6898,-20.633
9.6955,-20.381
9.7009,-20.229
9.7073,-28.137
9.7132,-24.882
9.7188,-22.928
9.7242,-21.757
9.7297,-21.054
9.7355,-20.632
9.7409,-20.379
9.7463,-28.227
9.7529,-24.936
9.7585,-22.962
9.7643,-21.777
9.7699,-21.065
9.7758,-20.642
9.7813,-28.384
9.7879,-25.031
9.7935,-23.018
9.7991,-21.81
9.8045,-21.089
9.8099,-20.651
9.8158,-20.39
9.8225,-28.235
9.828,-24.94
9.8335,-22.965
9.8391,-21.778
9.8445,-21.067
9.8501,-20.643
9.8559,-20.383
9.8625,-28.23
9.868,-24.939
9.8735,-22.964
9.8791,-21.777
9.8845,-21.067
9.8902,-20.641
9.896,-20.383
9.9023,-28.23
9.908,-24.939
9.9135,-22.963
9.9191,-21.777
9.9245,-21.067
9.9299,-20.64
9.9358,-20.382
9.9425,-28.229
9.948,-24.941
9.9535,-22.965
9.959,-21.776
9.9645,-21.065
9.9699,-20.641
9.9759,-20.384
9.9823,-28.231
9.988,-24.94
9.9935,-22.963
9.9991,-21.777
10.005,-21.065
10.01,-20.64
10.016,-20.385
10.023,-28.23
10.028,-24.938
10.033,-22.963
10.039,-21.775
10.045,-21.06
10.05,-20.616
10.056,-20.334
10.063,-28.008
10.068,-24.607
10.073,-22.464
10.079,-21.043
10.085,-20.018
10.09,-19.195
10.096,-18.45
10.103,-24.036
10.108,-20.371
10.113,-17.766
10.119,-15.752
10.125,-14.057
10.13,-12.51
10.136,-11.017
10.143,-11.779
10.148,-8.6664
10.154,-6.1105
10.159,-3.872
10.165,-1.8245
10.17,0.10096
10.176,1.9386
10.183,6.8559
10.188,7.8629
10.194,9.0183
10.199,10.223
10.205,11.419
10.21,12.567
10.216,13.648
10.223,21.42
10.228,19.893
10.233,19.213
10.239,18.996
10.245,19.024
10.25,19.162
10.256,19.337
10.263,27.451
10.268,24.444
10.273,22.652
10.279,21.589
10.285,20.954
10.29,20.57
10.296,20.343
10.303,28.207
10.308,24.922
10.313,22.954
10.319,21.773
10.325,21.063
10.33,20.638
10.336,20.381
10.343,28.229
10.348,24.939
10.353,22.961
10.359,21.777
10.365,21.067
10.37,20.641
10.376,20.386
10.383,28.231
10.388,24.938
10.394,22.962
10.399,21.776
10.405,21.067
10.411,20.639
10.416,20.384
10.421,28.23
10.428,24.939
10.433,22.963
10.439,21.779
10.445,21.066
10.45,20.64
10.456,20.386
10.463,28.229
10.468,24.939
10.473,22.962
10.479,21.776
10.485,21.067
10.49,20.641
10.496,20.383
10.503,28.23
10.508,24.939
10.513,22.963
10.519,21.78
10.525,21.065
10.53,20.639
10.536,20.386
10.543,28.231
10.548,24.938
10.553,22.963
10.559,21.778
10.565,21.065
10.57,20.64
10.576,20.383
10.583,28.23
10.588,24.939
10.593,22.961
10.599,21.78
10.605,21.068
10.61,20.639
10.616,20.384
10.622,28.23
10.628,24.939
10.633,22.962
10.639,21.78
10.645,21.065
10.65,20.641
10.656,20.383
10.663,28.231
10.668,24.937
10.673,22.962
10.679,21.781
10.685,21.066
10.69,20.641
10.696,20.384
10.703,28.232
10.708,24.937
10.713,22.964
10.719,21.778
10.725,21.064
10.73,20.64
10.736,20.384
10.743,28.23
10.748,24.937
10.753,22.966
10.759,21.778
10.765,21.066
10.77,20.639
10.776,20.384
10.783,28.23
10.788,24.938
10.793,22.963
10.799,21.777
10.805,21.066
10.81,20.64
10.816,20.384
10.823,28.23
10.828,24.939
10.833,22.964
10.839,21.778
10.845,21.067
10.85,20.639
10.856,20.385
10.863,28.227
10.868,24.939
10.873,22.963
10.879,21.776
10.885,21.067
10.89,20.64
10.896,20.383
10.903,28.23
10.908,24.938
10.914,22.963
10.919,21.778
10.925,21.067
10.93,20.642
10.936,20.384
10.943,28.229
10.948,24.94
10.953,22.961
10.959,21.777
10.965,21.067
10.97,20.641
10.976,20.385
10.983,28.231
10.988,24.939
10.993,22.963
10.999,21.777
11.005,21.066
11.01,20.639
11.016,20.384
11.023,28.232
11.028,24.938
11.033,22.966
11.04,21.778
11.045,21.065
11.051,20.641
11.058,28.383
11.063,25.029
11.069,23.017
11.074,21.811
11.08,21.087
11.086,20.653
11.091,20.389
11.098,28.234
11.103,24.941
11.109,22.965
11.115,21.779
11.12,21.068
11.125,20.64
11.131,20.384
11.138,28.23
11.143,24.937
11.148,22.963
11.154,21.781
11.16,21.067
11.165,20.639
11.171,20.385
11.178,28.232
11.183,24.938
11.189,22.963
11.194,21.78
11.2,21.066
11.206,20.638
11.211,20.384
11.218,28.231
11.224,24.937
11.229,22.963
11.235,21.78
11.241,21.064
11.248,28.64
11.253,25.183
11.259,23.112
11.265,21.867
11.27,21.119
11.276,20.671
11.283,28.404
11.288,25.042
11.294,23.025
11.299,21.815
11.305,21.087
11.311,20.654
11.318,28.392
11.323,25.036
11.328,23.02
11.334,21.814
11.34,21.087
11.345,20.652
11.351,20.392
11.358,28.234
11.363,24.94
11.368,22.965
11.374,21.777
11.38,21.069
11.385,20.64
11.391,20.385
11.398,28.23
11.403,24.939
11.409,22.963
11.414,21.778
11.42,21.068
11.425,20.638
11.431,20.384
11.437,28.23
11.443,24.937
11.448,22.964
11.454,21.779
11.46,21.066
11.465,20.641
11.471,20.382
11.478,28.23
11.483,24.939
11.488,22.964
11.494,21.779
11.5,21.067
11.505,20.641
11.51,20.382
11.516,20.23
11.523,28.139
11.528,24.883
11.534,22.929
11.539,21.758
11.545,21.055
11.551,20.632
11.558,28.38
11.563,25.028
11.568,23.019
11.574,21.808
11.58,21.085
11.585,20.652
11.591,20.391
11.598,28.235
11.603,24.941
11.609,22.965
11.614,21.777
11.62,21.068
11.626,20.643
11.631,20.385
11.638,28.229
11.643,24.937
11.649,22.963
11.654,21.778
11.66,21.065
11.665,20.639
11.671,20.385
11.677,28.232
11.683,24.937
11.688,22.963
11.694,21.778
11.7,21.067
11.706,20.64
11.711,20.383
11.716,28.23
11.723,24.937
11.728,22.964
11.734,21.779
11.74,21.064
11.745,20.64
11.751,20.386
11.758,28.228
11.763,24.939
11.769,22.964
11.774,21.779
11.78,21.067
11.785,20.639
11.791,20.384
11.798,28.228
11.803,24.94
11.809,22.964
11.814,21.777
11.82,21.066
11.825,20.642
11.831,20.384
11.838,28.23
11.843,24.937
11.848,22.963
11.854,21.777
11.86,21.067
11.865,20.642
11.871,20.384
11.878,28.228
11.883,24.94
11.888,22.962
11.894,21.778
11.9,21.068
11.905,20.64
11.911,20.383
11.916,28.229
11.923,24.939
11.929,22.964
11.934,21.778
11.94,21.066
11.945,20.64
11.951,20.386
11.958,28.23
11.963,24.938
11.969,22.964
11.974,21.777
11.98,21.066
11.985,20.639
11.991,20.384
11.998,28.231
12.003,24.938
12.009,22.962
12.015,21.78
12.02,21.066
12.026,28.639
12.033,25.184
12.038,23.112
12.044,21.867
12.05,21.122
12.056,20.671
12.063,28.402
12.068,25.042
12.074,23.024
12.08,21.815
12.085,21.09
12.091,20.652
12.098,28.393
12.104,25.034
12.109,23.022
12.115,21.813
12.12,21.087
12.126,20.651
12.132,28.393
12.138,25.033
12.144,23.021
12.149,21.813
12.155,21.087
12.16,20.653
12.166,20.391
12.173,28.236
12.178,24.941
12.184,22.965
12.19,21.779
12.195,21.067
12.201,28.641
12.208,25.183
12.213,23.109
12.219,21.866
12.224,21.12
12.23,20.674
12.235,20.403
12.241,20.244
12.248,28.145
12.253,24.886
12.258,22.931
12.264,21.759
12.27,21.056
12.275,20.633
12.281,28.381
12.288,25.029
12.294,23.015
12.3,21.811
12.306,21.087
12.311,20.653
12.317,28.39
12.323,25.036
12.329,23.02
12.334,21.812
12.34,21.087
12.345,20.654
12.351,20.391
12.358,28.236
12.364,24.94
12.37,22.963
12.376,21.78
12.381,21.067
12.387,28.641
12.393,25.184
12.399,23.11
12.404,21.866
12.41,21.119
12.415,20.673
12.421,20.402
12.427,28.242
12.433,24.947
12.438,22.967
12.444,21.78
12.449,21.068
12.455,20.639
12.46,20.386
12.466,20.23
12.473,28.141
12.478,24.883
12.483,22.928
12.489,21.76
12.495,21.055
12.5,20.631
12.506,20.379
12.513,28.228
12.518,24.936
12.523,22.962
12.529,21.777
12.534,21.065
12.54,20.641
12.546,28.384
12.553,25.031
12.559,23.018
12.564,21.811
12.57,21.086
12.576,20.653
12.581,28.391
12.588,25.035
12.593,23.02
12.599,21.814
12.604,21.086
12.61,20.652
12.616,20.391
12.621,20.237
12.626,28.141
12.633,24.885
12.639,22.93
12.644,21.757
12.65,21.056
12.655,20.632
12.661,20.38
12.666,28.229
12.673,24.936
12.678,22.961
12.684,21.778
12.689,21.064
12.695,20.641
12.7,20.384
12.706,20.23
12.713,28.139
12.718,24.884
12.723,22.93
12.729,21.756
12.735,21.055
12.74,20.634
12.746,20.379
12.753,28.227
12.758,24.939
12.764,22.962
12.769,21.777
12.775,21.066
12.78,20.64
12.786,20.383
12.793,28.231
12.798,24.939
12.804,22.963
12.809,21.777
12.815,21.065
12.82,20.641
12.826,20.383
12.833,28.232
12.838,24.938
12.844,22.965
12.849,21.778
12.855,21.065
12.86,20.641
12.866,20.384
12.873,28.23
12.878,24.938
12.884,22.964
12.889,21.777
12.895,21.067
12.9,20.641
12.906,20.384
12.913,28.229
12.918,24.937
12.923,22.965
12.929,21.777
12.934,21.067
12.94,20.639
12.945,20.385
12.951,20.23
12.956,28.138
12.963,24.883
12.968,22.928
12.974,21.759
12.979,21.056
12.985,20.633
12.991,20.38
12.996,28.229
13.003,24.937
13.008,22.961
13.014,21.777
13.019,21.067
13.025,20.639
13.03,20.383
13.036,20.233
13.041,28.138
13.048,24.882
13.053,22.93
13.059,21.758
13.064,21.054
13.07,20.633
13.076,20.379
13.083,28.227
13.089,24.937
13.094,22.961
13.1,21.779
13.105,21.065
13.111,20.641
13.116,28.384
13.123,25.029
13.128,23.018
13.134,21.811
13.14,21.088
13.145,20.652
13.151,20.392
13.156,28.234
13.163,24.941
13.169,22.964
13.174,21.777
13.179,21.069
13.185,20.641
13.19,20.384
13.196,20.231
13.201,28.138
13.208,24.883
13.213,22.929
13.219,21.758
13.224,21.054
13.23,20.633
13.235,20.38
13.241,28.229
13.248,24.936
13.253,22.962
13.259,21.776
13.264,21.068
13.27,20.641
13.275,20.384
13.281,20.23
13.286,28.139
13.293,24.883
13.298,22.929
13.304,21.758
13.309,21.054
13.315,20.633
13.32,20.38
13.326,20.229
13.331,28.137
13.338,24.881
13.344,22.928
13.349,21.76
13.355,21.053
13.36,20.632
13.365,20.38
13.371,20.228
13.376,28.137
13.383,24.883
13.388,22.929
13.394,21.758
13.4,21.054
13.405,20.633
13.411,20.38
13.416,28.228
13.423,24.937
13.428,22.962
13.434,21.776
13.44,21.067
13.445,20.641
13.451,20.383
13.456,28.229
13.463,24.939
13.468,22.963
13.474,21.777
13.48,21.068
13.485,20.641
13.491,20.385
13.496,28.23
13.503,24.937
13.508,22.962
13.514,21.779
13.52,21.068
13.525,20.639
13.531,20.384
13.536,28.232
13.543,24.939
13.548,22.962
13.554,21.777
13.56,21.067
13.565,20.639
13.571,20.384
13.576,28.23
13.583,24.939
13.588,22.962
13.594,21.778
13.6,21.066
13.605,20.64
13.611,20.385
13.616,28.23
13.623,24.939
13.628,22.964
13.634,21.778
13.64,21.067
13.645,20.639
13.651,20.384
13.656,28.23
13.663,24.939
13.668,22.964
13.674,21.777
13.68,21.067
13.685,20.639
13.691,20.385
13.696,28.229
13.703,24.939
13.708,22.963
13.714,21.778
13.72,21.067
13.725,20.64
13.731,20.383
13.736,28.231
13.743,24.939
13.748,22.964
13.754,21.776
13.76,21.068
13.765,20.641
13.771,20.384
13.776,28.23
13.783,24.94
13.788,22.961
13.794,21.777
13.8,21.068
13.805,20.639
13.811,20.385
13.816,28.23
13.823,24.939
13.828,22.964
13.834,21.777
13.84,21.066
13.845,20.639
13.851,20.384
13.856,28.23
13.863,24.937
13.868,22.963
13.875,21.778
13.88,21.067
13.885,20.641
13.891,20.384
13.896,28.23
13.903,24.939
13.909,22.962
13.914,21.778
13.92,21.067
13.925,20.638
13.931,20.385
13.936,28.231
13.943,24.939
13.949,22.963
13.954,21.778
13.96,21.067
13.965,20.64
13.971,20.386
13.976,28.231
13.983,24.938
13.989,22.962
13.994,21.779
14,21.067
14.005,20.639
14.011,20.384
14.018,28.23
14.024,24.937
14.029,22.963
14.035,21.777
14.04,21.067
14.046,20.641
14.052,28.384
14.058,25.031
14.064,23.018
14.069,21.812
14.075,21.085
14.081,20.652
14.086,20.392
14.093,28.235
14.098,24.94
14.104,22.966
14.11,21.778
14.115,21.068
14.121,28.642
14.128,25.183
14.134,23.112
14.139,21.866
14.145,21.119
14.15,20.673
14.156,20.403
14.163,28.242
14.168,24.945
14.174,22.967
14.18,21.78
14.185,21.066
14.191,20.641
14.196,28.386
14.203,25.031
14.208,23.018
14.214,21.811
14.219,21.086
14.225,20.652
14.23,20.392
14.236,20.234
14.241,28.142
14.248,24.884
14.253,22.931
14.259,21.758
14.264,21.055
14.27,20.634
14.275,20.381
14.281,28.227
14.288,24.935
14.293,22.963
14.299,21.777
14.304,21.067
14.31,20.639
14.315,20.384
14.321,28.23
14.328,24.939
14.333,22.962
14.339,21.778
14.344,21.067
14.35,20.64
14.355,20.385
14.361,28.23
14.368,24.938
14.373,22.964
14.379,21.777
14.384,21.067
14.39,20.639
14.395,20.383
14.401,20.23
14.406,28.139
14.413,24.883
14.418,22.93
14.424,21.757
14.429,21.055
14.435,20.632
14.44,20.381
14.446,20.228
14.451,28.136
14.458,24.884
14.464,22.928
14.469,21.759
14.475,21.056
14.48,20.631
14.486,20.379
14.491,28.227
14.499,24.937
14.504,22.963
14.509,21.777
14.515,21.067
14.52,20.64
14.526,20.384
14.531,28.23
14.538,24.938
14.544,22.962
14.549,21.779
14.555,21.067
14.56,20.641
14.566,20.382
14.571,28.23
14.578,24.938
14.584,22.964
14.589,21.777
14.595,21.068
14.6,20.64
14.606,20.384
14.611,28.23
14.618,24.939
14.624,22.964
14.629,21.776
14.635,21.066
14.64,20.64
14.646,20.383
14.651,28.231
14.658,24.938
14.664,22.963
14.669,21.778
14.675,21.066
14.68,20.642
14.686,20.383
14.691,28.23
14.698,24.938
14.704,22.963
14.709,21.777
14.715,21.067
14.72,20.639
14.726,20.385
14.731,28.23
14.738,24.94
14.744,22.963
14.749,21.778
14.755,21.067
14.76,20.639
14.766,20.384
14.771,28.23
14.778,24.938
14.784,22.965
14.789,21.778
14.795,21.066
14.8,20.639
14.806,20.383
14.811,28.231
14.818,24.939
14.824,22.964
14.829,21.778
14.835,21.067
14.84,20.639
14.846,20.384
14.851,28.231
14.858,24.938
14.864,22.962
14.869,21.778
14.875,21.066
14.88,20.641
14.886,20.383
14.893,28.231
14.898,24.939
14.904,22.964
14.91,21.778
14.915,21.067
14.922,28.64
14.928,25.183
14.933,23.112
14.939,21.866
14.944,21.119
14.95,20.672
14.955,20.402
14.961,20.242
14.968,28.145
14.973,24.887
14.979,22.933
14.984,21.759
14.99,21.056
14.995,20.633
15.001,20.38
15.008,28.228
15.014,24.937
15.02,22.962
15.026,21.777
15.033,29.066
15.039,25.44
15.044,23.262
15.049,21.95
15.055,21.152
15.06,20.654
15.066,28.202
15.073,24.725
15.078,22.534
15.084,21.084
15.089,20.043
15.095,19.208
15.1,18.46
15.106,17.723
15.113,22.903
15.118,19.282
15.124,16.665
15.129,14.603
15.136,12.837
15.141,11.207
15.146,11.862
15.153,8.6797
15.158,6.0672
15.164,3.7819
15.169,1.6844
15.175,-0.28207
15.18,-2.1529
15.186,-3.9382
15.193,-9.4967
15.2,-10.102
15.205,-10.974
15.21,-11.958
15.216,-12.973
15.221,-20.491
15.228,-19.122
15.233,-18.567
15.239,-18.458
15.244,-18.577
15.25,-18.798
15.256,-19.047
15.261,-27.196
15.268,-24.269
15.274,-22.539
15.28,-21.514
15.285,-20.905
15.291,-20.542
15.296,-28.326
15.304,-24.995
15.309,-22.996
15.315,-21.798
15.32,-21.079
15.326,-20.647
15.331,-28.388
15.338,-25.033
15.344,-23.02
15.349,-21.812
15.355,-21.087
15.36,-20.653
15.366,-20.391
15.371,-20.235
15.378,-28.141
15.384,-24.885
15.389,-22.93
15.395,-21.759
15.4,-21.056
15.406,-20.633
15.411,-28.379
15.418,-25.029
15.424,-23.017
15.43,-21.811
15.435,-21.084
15.441,-20.652
15.448,-28.39
15.453,-25.036
15.459,-23.021
15.465,-21.812
15.471,-21.087
15.476,-28.653
15.483,-25.19
15.488,-23.116
15.494,-21.869
15.499,-21.123
15.505,-20.673
15.51,-20.403
15.516,-20.242
15.521,-28.145
15.528,-24.888
15.533,-22.932
15.539,-21.76
15.544,-21.055
15.55,-20.633
15.555,-20.379
15.561,-28.229
15.568,-24.936
15.573,-22.962
15.579,-21.777
15.584,-21.068
15.59,-20.64
15.595,-20.383
15.601,-20.232
15.606,-28.139
15.613,-24.884
15.618,-22.93
15.624,-21.757
15.629,-21.053
15.635,-20.633
15.64,-20.38
15.646,-20.229
15.651,-28.137
15.658,-24.883
15.664,-22.93
15.669,-21.756
15.675,-21.055
15.68,-20.632
15.686,-20.38
15.692,-28.228
15.698,-24.937
15.704,-22.962
15.71,-21.777
15.715,-21.067
15.721,-20.641
15.728,-28.384
15.733,-25.03
15.739,-23.017
15.745,-21.812
15.751,-21.086
15.756,-28.652
15.763,-25.19
15.769,-23.115
15.775,-21.869
15.78,-21.121
15.786,-20.673
15.793,-28.404
15.798,-25.043
15.804,-23.026
15.809,-21.816
15.815,-21.089
15.82,-20.653
15.826,-20.392
15.833,-28.236
15.839,-24.941
15.844,-22.964
15.849,-21.779
15.855,-21.068
15.86,-20.64
15.866,-20.386
15.873,-28.23
15.878,-24.938
15.884,-22.962
15.889,-21.779
15.895,-21.067
15.901,-20.641
15.906,-20.384
15.913,-28.23
15.919,-24.938
15.924,-22.962
15.93,-21.778
15.935,-21.067
15.941,-20.64
15.946,-20.384
15.953,-28.229
15.959,-24.939
15.964,-22.964
15.97,-21.776
15.976,-21.068
15.981,-20.641
15.988,-28.384
15.993,-25.031
15.999,-23.017
16.004,-21.811
16.01,-21.087
16.016,-20.651
16.021,-20.391
16.028,-28.235
16.033,-24.941
16.039,-22.964
16.044,-21.779
16.05,-21.068
16.056,-20.64
16.061,-20.383
16.068,-28.231
16.073,-24.938
16.079,-22.964
16.084,-21.777
16.09,-21.067
16.096,-20.642
16.101,-20.384
16.108,-28.23
16.113,-24.937
16.119,-22.964
16.124,-21.778
16.13,-21.066
16.136,-20.639
16.141,-20.384
16.148,-28.23
16.153,-24.939
16.159,-22.964
16.164,-21.777
16.17,-21.067
16.176,-20.641
16.181,-20.384
16.188,-28.231
16.193,-24.938
16.199,-22.963
16.204,-21.778
16.21,-21.066
16.216,-20.639
16.221,-20.384
16.228,-28.231
16.233,-24.938
16.239,-22.963
16.244,-21.778
16.25,-21.065
16.256,-20.64
16.261,-20.384
16.268,-28.232
16.273,-24.938
16.279,-22.963
16.284,-21.779
16.29,-21.066
16.296,-20.639
16.301,-28.384
16.308,-25.03
16.313,-23.018
16.319,-21.813
16.324,-21.086
16.33,-20.651
16.336,-20.391
16.341,-28.234
16.348,-24.941
16.353,-22.965
16.359,-21.78
16.364,-21.067
16.37,-20.641
16.376,-20.382
16.381,-20.231
16.388,-28.138
16.393,-24.882
16.399,-22.931
16.404,-21.758
16.41,-21.055
16.416,-20.631
16.421,-20.38
16.428,-28.228
16.433,-24.937
16.439,-22.963
16.444,-21.777
16.45,-21.065
16.456,-20.64
16.461,-20.384
16.468,-28.23
16.473,-24.939
16.479,-22.962
16.484,-21.777
16.49,-21.067
16.496,-20.639
16.503,-28.384
16.508,-25.031
16.514,-23.018
16.52,-21.81
16.525,-21.088
16.531,-20.652
16.536,-28.391
16.543,-25.035
16.55,-23.022
16.555,-21.812
16.561,-21.088
16.568,-28.654
16.573,-25.191
16.579,-23.115
16.584,-21.87
16.59,-21.12
16.596,-20.671
16.601,-28.404
16.608,-25.043
16.613,-23.026
16.619,-21.816
16.624,-21.088
16.63,-20.653
16.635,-20.392
16.641,-20.235
16.646,-20.141
16.653,-28.083
16.658,-24.852
16.664,-22.912
16.669,-21.746
16.675,-21.048
16.68,-20.628
16.686,-20.377
16.691,-20.227
16.698,-28.136
16.704,-24.881
16.709,-22.929
16.715,-21.757
16.72,-21.054
16.726,-20.632
16.731,-20.38
16.738,-28.229
16.744,-24.937
16.749,-22.962
16.755,-21.777
16.76,-21.067
16.766,-20.64
16.771,-20.385
16.778,-28.229
16.784,-24.937
16.789,-22.963
16.795,-21.777
16.8,-21.068
16.806,-20.64
16.811,-28.385
16.818,-25.031
16.824,-23.017
16.829,-21.809
16.835,-21.087
16.84,-20.652
16.846,-20.391
16.851,-20.235
16.858,-28.141
16.864,-24.884
16.869,-22.932
16.875,-21.758
16.88,-21.054
16.886,-20.633
16.891,-20.38
16.898,-28.227
16.904,-24.938
16.909,-22.963
16.915,-21.777
16.92,-21.067
16.926,-20.639
16.931,-20.384
16.938,-28.231
16.944,-24.938
16.949,-22.963
16.955,-21.777
16.96,-21.068
16.966,-20.639
16.971,-20.383
16.978,-28.231
16.984,-24.938
16.989,-22.963
16.995,-21.777
17,-21.067
17.006,-20.641
17.011,-28.384
17.018,-25.028
17.024,-23.018
17.029,-21.812
17.035,-21.088
17.04,-20.652
17.046,-20.39
17.051,-20.235
17.058,-28.141
17.064,-24.885
17.069,-22.931
17.075,-21.758
17.08,-21.054
17.086,-20.634
17.091,-20.38
17.098,-28.226
17.104,-24.936
17.109,-22.962
17.115,-21.778
17.12,-21.067
17.126,-20.64
17.131,-20.384
17.138,-28.232
17.144,-24.937
17.149,-22.963
17.155,-21.777
17.16,-21.067
17.166,-20.64
17.171,-20.384
17.178,-28.23
17.184,-24.938
17.19,-22.964
17.195,-21.779
17.201,-21.065
17.206,-20.641
17.213,-28.384
17.218,-25.03
17.224,-23.018
17.229,-21.812
17.235,-21.087
17.24,-20.653
17.246,-20.389
17.251,-20.235
17.258,-28.142
17.264,-24.883
17.269,-22.933
17.275,-21.759
17.28,-21.055
17.286,-20.632
17.291,-20.381
17.298,-28.227
17.304,-24.937
17.309,-22.961
17.315,-21.777
17.32,-21.067
17.326,-20.641
17.333,-28.383
17.338,-25.03
17.344,-23.019
17.349,-21.813
17.355,-21.087
17.361,-20.651
17.366,-20.391
17.373,-28.235
17.378,-24.941
17.384,-22.964
17.39,-21.778
17.395,-21.067
17.401,-20.64
17.408,-28.386
17.414,-25.028
17.419,-23.019
17.425,-21.812
17.43,-21.086
17.436,-20.652
17.441,-20.391
17.448,-28.234
17.454,-24.941
17.459,-22.964
17.465,-21.779
17.471,-21.069
17.478,-28.64
17.483,-25.184
17.489,-23.111
17.495,-21.866
17.5,-21.12
17.506,-20.671
17.513,-28.404
17.519,-25.042
17.525,-23.024
17.53,-21.815
17.536,-21.089
17.543,-28.652
17.548,-25.192
17.554,-23.116
17.56,-21.87
17.565,-21.121
17.571,-20.673
17.576,-20.403
17.583,-28.242
17.589,-24.947
17.594,-22.967
17.6,-21.78
17.605,-21.068
17.611,-20.641
17.616,-20.384
17.623,-28.23
17.629,-24.94
17.634,-22.963
17.64,-21.777
17.645,-21.068
17.651,-20.64
17.656,-28.383
17.663,-25.031
17.669,-23.018
17.674,-21.81
17.68,-21.087
17.686,-20.651
17.691,-20.391
17.698,-28.233
17.704,-24.943
17.709,-22.965
17.715,-21.778
17.721,-21.069
17.728,-28.639
17.733,-25.184
17.739,-23.112
17.744,-21.866
17.75,-21.119
17.755,-20.673
17.761,-20.404
17.767,-28.241
17.773,-24.945
17.779,-22.965
17.784,-21.781
17.79,-21.068
17.795,-20.641
17.801,-20.384
17.808,-28.23
17.814,-24.94
17.819,-22.964
17.825,-21.777
17.83,-21.064
17.836,-20.641
17.841,-20.385
17.848,-28.23
17.854,-24.94
17.859,-22.962
17.865,-21.778
17.871,-21.068
17.876,-28.641
17.883,-25.182
17.889,-23.11
17.894,-21.866
17.9,-21.12
17.906,-20.674
17.913,-28.402
17.919,-25.041
17.924,-23.024
17.93,-21.815
17.936,-21.088
17.941,-20.653
17.948,-28.394
17.954,-25.035
17.96,-23.021
17.965,-21.812
17.971,-21.086
17.976,-20.654
17.983,-28.391
17.989,-25.036
17.994,-23.021
18,-21.812
18.005,-21.088
18.011,-20.653
18.016,-20.39
18.023,-28.236
18.029,-24.94
18.034,-22.966
18.04,-21.78
18.045,-21.066
18.051,-20.64
18.056,-20.386
18.063,-28.23
18.069,-24.938
18.074,-22.964
18.08,-21.777
18.085,-21.068
18.091,-20.639
18.096,-20.384
18.103,-28.23
18.108,-24.937
18.114,-22.963
18.12,-21.777
18.125,-21.068
18.131,-20.64
18.136,-20.383
18.143,-28.231
18.149,-24.939
18.154,-22.963
18.16,-21.778
18.166,-21.067
18.171,-20.64
18.178,-28.384
18.184,-25.029
18.189,-23.019
18.195,-21.812
18.201,-21.087
18.208,-28.649
18.213,-25.191
18.219,-23.114
18.224,-21.87
18.23,-21.121
18.235,-20.672
18.241,-20.405
18.248,-28.242
18.253,-24.943
18.259,-22.969
18.264,-21.78
18.27,-21.069
18.275,-20.639
18.281,-20.385
18.288,-28.232
18.293,-24.939
18.299,-22.961
18.304,-21.777
18.31,-21.068
18.315,-20.641
18.321,-20.384
18.328,-28.231
18.333,-24.937
18.339,-22.963
18.344,-21.779
18.35,-21.067
18.355,-20.641
18.361,-20.382
18.368,-28.229
18.373,-24.938
18.379,-22.965
18.384,-21.778
18.39,-21.067
18.395,-20.64
18.401,-20.383
18.408,-28.23
18.413,-24.939
18.419,-22.963
18.424,-21.778
18.43,-21.066
18.435,-20.64
18.441,-20.383
18.448,-28.232
18.454,-24.939
18.46,-22.962
18.465,-21.777
18.471,-21.067
18.477,-28.638
18.483,-25.184
18.489,-23.112
18.495,-21.868
18.501,-21.121
18.506,-20.672
18.513,-28.402
18.519,-25.041
18.524,-23.025
18.53,-21.817
18.536,-21.088
18.541,-20.652
18.548,-28.391
18.553,-25.033
18.559,-23.023
18.564,-21.814
18.57,-21.086
18.576,-20.652
18.581,-20.392
18.588,-28.235
18.593,-24.941
18.599,-22.967
18.604,-21.779
18.61,-21.067
18.616,-20.638
18.621,-20.382
18.628,-28.23
18.633,-24.941
18.639,-22.961
18.644,-21.779
18.65,-21.068
18.656,-20.64
18.661,-20.384
18.668,-28.23
18.673,-24.938
18.679,-22.964
18.684,-21.779
18.69,-21.065
18.696,-20.639
18.701,-20.384
18.708,-28.231
18.713,-24.94
18.719,-22.962
18.724,-21.777
18.73,-21.068
18.736,-20.64
18.741,-20.383
18.748,-28.231
18.753,-24.939
18.759,-22.963
18.764,-21.777
18.77,-21.067
18.776,-20.639
18.781,-20.383
18.788,-28.232
18.793,-24.939
18.799,-22.964
18.804,-21.777
18.81,-21.066
18.816,-20.639
18.821,-20.384
18.828,-28.231
18.833,-24.94
18.839,-22.962
18.844,-21.779
18.85,-21.067
18.856,-20.641
18.861,-20.382
18.868,-28.23
18.873,-24.937
18.879,-22.963
18.884,-21.778
18.89,-21.066
18.896,-20.641
18.901,-20.385
18.908,-28.23
18.913,-24.937
18.919,-22.964
18.924,-21.777
18.93,-21.066
18.936,-20.641
18.941,-28.383
18.948,-25.029
18.953,-23.018
18.959,-21.811
18.964,-21.088
18.97,-20.652
18.976,-20.389
18.981,-20.235
18.988,-28.142
18.993,-24.884
18.999,-22.93
19.004,-21.76
19.01,-21.054
19.016,-20.632
19.021,-20.381
19.028,-28.227
19.033,-24.937
19.039,-22.961
19.044,-21.778
19.05,-21.067
19.056,-20.639
19.061,-20.385
19.068,-28.23
19.073,-24.939
19.079,-22.962
19.084,-21.778
19.09,-21.065
19.096,-20.641
19.101,-20.384
19.108,-28.232
19.113,-24.938
19.119,-22.963
19.124,-21.777
19.13,-21.066
19.136,-20.641
19.141,-20.382
19.148,-28.231
19.153,-24.94
19.159,-22.962
19.164,-21.779
19.17,-21.065
19.176,-20.64
19.181,-20.385
19.188,-28.23
19.193,-24.939
19.2,-22.963
19.206,-21.778
19.211,-21.065
19.216,-20.641
19.223,-28.385
19.228,-25.029
19.234,-23.019
19.24,-21.811
19.246,-21.087
19.251,-20.652
19.258,-28.391
19.264,-25.033
19.269,-23.02
19.275,-21.812
19.281,-21.089
19.288,-28.653
19.293,-25.193
19.299,-23.114
19.304,-21.869
19.31,-21.12
19.315,-20.674
19.321,-20.402
19.328,-28.242
19.333,-24.948
19.339,-22.967
19.344,-21.779
19.35,-21.067
19.355,-20.642
19.361,-20.385
19.366,-20.229
19.373,-28.138
19.378,-24.883
19.384,-22.93
19.389,-21.759
19.395,-21.054
19.4,-20.632
19.406,-20.38
19.411,-20.228
19.418,-28.137
19.424,-24.883
19.429,-22.929
19.435,-21.759
19.44,-21.055
19.446,-20.633
19.451,-20.38
19.458,-28.226
19.463,-24.937
19.469,-22.962
19.474,-21.778
19.48,-21.067
19.485,-20.639
19.491,-20.383
19.496,-20.23
19.503,-28.138
19.508,-24.882
19.514,-22.93
19.519,-21.758
19.525,-21.055
19.53,-20.633
19.536,-20.381
19.541,-20.227
19.548,-28.135
19.553,-24.882
19.559,-22.93
19.564,-21.76
19.57,-21.054
19.576,-20.633
19.581,-20.378
19.588,-28.228
19.593,-24.936
19.599,-22.962
19.604,-21.777
19.61,-21.067
19.616,-20.64
19.621,-20.385
19.628,-28.229
19.633,-24.939
19.639,-22.961
19.644,-21.776
19.65,-21.065
19.656,-20.643
19.661,-20.385
19.668,-28.232
19.673,-24.938
19.679,-22.964
19.684,-21.776
19.69,-21.066
19.696,-20.641
19.701,-20.382
19.708,-28.231
19.713,-24.939
19.719,-22.962
19.724,-21.777
19.73,-21.068
19.736,-20.639
19.741,-20.383
19.748,-28.232
19.753,-24.939
19.759,-22.961
19.764,-21.78
19.77,-21.066
19.776,-20.64
19.781,-20.383
19.788,-28.23
19.793,-24.936
19.799,-22.963
19.804,-21.779
19.81,-21.068
19.816,-20.64
19.821,-20.382
19.828,-28.231
19.834,-24.938
19.839,-22.963
19.845,-21.777
19.85,-21.069
19.856,-20.64
19.861,-20.384
19.868,-28.229
19.873,-24.939
19.879,-22.963
19.884,-21.778
19.89,-21.067
19.896,-20.639
19.901,-20.383
19.908,-28.232
19.913,-24.938
19.919,-22.962
19.924,-21.777
19.93,-21.067
19.936,-20.641
19.941,-20.385
19.948,-28.229
19.953,-24.939
19.959,-22.962
19.964,-21.777
19.97,-21.067
19.976,-20.64
19.981,-20.383
19.988,-28.23
19.993,-24.939
19.999,-22.964
20.004,-21.778
20.01,-21.068
20.016,-20.64
20.021,-20.382
20.028,-28.229
20.034,-24.939
20.04,-22.965
20.046,-21.774
20.051,-21.059
20.058,-28.582
20.064,-25.076
20.069,-22.927
20.075,-21.558
20.08,-20.634
20.086,-19.944
20.091,-26.542
20.098,-22.859
20.104,-20.362
20.109,-18.536
20.115,-17.072
20.121,-15.784
20.127,-19.168
20.133,-15.577
20.138,-12.852
20.144,-10.605
20.149,-8.6052
20.155,-6.7268
20.16,-4.8955
20.166,-3.0777
20.171,-1.2637
20.178,2.5187
20.183,4.1583
20.189,5.7659
20.194,7.3212
20.2,8.7964
20.205,10.19
20.211,11.487
20.216,12.691
20.223,20.321
20.228,19.022
20.234,18.506
20.239,18.421
20.245,18.557
20.25,18.783
20.256,19.038
20.261,19.277
20.268,27.435
20.273,24.437
20.279,22.651
20.284,21.589
20.29,20.951
20.296,20.572
20.301,20.342
20.308,28.205
20.313,24.924
20.319,22.954
20.324,21.772
20.33,21.063
20.336,20.637
20.341,20.384
20.348,28.231
20.353,24.936
20.359,22.962
20.364,21.778
20.37,21.068
20.376,20.642
20.381,20.384
20.388,28.23
20.393,24.938
20.399,22.961
20.404,21.778
20.41,21.066
20.416,20.64
20.421,20.383
20.427,28.232
20.433,24.939
20.438,22.964
20.444,21.777
20.449,21.066
20.455,20.642
20.461,20.384
20.466,20.229
20.473,28.138
20.478,24.881
20.484,22.93
20.489,21.759
20.495,21.054
20.5,20.633
20.506,20.379
20.513,28.228
20.518,24.939
20.524,22.96
20.529,21.777
20.535,21.068
20.54,20.64
20.546,20.384
20.553,28.23
20.559,24.939
20.565,22.961
20.571,21.778
20.576,21.066
20.583,28.64
20.588,25.185
20.594,23.108
20.599,21.868
20.605,21.121
20.611,20.671
20.616,20.403
20.621,20.243
20.628,28.146
20.633,24.886
20.639,22.934
20.644,21.758
20.65,21.056
20.656,20.632
20.661,20.38
20.668,28.227
20.673,24.936
20.679,22.965
20.684,21.776
20.69,21.067
20.696,20.64
20.701,20.383
20.708,28.23
20.713,24.94
20.719,22.964
20.724,21.776
20.73,21.066
20.736,20.64
20.741,20.384
20.748,28.229
20.753,24.941
20.759,22.963
20.764,21.777
20.77,21.066
20.776,20.64
20.781,20.383
20.788,28.231
20.793,24.939
20.799,22.963
20.804,21.777
20.81,21.066
20.816,20.64
20.821,20.385
20.828,28.23
20.834,24.939
20.84,22.963
20.846,21.778
20.851,21.066
20.856,20.641
20.863,28.381
20.869,25.031
20.874,23.019
20.88,21.809
20.886,21.087
20.891,20.652
20.898,28.39
20.904,25.034
20.909,23.021
20.915,21.812
20.92,21.088
20.926,20.653
20.931,20.393
20.938,28.234
20.944,24.94
20.949,22.966
20.955,21.777
20.96,21.066
20.966,20.64
20.971,20.385
20.978,28.23
20.984,24.94
20.989,22.964
20.994,21.778
21,21.066
21.005,20.639
21.011,20.383
21.016,20.23
21.023,28.14
21.028,24.882
21.034,22.932
21.039,21.758
21.045,21.054
21.05,20.634
21.056,20.38
21.061,20.226
21.068,28.135
21.073,24.882
21.079,22.93
21.084,21.759
21.09,21.052
21.096,20.632
21.101,28.38
21.108,25.028
21.113,23.017
21.119,21.811
21.124,21.085
21.13,20.652
21.136,20.389
21.141,20.235
21.148,28.14
21.153,24.887
21.159,22.931
21.164,21.758
21.17,21.056
21.176,20.632
21.181,20.382
21.188,28.228
21.194,24.939
21.199,22.961
21.205,21.775
21.21,21.066
21.216,20.64
21.221,20.385
21.228,28.23
21.233,24.94
21.239,22.96
21.244,21.779
21.25,21.066
21.256,20.638
21.261,20.385
21.268,28.23
21.273,24.938
21.28,22.965
21.285,21.778
21.291,21.066
21.296,20.64
21.303,28.382
21.308,25.031
21.314,23.019
21.319,21.81
21.325,21.087
21.33,20.651
21.336,20.392
21.341,20.234
21.348,28.141
21.353,24.885
21.359,22.93
21.364,21.758
21.37,21.056
21.376,20.631
21.381,20.382
21.388,28.228
21.393,24.937
21.399,22.961
21.404,21.777
21.41,21.066
21.416,20.64
21.421,20.385
21.428,28.23
21.433,24.939
21.439,22.961
21.444,21.776
21.45,21.067
21.456,20.642
21.461,20.384
21.468,28.229
21.473,24.936
21.479,22.963
21.484,21.779
21.49,21.068
21.496,20.641
21.501,20.384
21.508,28.229
21.513,24.938
21.52,22.965
21.525,21.778
21.531,21.067
21.536,20.639
21.543,28.384
21.548,25.03
21.554,23.019
21.56,21.811
21.565,21.086
21.571,20.654
21.576,20.389
21.583,28.234
21.588,24.941
21.594,22.964
21.599,21.779
21.605,21.068
21.61,20.641
21.616,20.383
21.621,20.231
21.628,28.14
21.634,24.882
21.64,22.93
21.646,21.757
21.651,21.055
21.658,28.631
21.664,25.179
21.669,23.109
21.675,21.865
21.68,21.121
21.686,20.67
21.691,20.403
21.698,28.243
21.704,24.945
21.709,22.966
21.715,21.779
21.72,21.068
21.726,20.64
21.732,20.386
21.738,28.229
21.744,24.939
21.749,22.965
21.755,21.776
21.76,21.065
21.766,20.642
21.771,20.386
21.778,28.231
21.784,24.938
21.789,22.963
21.795,21.78
21.8,21.063
21.806,20.641
21.811,20.385
21.818,28.23
21.824,24.939
21.829,22.963
21.835,21.776
21.84,21.067
21.846,20.64
21.851,20.384
21.858,28.23
21.864,24.94
21.869,22.963
21.875,21.776
21.88,21.065
21.886,20.642
21.891,20.383
21.898,28.232
21.904,24.939
21.909,22.962
21.915,21.777
21.92,21.065
21.926,20.641
21.931,20.385
21.938,28.23
21.943,24.938
21.949,22.965
21.954,21.777
21.96,21.067
21.965,20.64
21.971,20.385
21.976,20.23
21.983,28.137
21.988,24.882
21.994,22.93
22,21.758
22.005,21.054
22.011,20.632
22.016,20.382
22.023,28.228
22.028,24.936
22.034,22.962
22.04,21.779
22.045,21.067
22.051,20.642
22.056,20.383
22.062,28.23
22.068,24.938
22.074,22.962
22.08,21.778
22.085,21.067
22.091,20.638
22.096,20.382
22.102,20.232
22.108,28.139
22.113,24.883
22.119,22.929
22.124,21.757
22.13,21.054
22.136,20.634
22.141,20.377
22.148,28.229
22.153,24.936
22.159,22.962
22.164,21.777
22.17,21.067
22.176,20.64
22.181,20.384
22.188,28.231
22.193,24.938
22.199,22.963
22.204,21.778
22.21,21.065
22.216,20.638
22.221,20.383
22.228,28.232
22.233,24.939
22.239,22.965
22.244,21.776
22.25,21.067
22.256,20.64
22.261,20.383
22.268,28.231
22.273,24.938
22.279,22.963
22.284,21.778
22.29,21.068
22.296,20.639
22.303,28.385
22.308,25.032
22.314,23.018
22.32,21.81
22.325,21.088
22.331,20.651
22.336,20.391
22.343,28.236
22.348,24.941
22.354,22.965
22.36,21.779
22.365,21.066
22.371,20.639
22.376,20.385
22.383,28.231
22.388,24.939
22.394,22.963
22.4,21.777
22.405,21.067
22.411,20.639
22.416,20.385
22.423,28.232
22.429,24.937
22.435,22.964
22.44,21.778
22.446,21.066
22.451,20.64
22.458,28.385
22.464,25.029
22.469,23.018
22.475,21.814
22.48,21.086
22.486,20.65
22.491,20.393
22.498,28.233
22.504,24.94
22.51,22.966
22.515,21.779
22.521,21.067
22.528,28.64
22.533,25.183
22.539,23.112
22.544,21.866
22.55,21.12
22.555,20.673
22.561,20.403
22.566,20.242
22.573,28.146
22.578,24.886
22.584,22.932
22.589,21.76
22.595,21.055
22.6,20.635
22.606,20.379
22.611,20.228
22.618,28.139
22.624,24.881
22.629,22.929
22.635,21.758
22.64,21.054
22.646,20.632
22.651,20.381
22.658,28.227
22.663,24.937
22.669,22.962
22.674,21.777
22.68,21.065
22.685,20.641
22.691,20.381
22.696,20.232
22.703,28.138
22.708,24.884
22.714,22.93
22.72,21.758
22.725,21.054
22.731,20.631
22.736,20.38
22.743,28.228
22.748,24.936
22.754,22.962
22.76,21.78
22.765,21.066
22.771,20.64
22.776,20.383
22.782,28.23
22.788,24.941
22.794,22.963
22.8,21.778
22.805,21.066
22.811,20.639
22.816,20.383
22.823,28.229
22.828,24.938
22.834,22.965
22.84,21.778
22.845,21.069
22.851,20.64
22.856,20.382
22.862,28.23
22.868,24.937
22.874,22.963
22.88,21.778
22.885,21.067
22.891,20.64
22.896,20.384
22.903,28.23
22.908,24.937
22.914,22.962
22.92,21.776
22.925,21.069
22.931,20.639
22.936,20.384
22.943,28.231
22.948,24.938
22.954,22.963
22.96,21.777
22.965,21.067
22.971,20.638
22.976,20.385
22.982,28.231
22.988,24.939
22.994,22.964
23,21.779
23.005,21.067
23.011,20.639
23.016,20.384
23.023,28.23
23.028,24.937
23.034,22.965
23.04,21.777
23.045,21.067
23.051,20.639
23.056,20.384
23.063,28.23
23.068,24.939
23.074,22.962
23.08,21.779
23.085,21.066
23.091,20.64
23.096,20.383
23.102,28.23
23.108,24.939
23.114,22.962
23.12,21.779
23.125,21.065
23.131,20.64
23.136,20.384
23.142,28.232
23.148,24.939
23.154,22.962
23.16,21.778
23.165,21.067
23.171,20.639
23.176,20.383
23.183,28.232
23.188,24.938
23.194,22.964
23.2,21.777
23.205,21.067
23.211,20.641
23.216,20.384
23.222,28.23
23.228,24.938
23.234,22.964
23.24,21.777
23.245,21.068
23.251,20.639
23.257,20.384
23.263,28.231
23.269,24.939
23.274,22.963
23.28,21.777
23.286,21.065
23.291,20.641
23.298,28.383
23.304,25.03
23.309,23.017
23.315,21.811
23.32,21.087
23.329,28.653
23.334,25.191
23.34,23.114
23.345,21.868
23.351,21.124
23.356,20.671
23.363,28.404
23.368,25.043
23.374,23.027
23.379,21.814
23.385,21.089
23.391,20.653
23.396,20.392
23.403,28.235
23.408,24.942
23.414,22.964
23.419,21.779
23.425,21.068
23.43,20.64
23.436,20.383
23.441,20.232
23.448,28.138
23.453,24.883
23.459,22.929
23.464,21.759
23.47,21.055
23.475,20.632
23.481,20.381
23.487,28.23
23.493,24.936
23.499,22.962
23.504,21.776
23.51,21.065
23.515,20.641
23.521,20.385
23.526,20.229
23.533,28.138
23.538,24.885
23.544,22.93
23.549,21.757
23.555,21.054
23.56,20.633
23.566,20.379
23.571,20.228
23.578,28.136
23.584,24.882
23.589,22.929
23.595,21.758
23.6,21.054
23.606,20.633
23.611,20.38
23.618,28.228
23.623,24.937
23.629,22.963
23.634,21.777
23.64,21.067
23.645,20.639
23.651,20.384
23.656,20.231
23.663,28.138
23.668,24.883
23.674,22.929
23.68,21.758
23.685,21.054
23.691,20.634
23.696,20.38
23.702,28.228
23.708,24.936
23.714,22.962
23.72,21.778
23.725,21.066
23.731,20.639
23.736,20.385
23.743,28.231
23.748,24.939
23.754,22.961
23.76,21.779
23.765,21.068
23.771,20.64
23.776,20.383
23.782,28.232
23.788,24.936
23.794,22.962
23.8,21.779
23.805,21.065
23.811,20.641
23.816,20.384
23.822,28.231
23.828,24.939
23.834,22.962
23.84,21.777
23.845,21.066
23.851,20.64
23.856,20.384
23.862,28.229
23.868,24.938
23.874,22.963
23.881,21.778
23.887,29.067
23.893,25.441
23.899,23.264
23.904,21.959
23.91,21.174
23.915,20.705
23.921,20.424
23.926,20.252
23.933,28.155
23.938,24.891
23.944,22.935
23.949,21.76
23.955,21.057
23.96,20.634
23.966,20.38
23.971,20.23
23.978,28.138
23.984,24.882
23.989,22.928
23.995,21.759
24,21.054
24.006,20.632
24.011,20.38
24.018,28.228
24.023,24.936
24.029,22.962
24.035,21.776
24.04,21.066
24.046,20.64
24.051,20.386
24.058,28.23
24.064,24.937
24.069,22.964
24.075,21.777
24.08,21.066
24.086,20.64
24.091,20.386
24.098,28.229
24.104,24.939
24.109,22.961
24.115,21.779
24.12,21.068
24.126,20.641
24.131,20.383
24.138,28.231
24.144,24.938
24.149,22.964
24.155,21.778
24.16,21.067
24.166,20.64
24.171,20.384
24.178,28.23
24.184,24.936
24.189,22.963
24.195,21.777
24.2,21.068
24.206,20.64
24.211,20.383
24.218,28.23
24.224,24.938
24.229,22.963
24.235,21.777
24.24,21.066
24.246,20.641
24.251,20.384
24.258,28.23
24.264,24.939
24.269,22.964
24.275,21.779
24.28,21.065
24.286,20.64
24.291,20.383
24.298,28.231
24.304,24.939
24.309,22.963
24.315,21.778
24.32,21.066
24.326,20.64
24.331,20.385
24.338,28.231
24.343,24.939
24.349,22.963
24.354,21.779
24.36,21.067
24.365,20.639
24.371,20.384
24.376,20.231
24.382,28.138
24.388,24.882
24.394,22.929
24.4,21.758
24.405,21.055
24.411,20.634
24.416,20.379
24.422,28.227
24.428,24.937
24.434,22.961
24.44,21.779
24.445,21.066
24.451,20.64
24.456,20.383
24.463,28.23
24.468,24.94
24.474,22.964
24.48,21.777
24.485,21.066
24.491,20.64
24.496,20.383
24.502,28.231
24.508,24.938
24.514,22.963
24.52,21.778
24.525,21.066
24.532,28.64
24.538,25.184
24.544,23.11
24.549,21.868
24.555,21.12
24.56,20.672
24.566,20.401
24.571,20.241
24.578,28.145
24.584,24.888
24.589,22.931
24.595,21.76
24.6,21.055
24.606,20.634
24.611,20.381
24.618,28.228
24.624,24.937
24.629,22.96
24.635,21.777
24.64,21.067
24.646,20.639
24.651,20.384
24.658,28.23
24.664,24.939
24.669,22.964
24.675,21.777
24.68,21.068
24.686,20.639
24.691,20.383
24.698,28.231
24.704,24.939
24.71,22.963
24.716,21.778
24.721,21.066
24.727,28.639
24.733,25.184
24.739,23.112
24.744,21.867
24.75,21.12
24.755,20.673
24.761,20.402
24.767,28.242
24.773,24.944
24.779,22.967
24.784,21.782
24.79,21.068
24.795,20.64
24.801,20.383
24.806,20.229
24.812,28.139
24.818,24.884
24.824,22.931
24.829,21.758
24.835,21.055
24.84,20.632
24.846,20.38
24.852,20.227
24.858,28.137
24.864,24.882
24.87,22.929
24.875,21.757
24.881,29.054
24.889,25.433
24.895,23.26
24.901,21.957
24.906,21.174
24.913,28.704
24.919,25.222
24.924,23.134
24.93,21.879
24.936,21.129
24.941,20.677
24.947,28.406
24.953,25.043
24.959,23.026
24.964,21.816
24.97,21.089
24.976,20.654
24.981,20.393
24.987,28.235
24.993,24.941
24.999,22.965
25.004,21.778
25.01,21.067
25.016,20.641
25.021,20.384
25.027,28.231
25.033,24.938
25.039,22.963
25.044,21.778
25.05,21.064
25.056,20.633
25.061,20.362
25.068,28.109
25.073,24.744
25.079,22.65
25.084,21.289
25.09,20.338
25.096,19.594
25.101,18.939
25.108,24.946
25.113,21.285
25.119,18.722
25.124,16.775
25.13,15.158
25.136,13.7
25.141,12.296
25.148,13.775
25.153,10.508
25.159,7.8683
25.164,5.5816
25.17,3.4881
25.176,1.5118
25.181,-0.38686
25.188,-4.8622
25.193,-6.19
25.199,-7.5751
25.204,-8.9506
25.21,-10.281
25.216,-11.543
25.221,-12.724
25.227,-20.34
25.233,-19.034
25.239,-18.514
25.244,-18.424
25.25,-18.559
25.256,-18.787
25.261,-19.041
25.267,-27.191
25.273,-24.267
25.279,-22.538
25.284,-21.513
25.29,-20.905
25.296,-20.541
25.301,-20.325
25.307,-28.196
25.313,-24.917
25.319,-22.949
25.324,-21.77
25.33,-21.063
25.336,-20.637
25.341,-20.383
25.347,-28.229
25.353,-24.938
25.359,-22.962
25.364,-21.778
25.37,-21.067
25.376,-20.64
25.381,-20.384
25.387,-28.23
25.393,-24.939
25.399,-22.962
25.404,-21.778
25.41,-21.067
25.416,-20.64
25.421,-20.384
25.427,-28.232
25.433,-24.938
25.439,-22.963
25.444,-21.776
25.45,-21.067
25.456,-20.641
25.461,-20.383
25.467,-28.231
25.473,-24.938
25.479,-22.963
25.484,-21.778
25.49,-21.067
25.496,-20.639
25.501,-20.385
25.507,-28.232
25.513,-24.938
25.519,-22.962
25.524,-21.778
25.53,-21.067
25.536,-20.64
25.541,-20.384
25.547,-28.23
25.553,-24.937
25.559,-22.963
25.564,-21.777
25.57,-21.068
25.576,-20.64
25.581,-20.383
25.587,-28.23
25.593,-24.94
25.599,-22.963
25.604,-21.777
25.61,-21.068
25.668,-108.64
25.674,-73.185
25.68,-51.909
25.686,-39.147
25.691,-31.488
25.697,-34.893
25.704,-28.935
25.709,-25.362
25.715,-23.216
25.72,-21.93
25.726,-21.159
25.731,-20.696
25.738,-28.417
25.744,-25.05
25.749,-23.029
25.755,-21.819
25.76,-21.091
25.766,-20.654
25.771,-20.393
25.778,-28.235
25.784,-24.942
25.789,-22.964
25.795,-21.779
25.8,-21.067
25.806,-20.641
25.811,-20.385
25.817,-28.232
25.824,-24.938
25.829,-22.962
25.835,-21.778
25.84,-21.066
25.846,-20.641
25.851,-20.384
25.858,-28.23
25.864,-24.939
25.869,-22.962
25.875,-21.779
25.88,-21.067
25.886,-20.639
25.891,-20.384
25.898,-28.231
25.904,-24.938
25.909,-22.963
25.915,-21.777
25.92,-21.067
25.926,-20.639
25.931,-20.384
25.938,-28.23
25.944,-24.939
25.949,-22.962
25.955,-21.778
25.96,-21.066
25.966,-20.639
25.971,-20.385
25.978,-28.23
25.984,-24.939
25.989,-22.964
25.995,-21.777
26,-21.068
26.006,-20.641
26.011,-20.383
26.018,-28.231
26.024,-24.938
26.029,-22.963
26.035,-21.778
26.04,-21.066
26.046,-20.64
26.051,-20.383
26.058,-28.231
26.064,-24.938
26.069,-22.962
26.075,-21.778
26.08,-21.067
26.086,-20.64
26.091,-20.385
26.097,-28.23
26.104,-24.94
26.109,-22.963
26.115,-21.777
26.12,-21.067
26.126,-20.639
26.131,-20.385
26.138,-28.23
26.144,-24.937
26.149,-22.963
26.155,-21.777
26.16,-21.067
26.166,-20.64
26.171,-20.385
26.178,-28.231
26.184,-24.939
26.189,-22.963
26.195,-21.778
26.2,-21.067
26.206,-20.64
26.211,-20.384
26.218,-28.23
26.224,-24.937
26.229,-22.963
26.235,-21.778
26.24,-21.067
26.246,-20.64
26.251,-20.384
26.258,-28.229
26.264,-24.938
26.269,-22.963
26.275,-21.778
26.28,-21.068
26.286,-20.64
26.291,-20.384
26.297,-28.23
26.304,-24.937
26.309,-22.963
26.315,-21.778
26.32,-21.066
26.326,-20.64
26.331,-20.386
26.338,-28.229
26.344,-24.938
26.349,-22.963
26.355,-21.777
26.36,-21.067
26.366,-20.641
26.371,-20.385
26.377,-28.231
26.384,-24.936
26.389,-22.964
26.395,-21.777
26.4,-21.067
26.406,-20.639
26.411,-20.385
26.418,-28.231
26.424,-24.937
26.429,-22.964
26.435,-21.777
26.44,-21.067
26.446,-20.641
26.451,-20.385
26.459,-28.229
26.464,-24.938
26.47,-22.963
26.475,-21.777
26.481,-21.067
26.486,-20.641
26.493,-28.383
26.498,-25.03
26.504,-23.017
26.51,-21.811
26.515,-21.087
26.521,-20.653
26.528,-28.39
26.533,-25.036
26.539,-23.021
26.544,-21.812
26.55,-21.088
26.556,-20.653
26.561,-20.392
26.567,-20.235
26.573,-28.139
26.579,-24.887
26.584,-22.931
26.59,-21.759
26.595,-21.056
26.601,-20.632
26.607,-28.379
26.613,-25.028
26.619,-23.017
26.624,-21.811
26.63,-21.087
26.635,-20.65
26.641,-20.391
26.646,-20.235
26.652,-28.141
26.658,-24.885
26.664,-22.929
26.669,-21.759
26.675,-21.056
26.68,-20.633
26.686,-20.38
26.691,-20.227
26.697,-28.137
26.704,-24.882
26.709,-22.93
26.715,-21.757
26.72,-21.055
26.726,-20.632
26.731,-20.38
26.737,-28.228
26.744,-24.938
26.749,-22.962
26.755,-21.777
26.76,-21.066
26.766,-20.639
26.771,-20.384
26.778,-28.231
26.784,-24.938
26.789,-22.962
26.795,-21.777
26.8,-21.066
26.806,-20.639
26.811,-20.385
26.817,-28.232
26.824,-24.939
26.829,-22.964
26.835,-21.776
26.84,-21.065
26.846,-20.641
26.851,-20.384
26.857,-28.231
26.864,-24.938
26.869,-22.963
26.875,-21.777
26.88,-21.068
26.886,-20.64
26.891,-20.383
26.898,-28.231
26.904,-24.939
26.909,-22.961
26.915,-21.779
26.92,-21.068
26.926,-20.64
26.931,-20.384
26.938,-28.23
26.944,-24.939
26.949,-22.964
26.955,-21.778
26.96,-21.067
26.966,-20.639
26.971,-20.385
26.978,-28.229
26.984,-24.938
26.989,-22.963
26.995,-21.777
27,-21.067
27.006,-20.639
27.011,-20.384
27.018,-28.23
27.024,-24.939
27.029,-22.961
27.035,-21.777
27.04,-21.068
27.046,-20.641
27.051,-20.384
27.058,-28.23
27.064,-24.937
27.069,-22.963
27.075,-21.778
27.08,-21.067
27.086,-20.64
27.091,-20.383
27.097,-28.231
27.104,-24.939
27.109,-22.961
27.115,-21.777
27.12,-21.067
27.126,-20.641
27.131,-20.385
27.137,-28.231
27.144,-24.938
27.149,-22.964
27.155,-21.777
27.16,-21.066
27.166,-20.639
27.171,-20.384
27.177,-28.23
27.184,-24.939
27.189,-22.962
27.195,-21.778
27.2,-21.067
27.206,-20.641
27.211,-20.383
27.218,-28.231
27.224,-24.939
27.23,-22.963
27.235,-21.778
27.241,-21.067
27.246,-20.641
27.252,-28.382
27.258,-25.031
27.264,-23.02
27.27,-21.811
27.275,-21.085
27.281,-20.654
27.286,-20.392
27.293,-28.233
27.299,-24.942
27.304,-22.966
27.31,-21.777
27.315,-21.067
27.321,-20.639
27.328,-28.385
27.333,-25.031
27.339,-23.017
27.344,-21.811
27.35,-21.087
27.355,-20.653
27.361,-20.393
27.367,-28.234
27.373,-24.941
27.379,-22.964
27.384,-21.779
27.39,-21.068
27.395,-20.64
27.401,-20.383
27.407,-28.23
27.413,-24.938
27.419,-22.965
27.424,-21.776
27.43,-21.067
27.435,-20.641
27.441,-20.384
27.446,-20.231
27.453,-28.138
27.458,-24.882
27.464,-22.93
27.469,-21.757
27.475,-21.055
27.48,-20.635
27.486,-20.38
27.491,-20.227
27.498,-28.137
27.504,-24.882
27.509,-22.929
27.515,-21.757
27.52,-21.055
27.526,-20.633
27.531,-20.379
27.537,-28.227
27.544,-24.937
27.549,-22.963
27.555,-21.776
27.56,-21.066
27.566,-20.64
27.571,-20.384
27.577,-28.23
27.584,-24.938
27.589,-22.963
27.595,-21.777
27.6,-21.068
27.606,-20.64
27.611,-20.383
27.618,-28.231
27.624,-24.938
27.629,-22.962
27.635,-21.778
27.64,-21.068
27.646,-20.64
27.651,-20.383
27.657,-28.231
27.664,-24.938
27.669,-22.962
27.675,-21.779
27.68,-21.067
27.686,-20.639
27.691,-20.384
27.698,-28.23
27.704,-24.939
27.709,-22.961
27.715,-21.78
27.72,-21.067
27.726,-20.64
27.731,-20.385
27.737,-28.229
27.744,-24.938
27.749,-22.964
27.755,-21.778
27.76,-21.066
27.766,-20.641
27.773,-28.385
27.778,-25.03
27.784,-23.018
27.789,-21.809
27.795,-21.087
27.8,-20.652
27.806,-20.391
27.811,-20.234
27.817,-28.14
27.824,-24.886
27.829,-22.932
27.835,-21.757
27.84,-21.052
27.846,-20.634
27.851,-20.381
27.858,-28.227
27.864,-24.938
27.869,-22.961
27.875,-21.777
27.88,-21.068
27.886,-20.64
27.891,-20.384
27.897,-28.229
27.904,-24.938
27.909,-22.963
27.915,-21.78
27.92,-21.066
27.926,-20.639
27.931,-20.384
27.938,-28.23
27.944,-24.937
27.949,-22.963
27.955,-21.778
27.96,-21.069
27.966,-20.639
27.971,-20.384
27.977,-28.229
27.984,-24.939
27.989,-22.964
27.995,-21.776
28,-21.068
28.006,-20.64
28.011,-20.383
28.017,-28.231
28.024,-24.937
28.029,-22.964
28.035,-21.779
28.04,-21.065
28.046,-20.641
28.051,-20.385
28.057,-28.23
28.064,-24.939
28.07,-22.963
28.075,-21.777
28.081,-21.067
28.086,-20.641
28.093,-28.385
28.099,-25.029
28.104,-23.018
28.11,-21.813
28.115,-21.086
28.121,-20.651
28.128,-28.39
28.133,-25.036
28.139,-23.021
28.144,-21.812
28.15,-21.088
28.156,-20.653
28.161,-20.392
28.167,-20.235
28.173,-28.142
28.179,-24.884
28.184,-22.931
28.19,-21.758
28.195,-21.054
28.201,-20.634
28.207,-20.381
28.213,-28.226
28.219,-24.935
28.224,-22.963
28.23,-21.777
28.235,-21.068
28.241,-20.64
28.247,-20.383
28.253,-28.232
28.258,-24.937
28.264,-22.96
28.269,-21.779
28.275,-21.067
28.28,-20.641
28.286,-20.382
28.291,-20.231
28.297,-28.14
28.304,-24.883
28.309,-22.928
28.315,-21.757
28.32,-21.056
28.326,-20.634
28.331,-20.38
28.337,-28.229
28.344,-24.935
28.349,-22.962
28.355,-21.779
28.36,-21.067
28.366,-20.64
28.371,-20.382
28.377,-28.229
28.384,-24.938
28.389,-22.964
28.395,-21.778
28.4,-21.067
28.406,-20.64
28.411,-20.383
28.417,-28.23
28.424,-24.939
28.429,-22.963
28.435,-21.778
28.44,-21.066
28.446,-20.64
28.451,-20.383
28.457,-28.232
28.464,-24.939
28.469,-22.962
28.475,-21.777
28.48,-21.067
28.486,-20.64
28.491,-20.382
28.498,-28.232
28.504,-24.939
28.509,-22.964
28.515,-21.778
28.52,-21.065
28.526,-20.639
28.531,-20.384
28.537,-28.233
28.544,-24.938
28.549,-22.962
28.555,-21.778
28.56,-21.066
28.566,-20.638
28.571,-20.385
28.577,-28.23
28.584,-24.938
28.589,-22.964
28.595,-21.777
28.6,-21.067
28.606,-20.641
28.611,-20.386
28.617,-28.23
28.624,-24.936
28.629,-22.961
28.635,-21.778
28.64,-21.066
28.646,-20.643
28.651,-20.382
28.657,-28.232
28.664,-24.938
28.669,-22.963
28.675,-21.777
28.68,-21.067
28.686,-20.639
28.691,-20.385
28.697,-28.23
28.704,-24.937
28.709,-22.963
28.715,-21.778
28.72,-21.067
28.726,-20.642
28.731,-20.383
28.737,-28.231
28.744,-24.938
28.749,-22.962
28.755,-21.778
28.76,-21.067
28.766,-20.641
28.771,-20.384
28.777,-28.23
28.784,-24.937
28.789,-22.962
28.795,-21.778
28.8,-21.068
28.806,-20.64
28.811,-20.385
28.818,-28.229
28.824,-24.937
28.829,-22.963
28.835,-21.778
28.84,-21.067
28.846,-20.641
28.851,-20.383
28.857,-28.231
28.864,-24.939
28.869,-22.962
28.875,-21.778
28.88,-21.066
28.886,-20.638
28.891,-20.384
28.897,-28.23
28.904,-24.94
28.909,-22.964
28.916,-21.775
28.922,-21.068
28.928,-28.641
28.933,-25.184
28.939,-23.11
28.944,-21.867
28.95,-21.12
28.956,-20.671
28.961,-20.401
28.967,-28.242
28.973,-24.946
28.979,-22.968
28.984,-21.778
28.99,-21.069
28.996,-20.64
29.002,-20.386
29.008,-28.23
29.013,-24.94
29.019,-22.962
29.024,-21.777
29.03,-21.068
29.036,-20.639
29.041,-20.383
29.047,-28.229
29.053,-24.939
29.059,-22.964
29.064,-21.777
29.07,-21.068
29.076,-20.638
29.082,-20.385
29.088,-28.23
29.093,-24.938
29.1,-22.962
29.105,-21.779
29.111,-21.066
29.116,-20.641
29.122,-28.384
29.129,-25.031
29.135,-23.018
29.141,-21.81
29.146,-21.087
29.153,-28.653
29.158,-25.191
29.164,-23.116
29.169,-21.867
29.175,-21.122
29.181,-20.671
29.186,-20.403
29.193,-28.244
29.199,-24.945
29.204,-22.967
29.21,-21.78
29.216,-21.068
29.221,-20.639
29.228,-28.385
29.233,-25.032
29.239,-23.017
29.245,-21.812
29.251,-21.087
29.256,-20.652
29.261,-20.391
29.267,-28.235
29.274,-24.939
29.279,-22.963
29.285,-21.778
29.29,-21.069
29.296,-20.641
29.302,-20.384
29.308,-28.23
29.314,-24.939
29.32,-22.962
29.325,-21.779
29.331,-21.065
29.337,-20.64
29.344,-28.387
29.349,-25.03
29.355,-23.017
29.36,-21.81
29.366,-21.087
29.371,-20.652
29.377,-28.39
29.384,-25.034
29.389,-23.02
29.395,-21.813
29.4,-21.088
29.406,-20.652
29.411,-20.391
29.418,-28.235
29.424,-24.942
29.429,-22.965
29.435,-21.78
29.44,-21.067
29.446,-20.642
29.451,-20.384
29.458,-28.231
29.464,-24.938
29.472,-22.961
29.478,-29.778
29.483,-25.868
29.489,-23.52
29.495,-22.112
29.5,-21.266
29.506,-20.76
29.512,-28.456
29.519,-25.073
29.524,-23.045
29.53,-21.827
29.536,-21.096
29.541,-20.658
29.548,-28.395
29.553,-25.037
29.559,-23.02
29.565,-21.813
29.57,-21.088
29.576,-20.655
29.582,-20.391
29.588,-28.234
29.594,-24.939
29.6,-22.966
29.605,-21.779
29.611,-21.067
29.616,-20.64
29.622,-28.384
29.628,-25.032
29.634,-23.016
29.64,-21.811
29.645,-21.088
29.651,-20.65
29.656,-20.39
29.662,-28.237
29.668,-24.941
29.674,-22.965
29.68,-21.78
29.685,-21.067
29.691,-20.641
29.696,-20.383
29.702,-28.231
29.708,-24.936
29.714,-22.964
29.72,-21.778
29.725,-21.067
29.731,-20.639
29.736,-20.383
29.742,-28.23
29.748,-24.938
29.754,-22.962
29.76,-21.78
29.765,-21.068
29.771,-20.638
29.776,-20.386
29.782,-28.23
29.788,-24.937
29.794,-22.963
29.8,-21.778
29.805,-21.065
29.811,-20.64
29.816,-20.385
29.822,-28.231
29.828,-24.937
29.834,-22.964
29.84,-21.778
29.845,-21.066
29.851,-20.64
29.856,-20.383
29.862,-28.231
29.868,-24.938
29.874,-22.963
29.88,-21.777
29.885,-21.067
29.891,-20.64
29.896,-20.384
29.902,-28.23
29.908,-24.938
29.914,-22.964
29.92,-21.778
29.925,-21.066
29.931,-20.639
29.936,-20.383
29.942,-28.231
29.948,-24.939
29.954,-22.963
29.96,-21.777
29.965,-21.068
29.971,-20.639
29.976,-20.383
29.982,-28.231
29.988,-24.938
29.994,-22.964
30,-21.777
30.005,-21.067
30.011,-20.641
30.016,-20.384
30.022,-28.231
30.028,-24.937
30.034,-22.963
30.04,-21.776
30.045,-21.067
30.051,-20.639
30.056,-20.376
30.062,-28.171
30.068,-24.831
30.074,-22.78
30.08,-21.47
30.085,-20.583
30.091,-19.912
30.096,-19.337
30.102,-18.787
30.108,-24.854
30.114,-21.231
30.12,-18.687
30.125,-16.756
30.131,-15.146
30.136,-13.693
30.142,-15.803
30.148,-12.387
30.154,-9.6969
30.16,-7.416
30.165,-5.3603
30.171,-3.4225
30.176,-1.556
30.182,2.1413
30.188,3.819
30.194,5.45
30.2,7.0194
30.205,8.5122
30.211,9.9193
30.216,11.235
30.222,18.566
30.228,17.601
30.234,17.331
30.24,17.442
30.245,17.74
30.251,18.115
30.256,18.49
30.262,26.684
30.268,23.912
30.274,22.294
30.28,21.348
30.285,20.798
30.291,20.476
30.297,20.283
30.303,28.17
30.308,24.9
30.314,22.941
30.32,21.766
30.325,21.057
30.331,20.639
30.337,20.381
30.343,28.228
30.348,24.936
30.354,22.963
30.36,21.778
30.365,21.067
30.371,20.639
30.377,20.383
30.384,28.231
30.389,24.94
30.395,22.96
30.4,21.779
30.406,21.065
30.411,20.641
30.417,28.385
30.424,25.028
30.429,23.018
30.435,21.81
30.44,21.087
30.446,20.653
30.451,20.392
30.457,28.235
30.464,24.941
30.469,22.964
30.475,21.777
30.48,21.069
30.486,20.64
30.491,20.385
30.497,20.23
30.503,28.138
30.509,24.884
30.514,22.93
30.52,21.757
30.525,21.056
30.531,20.632
30.536,20.38
30.542,28.229
30.548,24.937
30.554,22.96
30.56,21.778
30.565,21.065
30.571,20.64
30.576,20.383
30.582,28.231
30.588,24.937
30.594,22.962
30.6,21.777
30.605,21.068
30.611,20.64
30.616,20.385
30.622,28.228
30.628,24.938
30.634,22.964
30.64,21.779
30.645,21.066
30.651,20.641
30.656,20.382
30.662,28.232
30.668,24.936
30.674,22.965
30.68,21.777
30.69,29.067
30.696,25.44
30.701,23.264
30.707,29.961
30.713,25.974
30.719,23.585
30.724,22.152
30.73,21.289
30.736,20.774
30.743,28.465
30.748,25.078
30.754,23.046
30.76,21.828
30.765,21.096
30.771,20.66
30.776,20.396
30.782,28.237
30.789,24.941
30.795,22.966
30.8,21.779
30.806,21.068
30.811,28.641
30.819,25.184
30.824,23.111
30.83,21.867
30.835,21.119
30.841,20.671
30.847,20.402
30.853,28.242
30.859,24.944
30.864,22.968
30.87,21.78
30.875,21.066
30.881,20.642
30.886,20.386
30.892,20.229
30.899,28.139
30.904,24.882
30.91,22.931
30.915,21.76
30.921,21.054
30.927,20.633
30.933,28.378
30.939,25.027
30.944,23.018
30.95,21.81
30.955,21.086
30.961,20.652
30.966,20.389
30.972,20.236
30.978,28.142
30.984,24.886
30.989,22.931
30.995,21.757
31,21.054
31.006,20.634
31.011,20.378
31.019,28.228
31.024,24.938
31.03,22.961
31.035,21.779
31.041,21.065
31.046,20.638
31.052,20.384
31.058,28.231
31.064,24.939
31.07,22.962
31.075,21.777
31.08,21.068
31.086,20.641
31.092,20.385
31.099,28.232
31.104,24.936
31.11,22.962
31.115,21.777
31.121,21.065
31.126,20.642
31.132,28.384
31.138,25.031
31.144,23.018
31.15,21.811
31.155,21.089
31.161,20.65
31.167,28.393
31.173,25.033
31.179,23.019
31.184,21.811
31.19,19.488
31.195,19.694
31.201,19.816
31.206,19.89
31.212,21.533
31.218,28.92
31.224,25.353
31.229,23.212
31.235,21.925
31.24,21.157
31.246,20.694
31.251,20.417
31.257,28.249
31.264,24.951
31.269,22.97
31.275,21.781
31.28,21.069
31.286,20.642
31.291,20.384
31.297,28.231
31.304,24.938
31.309,22.963
31.315,21.777
31.32,21.066
31.326,20.641
31.332,28.385
31.338,25.029
31.344,23.019
31.35,21.811
31.355,21.085
31.361,20.653
31.366,20.391
31.372,20.235
31.379,28.141
31.384,24.882
31.39,22.932
31.395,21.76
31.401,21.055
31.407,20.632
31.413,28.379
31.418,25.028
31.424,23.018
31.429,21.811
31.435,21.086
31.44,20.651
31.446,20.391
31.451,20.235
31.457,28.14
31.464,24.884
31.469,22.932
31.475,21.758
31.48,21.056
31.486,20.634
31.491,20.378
31.497,28.228
31.504,24.937
31.51,22.96
31.515,21.779
31.52,21.067
31.526,20.639
31.531,20.383
31.537,28.23
31.544,24.937
31.549,22.963
31.555,21.779
31.56,21.066
31.566,20.641
31.571,20.384
31.577,28.23
31.584,24.937
31.589,22.963
31.595,21.779
31.6,21.067
31.606,20.642
31.611,20.382
31.617,20.231
31.623,28.137
31.628,24.884
31.634,22.931
31.64,21.759
31.645,21.053
31.651,20.633
31.656,20.38
31.662,20.227
31.668,28.137
31.674,24.882
31.68,22.932
31.685,21.756
31.691,21.054
31.696,20.63
31.702,28.38
31.708,25.029
31.714,23.014
31.72,21.813
31.725,21.087
31.731,20.65
31.736,20.392
31.742,28.234
31.749,24.939
31.755,22.964
31.76,21.78
31.766,21.066
31.771,20.64
31.777,20.385
31.783,28.231
31.788,24.94
31.794,22.961
31.8,21.779
31.805,21.067
31.811,20.639
31.816,20.385
31.822,20.23
31.828,28.139
31.834,24.883
31.839,22.929
31.845,21.758
31.85,21.055
31.856,20.632
31.861,20.38
31.867,28.228
31.873,24.936
31.879,22.962
31.885,21.778
31.89,21.066
31.896,20.641
31.901,20.383
31.907,28.232
31.914,24.938
31.919,22.962
31.925,21.779
31.93,21.066
31.936,20.64
31.942,28.385
31.948,25.03
31.954,23.016
31.96,21.811
31.965,21.086
31.971,20.653
31.977,20.391
31.983,28.235
31.989,24.939
31.994,22.964
32,21.778
32.005,21.067
32.011,20.642
32.016,20.384
32.022,20.23
32.028,28.136
32.034,24.884
32.04,22.932
32.045,21.758
32.051,21.054
32.056,20.632
32.062,20.381
32.068,28.228
32.074,24.936
32.08,22.963
32.085,21.776
32.091,21.067
32.096,20.637
32.102,28.386
32.108,25.031
32.114,23.018
32.12,21.81
32.125,21.088
32.131,20.652
32.136,20.389
32.142,28.236
32.148,24.942
32.154,22.966
32.16,21.777
32.165,21.068
32.171,20.641
32.176,20.382
32.182,28.23
32.188,24.938
32.194,22.964
32.2,21.779
32.205,21.065
32.211,20.64
32.216,20.384
32.222,20.229
32.228,28.139
32.234,24.884
32.24,22.929
32.245,21.759
32.251,21.056
32.256,20.632
32.262,20.381
32.268,28.227
32.274,24.938
32.28,22.962
32.285,21.776
32.291,21.066
32.296,20.64
32.302,28.384
32.308,25.03
32.314,23.019
32.32,21.81
32.325,21.086
32.331,20.652
32.336,20.392
32.342,20.234
32.348,28.142
32.355,24.884
32.36,22.932
32.366,21.757
32.371,21.054
32.377,28.633
32.384,25.179
32.39,23.108
32.395,21.865
32.4,21.117
32.406,20.672
32.411,20.404
32.417,28.242
32.424,24.944
32.429,22.966
32.435,21.782
32.44,21.066
32.446,20.642
32.451,20.385
32.457,28.23
32.464,24.938
32.469,22.965
32.475,21.777
32.48,21.065
32.486,20.642
32.491,20.382
32.497,28.229
32.504,24.939
32.509,22.963
32.515,21.778
32.52,21.067
32.526,20.642
32.531,20.383
32.537,28.23
32.544,24.937
32.549,22.964
32.555,21.778
32.56,21.068
32.566,20.64
32.571,20.382
32.577,20.231
32.583,28.137
32.589,24.883
32.594,22.929
32.6,21.759
32.605,21.055
32.611,20.632
32.616,20.381
32.622,28.227
32.628,24.934
32.634,22.962
32.64,21.778
32.645,21.067
32.651,20.64
32.656,20.384
32.662,28.23
32.668,24.939
32.674,22.962
32.68,21.777
32.685,21.067
32.691,20.64
32.696,20.386
32.703,28.23
32.709,24.939
32.714,22.961
32.72,21.778
32.726,21.068
32.731,20.64
32.737,28.382
32.744,25.03
32.75,23.018
32.755,21.812
32.761,21.086
32.767,28.653
32.773,25.192
32.779,23.116
32.784,21.867
32.79,21.122
32.795,20.674
32.801,20.404
32.806,20.243
32.812,28.143
32.818,24.887
32.824,22.933
32.83,21.76
32.835,21.054
32.841,20.633
32.846,20.38
32.851,20.227
32.857,28.137
32.864,24.883
32.87,22.928
32.875,21.757
32.88,21.055
32.886,20.632
32.891,20.381
32.897,28.227
32.904,24.937
32.909,22.961
32.915,21.777
32.92,21.067
32.926,20.639
32.931,20.384
32.937,28.23
32.944,24.937
32.949,22.963
32.955,21.778
32.96,21.067
32.966,20.64
32.971,20.384
32.977,28.232
32.984,24.937
32.989,22.963
32.995,21.778
33,21.066
33.006,20.64
33.011,20.383
33.017,28.232
33.024,24.939
33.029,22.961
33.035,21.778
33.04,21.066
33.046,20.64
33.051,20.385
33.057,28.232
33.064,24.938
33.069,22.962
33.075,21.778
33.08,21.066
33.086,20.639
33.091,20.384
33.097,28.23
33.104,24.939
33.11,22.964
33.115,21.779
33.121,21.065
33.126,20.641
33.131,20.384
33.137,28.231
33.144,24.938
33.149,22.963
33.156,21.777
33.161,21.067
33.167,20.639
33.173,28.385
33.179,25.029
33.184,23.02
33.19,21.811
33.195,21.085
33.201,20.653
33.206,20.392
33.212,28.235
33.218,24.94
33.224,22.965
33.23,21.778
33.235,21.067
33.24,20.64
33.246,20.384
33.251,20.23
33.257,28.139
33.264,24.884
33.27,22.93
33.275,21.757
33.28,21.056
33.286,20.633
33.291,20.379
33.297,20.229
33.303,28.136
33.308,24.883
33.314,22.929
33.32,21.756
33.325,21.055
33.331,20.632
33.336,20.38
33.342,28.228
33.348,24.937
33.354,22.962
33.36,21.777
33.365,21.067
33.371,20.639
33.376,20.385
33.382,20.23
33.388,28.137
33.394,24.883
33.4,22.929
33.405,21.759
33.411,21.055
33.416,20.632
33.422,28.381
33.428,25.027
33.434,23.017
33.44,21.81
33.445,21.086
33.451,20.653
33.456,20.39
33.462,20.234
33.468,28.14
33.474,24.885
33.48,22.931
33.485,21.758
33.491,21.055
33.496,20.632
33.502,28.38
33.509,25.029
33.514,23.018
33.52,21.809
33.526,21.086
33.531,20.649
33.537,20.393
33.544,28.234
33.549,24.942
33.555,22.963
33.56,21.778
33.569,29.067
33.575,25.441
33.58,23.265
33.586,21.958
33.591,21.174
33.597,20.705
33.603,28.423
33.609,25.055
33.615,23.031
33.62,21.819
33.626,21.092
33.632,28.655
33.638,25.195
33.644,23.116
33.649,21.87
33.655,21.121
33.66,20.672
33.666,20.403
33.671,20.243
33.677,28.146
33.683,24.887
33.689,22.934
33.695,21.758
33.7,21.055
33.706,20.634
33.712,20.38
33.718,28.229
33.724,24.938
33.729,22.962
33.735,21.778
33.74,21.066
33.746,20.64
33.751,20.383
33.757,28.231
33.763,24.938
33.769,22.962
33.775,21.778
33.781,21.067
33.786,20.641
33.792,28.383
33.798,25.031
33.804,23.018
33.809,21.81
33.815,21.087
33.82,20.652
33.826,20.392
33.831,20.233
33.837,20.142
33.843,28.086
33.849,24.851
33.855,22.91
33.86,21.745
33.866,21.048
33.872,20.629
33.879,28.377
33.884,25.026
33.89,23.016
33.896,21.809
33.901,21.086
33.907,20.651
33.913,28.393
33.919,25.036
33.925,23.02
33.93,21.811
33.936,21.088
33.941,20.654
33.947,20.39
33.953,28.236
33.959,24.94
33.964,22.966
33.97,21.779
33.976,21.066
33.981,20.642
33.987,20.384
33.993,28.233
33.999,24.938