time,value
1.5e-05,20
0.005491,20
0.012085,20
0.017537,20
0.02299,20
0.028784,20
0.034529,20
0.039952,20
0.045366,20
0.050922,20
0.057603,20
0.063054,20
0.068875,20
0.07452,20
0.079945,20
0.085351,20
0.092221,20
0.097879,20
0.10387,20
0.10937,20
0.11491,20
0.12052,20
0.126,20
0.1325,20
0.13813,20
0.14387,20
0.14936,20
0.15489,20
0.16038,20
0.1659,20
0.17209,20
0.17753,20
0.18296,20
0.18848,20
0.19411,20
0.19983,20
0.20522,20
0.21092,20
0.21755,20
0.22299,20
0.22851,20
0.2341,20
0.23973,20
0.24514,20
0.25056,20
0.25597,20
0.26253,20
0.26798,20
0.27352,20
0.27894,20
0.28435,20
0.2901,20
0.29587,20
0.30211,20
0.30757,20
0.31312,20
0.31885,20
0.32427,20
0.33,20
0.33553,20
0.34092,20
0.34736,20
0.35295,20
0.35827,20
0.36386,20
0.36928,20
0.37487,20
0.38028,20
0.38609,20
0.39256,20
0.39801,20
0.40354,20
0.40925,20
0.41484,20
0.42026,20
0.42611,20
0.43254,20
0.43798,20
0.44355,20
0.44905,20
0.45456,20
0.45997,20
0.46537,20
0.47097,20
0.47734,20
0.48301,20
0.48852,20
0.49392,20
0.49934,20
0.50518,20
0.51086,20
0.51712,20
0.52258,20
0.52803,20
0.53372,20
0.53913,20
0.54454,20
0.54995,20
0.55535,20
0.56103,20
0.56789,20
0.57351,20
0.57891,20
0.58434,20
0.58989,20
0.59529,20
0.60111,20
0.60796,20
0.61354,20
0.61895,20
0.62438,20
0.62991,20
0.63532,20
0.641,20
0.64774,20
0.6532,20
0.6588,20
0.66423,20
0.66988,20
0.6753,20
0.68228,20
0.68791,20
0.69352,20
0.69892,20
0.70435,20
0.71009,20
0.71555,20
0.72258,20
0.72808,20
0.73381,20
0.73927,20
0.74528,20
0.75104,20
0.75758,20
0.76304,20
0.76854,20
0.77398,20
0.77954,20
0.78499,20
0.79053,20
0.79704,20
0.80276,20
0.80824,20
0.81386,20
0.81926,20
0.82486,20
0.83053,20
0.83593,20
0.84233,20
0.84795,20
0.85349,20
0.8589,20
0.8643,20
0.86989,20
0.87531,20
0.88094,20
0.88757,20
0.89302,20
0.89856,20
0.90396,20
0.90951,20
0.91492,20
0.92032,20
0.9259,20
0.93223,20
0.93786,20
0.94375,20
0.94917,20
0.95484,20
0.96025,20
0.96592,20
0.97222,20
0.97785,20
0.98373,20
0.98915,20
0.99483,20
1.0002,20
1.0059,20
1.0123,20
1.018,20
1.0238,20
1.0292,20
1.0349,20
1.0403,20
1.0459,20
1.0521,20
1.0576,20
1.063,20
1.0685,20
1.0742,20
1.0798,20
1.0852,20
1.0907,20
1.0961,20
1.1029,20
1.1083,20
1.1141,20
1.1195,20
1.1249,20
1.1303,20
1.1359,20
1.1423,20
1.1479,20
1.1535,20
1.1589,20
1.1643,20
1.1701,20
1.1759,20
1.1821,20
1.1875,20
1.1933,20
1.1988,20
1.2043,20
1.21,20
1.2155,20
1.221,20
1.2275,20
1.233,20
1.2385,20
1.2439,20
1.2493,20
1.255,20
1.2604,20
1.2661,20
1.2725,20
1.278,20
1.2836,20
1.2891,20
1.2949,20
1.3003,20
1.3071,20
1.3126,20
1.318,20
1.3237,20
1.3291,20
1.3345,20
1.3398,20
1.3452,20
1.3508,20
1.3571,20
1.3626,20
1.368,20
1.3736,20
1.3789,20
1.3844,20
1.3899,20
1.3953,20
1.4022,20
1.4079,20
1.4135,20
1.4189,20
1.4243,20
1.4299,20
1.4353,20
1.441,20
1.4478,20
1.4534,20
1.4589,20
1.4643,20
1.4699,20
1.4753,20
1.4823,20
1.4879,20
1.4935,20
1.4989,20
1.5043,20
1.5099,20
1.5153,20
1.521,20
1.528,20
1.5335,20
1.5389,20
1.5445,20
1.55,20
1.5555,20
1.5626,20
1.568,20
1.5738,20
1.5792,20
1.5849,20
1.5903,20
1.596,20
1.6028,20
1.6082,20
1.6145,20
1.6199,20
1.6253,20
1.6309,20
1.6375,20
1.6429,20
1.6483,20
1.6538,20
1.6592,20
1.6648,20
1.6702,20
1.6758,20
1.6822,20
1.6879,20
1.6935,20
1.6989,20
1.7043,20
1.7099,20
1.7153,20
1.7223,20
1.7279,20
1.7333,20
1.7389,20
1.7443,20
1.7499,20
1.7553,20
1.7609,20
1.7678,20
1.7732,20
1.7788,20
1.7842,20
1.7898,20
1.7952,20
1.8009,20
1.8079,20
1.8135,20
1.8189,20
1.8243,20
1.8299,20
1.8353,20
1.841,20
1.8478,20
1.8532,20
1.8588,20
1.8642,20
1.8698,20
1.8752,20
1.8811,20
1.8879,20
1.8934,20
1.8989,20
1.9043,20
1.9099,20
1.9153,20
1.921,20
1.9278,20
1.9333,20
1.9389,20
1.9445,20
1.9499,20
1.9553,20
1.9622,20
1.9679,20
1.9733,20
1.9789,20
1.9843,20
1.9899,20
1.9953,20
2.001,20
2.0078,20
2.0132,20
2.0188,20
2.0242,20
2.0299,20
2.0353,20
2.0423,20
2.0479,20
2.0535,20
2.0589,20
2.0643,20
2.0699,20
2.0753,20
2.081,20
2.0878,20
2.0932,20
2.0988,20
2.1042,20
2.1099,20
2.1153,20
2.1223,20
2.1279,20
2.1335,20
2.1389,20
2.1443,20
2.1499,20
2.1553,20
2.161,20
2.1678,20
2.1734,20
2.1789,20
2.1843,20
2.1899,20
2.1953,20
2.2023,20
2.2079,20
2.2133,20
2.2189,20
2.2244,20
2.2299,20
2.2353,20
2.241,20
2.2478,20
2.2533,20
2.2589,20
2.2643,20
2.2699,20
2.2753,20
2.2811,20
2.2879,20
2.2933,20
2.2989,20
2.3043,20
2.3099,20
2.3153,20
2.3208,20
2.3272,20
2.3329,20
2.3386,20
2.344,20
2.3495,20
2.355,20
2.3605,20
2.3672,20
2.3729,20
2.3784,20
2.3841,20
2.3896,20
2.3951,20
2.4005,20
2.406,20
2.4126,20
2.4183,20
2.4239,20
2.4293,20
2.4349,20
2.4403,20
2.4459,20
2.4524,20
2.458,20
2.4637,20
2.4691,20
2.4748,20
2.4802,20
2.4859,20
2.4921,20
2.4975,20
2.503,20
2.5085,20
2.5141,20
2.5198,20
2.5252,20
2.5308,20
2.5375,20
2.543,20
2.5485,20
2.5542,20
2.5598,20
2.5652,20
2.5709,20
2.5771,20
2.5825,20
2.588,20
2.5935,20
2.5989,20
2.6043,20
2.6102,20
2.6159,20
2.6221,20
2.6275,20
2.6333,20
2.6388,20
2.6442,20
2.6501,20
2.6555,20
2.6609,20
2.6674,20
2.6729,20
2.6785,20
2.6839,20
2.6893,20
2.6949,20
2.7003,20
2.7058,20
2.7125,20
2.7179,20
2.7235,20
2.7291,20
2.7349,20
2.7403,20
2.7471,20
2.7526,20
2.758,20
2.7636,20
2.769,20
2.7745,20
2.7799,20
2.7853,20
2.7908,20
2.7971,20
2.8026,20
2.808,20
2.8135,20
2.8189,20
2.8244,20
2.8299,20
2.8353,20
2.8423,20
2.8484,20
2.8539,20
2.8593,20
2.865,20
2.8706,20
2.876,20
2.8825,20
2.888,20
2.8935,20
2.8989,20
2.9043,20
2.9099,20
2.9153,20
2.9223,20
2.928,20
2.9335,20
2.9389,20
2.9443,20
2.9499,20
2.9553,20
2.961,20
2.9678,20
2.9732,20
2.9788,20
2.9842,20
2.9898,20
2.9952,20
3.0009,20
3.0079,20
3.0133,20
3.0189,20
3.0243,20
3.0299,20
3.0353,20
3.041,20
3.0478,20
3.0532,20
3.0588,20
3.0642,20
3.0835,20
3.0889,20
3.0956,20
3.1009,20
3.1073,20
3.1132,20
3.1188,20
3.1242,20
3.1299,20
3.1356,20
3.1411,20
3.148,20
3.1535,20
3.159,20
3.1645,20
3.1703,20
3.176,20
3.183,20
3.1885,20
3.1942,20
3.1999,20
3.2054,20
3.2109,20
3.2176,20
3.223,20
3.2288,20
3.2343,20
3.2399,20
3.2453,20
3.251,20
3.2575,20
3.263,20
3.2685,20
3.2742,20
3.2799,20
3.2853,20
3.291,20
3.2975,20
3.3029,20
3.3085,20
3.3141,20
3.3198,20
3.3252,20
3.3307,20
3.3361,20
3.3429,20
3.3483,20
3.3539,20
3.3596,20
3.365,20
3.3706,20
3.376,20
3.3825,20
3.388,20
3.3933,20
3.3989,20
3.4043,20
3.4102,20
3.4159,20
3.4221,20
3.4276,20
3.4331,20
3.4389,20
3.4443,20
3.4501,20
3.4556,20
3.461,20
3.4675,20
3.473,20
3.4785,20
3.4839,20
3.4893,20
3.4949,20
3.5003,20
3.5058,20
3.5125,20
3.5179,20
3.5235,20
3.5293,20
3.5349,20
3.5403,20
3.5472,20
3.5528,20
3.5582,20
3.5638,20
3.5692,20
3.575,20
3.5804,20
3.5859,20
3.5926,20
3.598,20
3.6036,20
3.6091,20
3.6149,20
3.6203,20
3.6262,20
3.6328,20
3.6383,20
3.6439,20
3.6493,20
3.6549,20
3.6602,20
3.6658,20
3.6725,20
3.678,20
3.6835,20
3.6891,20
3.6949,20
3.7003,20
3.7062,20
3.7126,20
3.718,20
3.7235,20
3.7289,20
3.7345,20
3.7399,20
3.7453,20
3.751,20
3.7575,20
3.7629,20
3.7684,20
3.7739,20
3.7793,20
3.7851,20
3.7905,20
3.796,20
3.8026,20
3.808,20
3.8137,20
3.8191,20
3.8245,20
3.8299,20
3.8353,20
3.841,20
3.8478,20
3.8532,20
3.8588,20
3.8642,20
3.8698,20
3.8752,20
3.8823,20
3.8879,20
3.8935,20
3.8989,20
3.9043,20
3.9099,20
3.9153,20
3.9211,20
3.928,20
3.9335,20
3.9389,20
3.9446,20
3.95,20
3.9555,20
3.9625,20
3.968,20
3.9735,20
3.9789,20
3.9844,20
3.99,20
3.9955,20
4.001,20
4.0079,20
4.0135,20
4.019,20
4.0245,20
4.0303,20
4.036,20
4.0429,20
4.0483,20
4.0539,20
4.0594,20
4.0649,20
4.0704,20
4.0759,20
4.0824,20
4.088,20
4.0935,20
4.0989,20
4.1045,20
4.11,20
4.1155,20
4.1226,20
4.1281,20
4.1338,20
4.1393,20
4.1449,20
4.1503,20
4.1558,20
4.1623,20
4.168,20
4.1735,20
4.179,20
4.1846,20
4.19,20
4.1955,20
4.2031,20
4.2085,20
4.214,20
4.2195,20
4.225,20
4.2305,20
4.236,20
4.2425,20
4.248,20
4.2535,20
4.2589,20
4.2643,20
4.2699,20
4.2753,20
4.2823,20
4.2879,20
4.2935,20
4.2989,20
4.3043,20
4.3099,20
4.3153,20
4.321,20
4.3277,20
4.3332,20
4.3388,20
4.3442,20
4.3498,20
4.3552,20
4.3623,20
4.3679,20
4.3735,20
4.3789,20
4.3843,20
4.3899,20
4.3953,20
4.401,20
4.4076,20
4.413,20
4.4185,20
4.4239,20
4.4293,20
4.4349,20
4.4403,20
4.446,20
4.4523,20
4.4579,20
4.4635,20
4.4689,20
4.4743,20
4.4799,20
4.4853,20
4.491,20
4.4975,20
4.5029,20
4.5085,20
4.5141,20
4.5195,20
4.5248,20
4.5302,20
4.5359,20
4.5421,20
4.5478,20
4.5535,20
4.5589,20
4.5643,20
4.5702,20
4.5759,20
4.5821,20
4.5876,20
4.593,20
4.5987,20
4.6041,20
4.6096,20
4.615,20
4.6205,20
4.6261,20
4.6327,20
4.6387,20
4.6441,20
4.6496,20
4.655,20
4.6604,20
4.6661,20
4.6728,20
4.6782,20
4.6838,20
4.6893,20
4.6949,20
4.7003,20
4.7059,20
4.7125,20
4.718,20
4.7235,20
4.7291,20
4.7345,20
4.7399,20
4.7453,20
4.751,20
4.7575,20
4.7629,20
4.7683,20
4.7739,20
4.7793,20
4.7849,20
4.7903,20
4.796,20
4.8023,20
4.8079,20
4.8135,20
4.8189,20
4.8243,20
4.8299,20
4.8353,20
4.8423,20
4.8479,20
4.8535,20
4.8589,20
4.8643,20
4.8699,20
4.8753,20
4.881,20
4.8875,20
4.8929,20
4.8984,20
4.9039,20
4.9093,20
4.9149,20
4.9203,20
4.9259,20
4.9321,20
4.9377,20
4.9435,20
4.949,20
4.9545,20
4.9601,20
4.9655,20
4.9709,20
4.9772,20
4.9829,20
4.9885,20
4.9941,20
4.9999,20
5.0055,-20
5.0109,-20
5.0176,-20
5.023,-20
5.0287,-20
5.0341,-20
5.04,-20
5.0455,-20
5.0509,-20
5.0572,-20
5.0629,-20
5.0684,-20
5.0742,-20
5.0798,-20
5.0853,-20
5.0909,-20
5.0975,-20
5.103,-20
5.1085,-20
5.1142,-20
5.1199,-20
5.1255,-20
5.131,-20
5.1375,-20
5.143,-20
5.1485,-20
5.1541,-20
5.1599,-20
5.1653,-20
5.1708,-20
5.1775,-20
5.183,-20
5.1885,-20
5.1941,-20
5.2,-20
5.2055,-20
5.2109,-20
5.2175,-20
5.223,-20
5.2286,-20
5.2341,-20
5.24,-20
5.2455,-20
5.251,-20
5.2575,-20
5.263,-20
5.2685,-20
5.2743,-20
5.28,-20
5.2855,-20
5.2908,-20
5.2972,-20
5.3029,-20
5.3085,-20
5.3142,-20
5.3199,-20
5.3255,-20
5.331,-20
5.3376,-20
5.343,-20
5.3485,-20
5.3541,-20
5.36,-20
5.3655,-20
5.3709,-20
5.3773,-20
5.3829,-20
5.3885,-20
5.3942,-20
5.3999,-20
5.4054,-20
5.4109,-20
5.4175,-20
5.423,-20
5.4285,-20
5.4341,-20
5.44,-20
5.4455,-20
5.4509,-20
5.4576,-20
5.463,-20
5.4685,-20
5.4742,-20
5.4799,-20
5.4854,-20
5.4908,-20
5.4975,-20
5.503,-20
5.5085,-20
5.5141,-20
5.52,-20
5.5255,-20
5.5308,-20
5.5372,-20
5.5428,-20
5.5483,-20
5.5538,-20
5.5595,-20
5.5649,-20
5.5703,-20
5.576,-20
5.5822,-20
5.5878,-20
5.5936,-20
5.599,-20
5.6045,-20
5.6101,-20
5.6157,-20
5.6211,-20
5.6279,-20
5.6333,-20
5.6389,-20
5.6443,-20
5.6502,-20
5.6557,-20
5.6611,-20
5.6675,-20
5.6732,-20
5.6788,-20
5.6842,-20
5.6901,-20
5.6957,-20
5.7011,-20
5.7076,-20
5.7131,-20
5.7189,-20
5.7243,-20
5.7302,-20
5.7358,-20
5.7412,-20
5.7478,-20
5.7535,-20
5.7589,-20
5.7643,-20
5.7702,-20
5.7759,-20
5.7822,-20
5.7878,-20
5.7933,-20
5.7989,-20
5.8043,-20
5.8102,-20
5.8159,-20
5.8221,-20
5.8278,-20
5.8333,-20
5.8389,-20
5.8443,-20
5.8502,-20
5.8557,-20
5.8612,-20
5.8678,-20
5.8733,-20
5.8789,-20
5.8843,-20
5.8902,-20
5.8958,-20
5.9012,-20
5.9078,-20
5.9135,-20
5.9189,-20
5.9243,-20
5.9302,-20
5.9357,-20
5.9411,-20
5.9478,-20
5.9532,-20
5.9589,-20
5.9643,-20
5.9701,-20
5.9757,-20
5.9811,-20
5.9877,-20
5.9935,-20
5.9989,-20
6.0043,-20
6.0102,-20
6.0158,-20
6.0212,-20
6.0277,-20
6.0332,-20
6.0388,-20
6.0442,-20
6.0498,-20
6.0555,-20
6.061,-20
6.0675,-20
6.0729,-20
6.0785,-20
6.0839,-20
6.0893,-20
6.0949,-20
6.1003,-20
6.1062,-20
6.1128,-20
6.1183,-20
6.1239,-20
6.1293,-20
6.1349,-20
6.1403,-20
6.1459,-20
6.1525,-20
6.158,-20
6.1635,-20
6.1691,-20
6.175,-20
6.1805,-20
6.1861,-20
6.1928,-20
6.199,-20
6.2045,-20
6.2101,-20
6.216,-20
6.2222,-20
6.2278,-20
6.2343,-20
6.2399,-20
6.2455,-20
6.251,-20
6.2573,-20
6.2629,-20
6.2684,-20
6.2742,-20
6.2798,-20
6.2853,-20
6.2908,-20
6.2977,-20
6.3033,-20
6.309,-20
6.3146,-20
6.3201,-20
6.3255,-20
6.331,-20
6.3383,-20
6.3439,-20
6.3493,-20
6.3549,-20
6.3603,-20
6.366,-20
6.3722,-20
6.3778,-20
6.3835,-20
6.3889,-20
6.3943,-20
6.4,-20
6.4055,-20
6.4109,-20
6.4172,-20
6.4228,-20
6.4283,-20
6.4339,-20
6.4398,-20
6.4452,-20
6.4508,-20
6.4562,-20
6.4629,-20
6.4685,-20
6.474,-20
6.4795,-20
6.4849,-20
6.4904,-20
6.496,-20
6.5025,-20
6.508,-20
6.5135,-20
6.5189,-20
6.5243,-20
6.5302,-20
6.5357,-20
6.5411,-20
6.5479,-20
6.5535,-20
6.5589,-20
6.5643,-20
6.5702,-20
6.5759,-20
6.5822,-20
6.5878,-20
6.5933,-20
6.5989,-20
6.6043,-20
6.6101,-20
6.6157,-20
6.6211,-20
6.6277,-20
6.6335,-20
6.6389,-20
6.6443,-20
6.6501,-20
6.6557,-20
6.6612,-20
6.6679,-20
6.6733,-20
6.6789,-20
6.6843,-20
6.6901,-20
6.6957,-20
6.7011,-20
6.7078,-20
6.7135,-20
6.7189,-20
6.7243,-20
6.7299,-20
6.7355,-20
6.741,-20
6.7472,-20
6.7528,-20
6.7584,-20
6.7639,-20
6.7693,-20
6.7749,-20
6.7803,-20
6.7859,-20
6.7928,-20
6.7985,-20
6.8039,-20
6.8093,-20
6.8149,-20
6.8203,-20
6.8262,-20
6.8328,-20
6.8383,-20
6.8438,-20
6.8492,-20
6.8548,-20
6.8602,-20
6.8657,-20
6.8722,-20
6.8778,-20
6.8832,-20
6.8892,-20
6.8949,-20
6.9003,-20
6.9058,-20
6.9125,-20
6.9179,-20
6.9234,-20
6.929,-20
6.9345,-20
6.94,-20
6.9455,-20
6.9509,-20
6.9572,-20
6.9628,-20
6.9683,-20
6.9739,-20
6.9793,-20
6.9851,-20
6.9907,-20
6.9961,-20
7.0027,-20
7.0081,-20
7.0138,-20
7.0192,-20
7.0248,-20
7.0302,-20
7.0358,-20
7.0412,-20
7.048,-20
7.0535,-20
7.0589,-20
7.0645,-20
7.0702,-20
7.0759,-20
7.0826,-20
7.088,-20
7.0936,-20
7.0991,-20
7.1045,-20
7.1101,-20
7.1155,-20
7.1209,-20
7.1273,-20
7.1329,-20
7.1387,-20
7.1441,-20
7.1498,-20
7.1552,-20
7.1609,-20
7.1679,-20
7.1735,-20
7.179,-20
7.1845,-20
7.1901,-20
7.1955,-20
7.201,-20
7.2075,-20
7.213,-20
7.2185,-20
7.224,-20
7.2295,-20
7.2351,-20
7.2409,-20
7.2493,-20
7.2549,-20
7.2603,-20
7.2658,-20
7.2725,-20
7.278,-20
7.2835,-20
7.2891,-20
7.2949,-20
7.3003,-20
7.3061,-20
7.3128,-20
7.3182,-20
7.3239,-20
7.3293,-20
7.3349,-20
7.3403,-20
7.3458,-20
7.3525,-20
7.3579,-20
7.3633,-20
7.3692,-20
7.3749,-20
7.3803,-20
7.3862,-20
7.3928,-20
7.3982,-20
7.4038,-20
7.4092,-20
7.4149,-20
7.4203,-20
7.4258,-20
7.4323,-20
7.4379,-20
7.4433,-20
7.4492,-20
7.4549,-20
7.4603,-20
7.4662,-20
7.4728,-20
7.4782,-20
7.4839,-20
7.4893,-20
7.4949,-20
7.5003,-20
7.5059,-20
7.5125,-20
7.518,-20
7.5235,-20
7.5295,-20
7.535,-20
7.5405,-20
7.5461,-20
7.5528,-20
7.5583,-20
7.5638,-20
7.5692,-20
7.5749,-20
7.5803,-20
7.5859,-20
7.5925,-20
7.5979,-20
7.6034,-20
7.6093,-20
7.6149,-20
7.6203,-20
7.6262,-20
7.6328,-20
7.6382,-20
7.6439,-20
7.6493,-20
7.6549,-20
7.6603,-20
7.6672,-20
7.6728,-20
7.6788,-20
7.6842,-20
7.6898,-20
7.6955,-20
7.701,-20
7.7072,-20
7.7128,-20
7.7183,-20
7.7239,-20
7.7293,-20
7.7349,-20
7.7403,-20
7.7459,-20
7.7528,-20
7.7587,-20
7.7641,-20
7.7696,-20
7.775,-20
7.7805,-20
7.7861,-20
7.7928,-20
7.7982,-20
7.8038,-20
7.8092,-20
7.8149,-20
7.8203,-20
7.8258,-20
7.8325,-20
7.8379,-20
7.8433,-20
7.8492,-20
7.8548,-20
7.8602,-20
7.8657,-20
7.8722,-20
7.8778,-20
7.8833,-20
7.8889,-20
7.8943,-20
7.8999,-20
7.9053,-20
7.9109,-20
7.9163,-20
7.9228,-20
7.9282,-20
7.9338,-20
7.9392,-20
7.9448,-20
7.951,-20
7.9578,-20
7.9633,-20
7.969,-20
7.9745,-20
7.98,-20
7.9855,-20
7.9909,-20
7.9975,-20
8.003,-20
8.0085,-20
8.014,-20
8.0195,-20
8.0252,-20
8.0308,-20
8.0373,-20
8.043,-20
8.0485,-20
8.054,-20
8.0595,-20
8.0648,-20
8.0703,-20
8.0759,-20
8.0826,-20
8.088,-20
8.0935,-20
8.0991,-20
8.1045,-20
8.1103,-20
8.1159,-20
8.1225,-20
8.128,-20
8.1335,-20
8.1389,-20
8.1445,-20
8.1501,-20
8.1555,-20
8.161,-20
8.1673,-20
8.1729,-20
8.1785,-20
8.1841,-20
8.1895,-20
8.1951,-20
8.2148,-20
8.2212,-20
8.2279,-20
8.2333,-20
8.239,-20
8.2445,-20
8.2508,-20
8.2582,-20
8.2639,-20
8.2693,-20
8.2749,-20
8.2803,-20
8.2859,-20
8.2922,-20
8.2978,-20
8.3035,-20
8.3089,-20
8.3143,-20
8.32,-20
8.3255,-20
8.3309,-20
8.3363,-20
8.3428,-20
8.3482,-20
8.3538,-20
8.3595,-20
8.3649,-20
8.3705,-20
8.376,-20
8.3822,-20
8.3878,-20
8.3932,-20
8.3989,-20
8.4043,-20
8.4098,-20
8.4155,-20
8.421,-20
8.4272,-20
8.4329,-20
8.4383,-20
8.4438,-20
8.4492,-20
8.4549,-20
8.4603,-20
8.4658,-20
8.4725,-20
8.4779,-20
8.4833,-20
8.4893,-20
8.4949,-20
8.5003,-20
8.5062,-20
8.5128,-20
8.5182,-20
8.5239,-20
8.5293,-20
8.5349,-20
8.5403,-20
8.5459,-20
8.5525,-20
8.5579,-20
8.5633,-20
8.5693,-20
8.5749,-20
8.5803,-20
8.5863,-20
8.5928,-20
8.5983,-20
8.6039,-20
8.6093,-20
8.6149,-20
8.6203,-20
8.6259,-20
8.6325,-20
8.638,-20
8.6435,-20
8.6491,-20
8.655,-20
8.6605,-20
8.6661,-20
8.6728,-20
8.6783,-20
8.6839,-20
8.6893,-20
8.6949,-20
8.7003,-20
8.7059,-20
8.7125,-20
8.7179,-20
8.7235,-20
8.7291,-20
8.735,-20
8.7405,-20
8.7461,-20
8.7528,-20
8.7582,-20
8.7639,-20
8.7693,-20
8.7749,-20
8.7803,-20
8.7858,-20
8.7922,-20
8.7979,-20
8.8033,-20
8.8093,-20
8.8149,-20
8.8203,-20
8.8262,-20
8.8327,-20
8.8381,-20
8.8438,-20
8.8492,-20
8.8549,-20
8.8603,-20
8.8658,-20
8.8722,-20
8.8779,-20
8.8833,-20
8.8893,-20
8.895,-20
8.9005,-20
8.9061,-20
8.9128,-20
8.9182,-20
8.9238,-20
8.9292,-20
8.9349,-20
8.9403,-20
8.9459,-20
8.9527,-20
8.9583,-20
8.964,-20
8.9696,-20
8.9755,-20
8.981,-20
8.9873,-20
8.9929,-20
8.9985,-20
9.004,-20
9.0095,-20
9.0153,-20
9.0209,-20
9.0275,-20
9.0332,-20
9.0388,-20
9.0443,-20
9.0499,-20
9.0557,-20
9.0611,-20
9.0678,-20
9.0732,-20
9.0788,-20
9.0842,-20
9.0898,-20
9.0955,-20
9.101,-20
9.1073,-20
9.1129,-20
9.1185,-20
9.1239,-20
9.1293,-20
9.135,-20
9.1405,-20
9.146,-20
9.1525,-20
9.1579,-20
9.1633,-20
9.169,-20
9.1746,-20
9.1805,-20
9.1859,-20
9.1923,-20
9.1979,-20
9.2033,-20
9.2092,-20
9.2149,-20
9.2203,-20
9.2261,-20
9.2327,-20
9.2381,-20
9.2437,-20
9.2491,-20
9.2545,-20
9.2601,-20
9.2655,-20
9.271,-20
9.2773,-20
9.2829,-20
9.2883,-20
9.2938,-20
9.2993,-20
9.3047,-20
9.3105,-20
9.316,-20
9.3225,-20
9.3279,-20
9.3333,-20
9.3389,-20
9.3443,-20
9.35,-20
9.3555,-20
9.3609,-20
9.3663,-20
9.3728,-20
9.3783,-20
9.3846,-20
9.39,-20
9.3955,-20
9.4009,-20
9.4073,-20
9.4129,-20
9.4183,-20
9.424,-20
9.4295,-20
9.435,-20
9.4404,-20
9.4459,-20
9.4513,-20
9.4579,-20
9.4635,-20
9.4689,-20
9.4745,-20
9.48,-20
9.4854,-20
9.4909,-20
9.4963,-20
9.5029,-20
9.5083,-20
9.5141,-20
9.5198,-20
9.5252,-20
9.5308,-20
9.5362,-20
9.5428,-20
9.5482,-20
9.5539,-20
9.5599,-20
9.5653,-20
9.5709,-20
9.5763,-20
9.583,-20
9.5886,-20
9.5942,-20
9.5997,-20
9.6051,-20
9.6108,-20
9.6162,-20
9.6228,-20
9.6282,-20
9.6339,-20
9.6395,-20
9.6451,-20
9.6505,-20
9.6559,-20
9.6613,-20
9.6678,-20
9.6733,-20
9.6789,-20
9.6843,-20
9.6898,-20
9.6955,-20
9.7009,-20
9.7073,-20
9.7132,-20
9.7188,-20
9.7242,-20
9.7297,-20
9.7355,-20
9.7409,-20
9.7463,-20
9.7529,-20
9.7585,-20
9.7643,-20
9.7699,-20
9.7758,-20
9.7813,-20
9.7879,-20
9.7935,-20
9.7991,-20
9.8045,-20
9.8099,-20
9.8158,-20
9.8225,-20
9.828,-20
9.8335,-20
9.8391,-20
9.8445,-20
9.8501,-20
9.8559,-20
9.8625,-20
9.868,-20
9.8735,-20
9.8791,-20
9.8845,-20
9.8902,-20
9.896,-20
9.9023,-20
9.908,-20
9.9135,-20
9.9191,-20
9.9245,-20
9.9299,-20
9.9358,-20
9.9425,-20
9.948,-20
9.9535,-20
9.959,-20
9.9645,-20
9.9699,-20
9.9759,-20
9.9823,-20
9.988,-20
9.9935,-20
9.9991,-20
10.005,-20
10.01,20
10.016,20
10.023,20
10.028,20
10.033,20
10.039,20
10.045,20
10.05,20
10.056,20
10.063,20
10.068,20
10.073,20
10.079,20
10.085,20
10.09,20
10.096,20
10.103,20
10.108,20
10.113,20
10.119,20
10.125,20
10.13,20
10.136,20
10.143,20
10.148,20
10.154,20
10.159,20
10.165,20
10.17,20
10.176,20
10.183,20
10.188,20
10.194,20
10.199,20
10.205,20
10.21,20
10.216,20
10.223,20
10.228,20
10.233,20
10.239,20
10.245,20
10.25,20
10.256,20
10.263,20
10.268,20
10.273,20
10.279,20
10.285,20
10.29,20
10.296,20
10.303,20
10.308,20
10.313,20
10.319,20
10.325,20
10.33,20
10.336,20
10.343,20
10.348,20
10.353,20
10.359,20
10.365,20
10.37,20
10.376,20
10.383,20
10.388,20
10.394,20
10.399,20
10.405,20
10.411,20
10.416,20
10.421,20
10.428,20
10.433,20
10.439,20
10.445,20
10.45,20
10.456,20
10.463,20
10.468,20
10.473,20
10.479,20
10.485,20
10.49,20
10.496,20
10.503,20
10.508,20
10.513,20
10.519,20
10.525,20
10.53,20
10.536,20
10.543,20
10.548,20
10.553,20
10.559,20
10.565,20
10.57,20
10.576,20
10.583,20
10.588,20
10.593,20
10.599,20
10.605,20
10.61,20
10.616,20
10.622,20
10.628,20
10.633,20
10.639,20
10.645,20
10.65,20
10.656,20
10.663,20
10.668,20
10.673,20
10.679,20
10.685,20
10.69,20
10.696,20
10.703,20
10.708,20
10.713,20
10.719,20
10.725,20
10.73,20
10.736,20
10.743,20
10.748,20
10.753,20
10.759,20
10.765,20
10.77,20
10.776,20
10.783,20
10.788,20
10.793,20
10.799,20
10.805,20
10.81,20
10.816,20
10.823,20
10.828,20
10.833,20
10.839,20
10.845,20
10.85,20
10.856,20
10.863,20
10.868,20
10.873,20
10.879,20
10.885,20
10.89,20
10.896,20
10.903,20
10.908,20
10.914,20
10.919,20
10.925,20
10.93,20
10.936,20
10.943,20
10.948,20
10.953,20
10.959,20
10.965,20
10.97,20
10.976,20
10.983,20
10.988,20
10.993,20
10.999,20
11.005,20
11.01,20
11.016,20
11.023,20
11.028,20
11.033,20
11.04,20
11.045,20
11.051,20
11.058,20
11.063,20
11.069,20
11.074,20
11.08,20
11.086,20
11.091,20
11.098,20
11.103,20
11.109,20
11.115,20
11.12,20
11.125,20
11.131,20
11.138,20
11.143,20
11.148,20
11.154,20
11.16,20
11.165,20
11.171,20
11.178,20
11.183,20
11.189,20
11.194,20
11.2,20
11.206,20
11.211,20
11.218,20
11.224,20
11.229,20
11.235,20
11.241,20
11.248,20
11.253,20
11.259,20
11.265,20
11.27,20
11.276,20
11.283,20
11.288,20
11.294,20
11.299,20
11.305,20
11.311,20
11.318,20
11.323,20
11.328,20
11.334,20
11.34,20
11.345,20
11.351,20
11.358,20
11.363,20
11.368,20
11.374,20
11.38,20
11.385,20
11.391,20
11.398,20
11.403,20
11.409,20
11.414,20
11.42,20
11.425,20
11.431,20
11.437,20
11.443,20
11.448,20
11.454,20
11.46,20
11.465,20
11.471,20
11.478,20
11.483,20
11.488,20
11.494,20
11.5,20
11.505,20
11.51,20
11.516,20
11.523,20
11.528,20
11.534,20
11.539,20
11.545,20
11.551,20
11.558,20
11.563,20
11.568,20
11.574,20
11.58,20
11.585,20
11.591,20
11.598,20
11.603,20
11.609,20
11.614,20
11.62,20
11.626,20
11.631,20
11.638,20
11.643,20
11.649,20
11.654,20
11.66,20
11.665,20
11.671,20
11.677,20
11.683,20
11.688,20
11.694,20
11.7,20
11.706,20
11.711,20
11.716,20
11.723,20
11.728,20
11.734,20
11.74,20
11.745,20
11.751,20
11.758,20
11.763,20
11.769,20
11.774,20
11.78,20
11.785,20
11.791,20
11.798,20
11.803,20
11.809,20
11.814,20
11.82,20
11.825,20
11.831,20
11.838,20
11.843,20
11.848,20
11.854,20
11.86,20
11.865,20
11.871,20
11.878,20
11.883,20
11.888,20
11.894,20
11.9,20
11.905,20
11.911,20
11.916,20
11.923,20
11.929,20
11.934,20
11.94,20
11.945,20
11.951,20
11.958,20
11.963,20
11.969,20
11.974,20
11.98,20
11.985,20
11.991,20
11.998,20
12.003,20
12.009,20
12.015,20
12.02,20
12.026,20
12.033,20
12.038,20
12.044,20
12.05,20
12.056,20
12.063,20
12.068,20
12.074,20
12.08,20
12.085,20
12.091,20
12.098,20
12.104,20
12.109,20
12.115,20
12.12,20
12.126,20
12.132,20
12.138,20
12.144,20
12.149,20
12.155,20
12.16,20
12.166,20
12.173,20
12.178,20
12.184,20
12.19,20
12.195,20
12.201,20
12.208,20
12.213,20
12.219,20
12.224,20
12.23,20
12.235,20
12.241,20
12.248,20
12.253,20
12.258,20
12.264,20
12.27,20
12.275,20
12.281,20
12.288,20
12.294,20
12.3,20
12.306,20
12.311,20
12.317,20
12.323,20
12.329,20
12.334,20
12.34,20
12.345,20
12.351,20
12.358,20
12.364,20
12.37,20
12.376,20
12.381,20
12.387,20
12.393,20
12.399,20
12.404,20
12.41,20
12.415,20
12.421,20
12.427,20
12.433,20
12.438,20
12.444,20
12.449,20
12.455,20
12.46,20
12.466,20
12.473,20
12.478,20
12.483,20
12.489,20
12.495,20
12.5,20
12.506,20
12.513,20
12.518,20
12.523,20
12.529,20
12.534,20
12.54,20
12.546,20
12.553,20
12.559,20
12.564,20
12.57,20
12.576,20
12.581,20
12.588,20
12.593,20
12.599,20
12.604,20
12.61,20
12.616,20
12.621,20
12.626,20
12.633,20
12.639,20
12.644,20
12.65,20
12.655,20
12.661,20
12.666,20
12.673,20
12.678,20
12.684,20
12.689,20
12.695,20
12.7,20
12.706,20
12.713,20
12.718,20
12.723,20
12.729,20
12.735,20
12.74,20
12.746,20
12.753,20
12.758,20
12.764,20
12.769,20
12.775,20
12.78,20
12.786,20
12.793,20
12.798,20
12.804,20
12.809,20
12.815,20
12.82,20
12.826,20
12.833,20
12.838,20
12.844,20
12.849,20
12.855,20
12.86,20
12.866,20
12.873,20
12.878,20
12.884,20
12.889,20
12.895,20
12.9,20
12.906,20
12.913,20
12.918,20
12.923,20
12.929,20
12.934,20
12.94,20
12.945,20
12.951,20
12.956,20
12.963,20
12.968,20
12.974,20
12.979,20
12.985,20
12.991,20
12.996,20
13.003,20
13.008,20
13.014,20
13.019,20
13.025,20
13.03,20
13.036,20
13.041,20
13.048,20
13.053,20
13.059,20
13.064,20
13.07,20
13.076,20
13.083,20
13.089,20
13.094,20
13.1,20
13.105,20
13.111,20
13.116,20
13.123,20
13.128,20
13.134,20
13.14,20
13.145,20
13.151,20
13.156,20
13.163,20
13.169,20
13.174,20
13.179,20
13.185,20
13.19,20
13.196,20
13.201,20
13.208,20
13.213,20
13.219,20
13.224,20
13.23,20
13.235,20
13.241,20
13.248,20
13.253,20
13.259,20
13.264,20
13.27,20
13.275,20
13.281,20
13.286,20
13.293,20
13.298,20
13.304,20
13.309,20
13.315,20
13.32,20
13.326,20
13.331,20
13.338,20
13.344,20
13.349,20
13.355,20
13.36,20
13.365,20
13.371,20
13.376,20
13.383,20
13.388,20
13.394,20
13.4,20
13.405,20
13.411,20
13.416,20
13.423,20
13.428,20
13.434,20
13.44,20
13.445,20
13.451,20
13.456,20
13.463,20
13.468,20
13.474,20
13.48,20
13.485,20
13.491,20
13.496,20
13.503,20
13.508,20
13.514,20
13.52,20
13.525,20
13.531,20
13.536,20
13.543,20
13.548,20
13.554,20
13.56,20
13.565,20
13.571,20
13.576,20
13.583,20
13.588,20
13.594,20
13.6,20
13.605,20
13.611,20
13.616,20
13.623,20
13.628,20
13.634,20
13.64,20
13.645,20
13.651,20
13.656,20
13.663,20
13.668,20
13.674,20
13.68,20
13.685,20
13.691,20
13.696,20
13.703,20
13.708,20
13.714,20
13.72,20
13.725,20
13.731,20
13.736,20
13.743,20
13.748,20
13.754,20
13.76,20
13.765,20
13.771,20
13.776,20
13.783,20
13.788,20
13.794,20
13.8,20
13.805,20
13.811,20
13.816,20
13.823,20
13.828,20
13.834,20
13.84,20
13.845,20
13.851,20
13.856,20
13.863,20
13.868,20
13.875,20
13.88,20
13.885,20
13.891,20
13.896,20
13.903,20
13.909,20
13.914,20
13.92,20
13.925,20
13.931,20
13.936,20
13.943,20
13.949,20
13.954,20
13.96,20
13.965,20
13.971,20
13.976,20
13.983,20
13.989,20
13.994,20
14,20
14.005,20
14.011,20
14.018,20
14.024,20
14.029,20
14.035,20
14.04,20
14.046,20
14.052,20
14.058,20
14.064,20
14.069,20
14.075,20
14.081,20
14.086,20
14.093,20
14.098,20
14.104,20
14.11,20
14.115,20
14.121,20
14.128,20
14.134,20
14.139,20
14.145,20
14.15,20
14.156,20
14.163,20
14.168,20
14.174,20
14.18,20
14.185,20
14.191,20
14.196,20
14.203,20
14.208,20
14.214,20
14.219,20
14.225,20
14.23,20
14.236,20
14.241,20
14.248,20
14.253,20
14.259,20
14.264,20
14.27,20
14.275,20
14.281,20
14.288,20
14.293,20
14.299,20
14.304,20
14.31,20
14.315,20
14.321,20
14.328,20
14.333,20
14.339,20
14.344,20
14.35,20
14.355,20
14.361,20
14.368,20
14.373,20
14.379,20
14.384,20
14.39,20
14.395,20
14.401,20
14.406,20
14.413,20
14.418,20
14.424,20
14.429,20
14.435,20
14.44,20
14.446,20
14.451,20
14.458,20
14.464,20
14.469,20
14.475,20
14.48,20
14.486,20
14.491,20
14.499,20
14.504,20
14.509,20
14.515,20
14.52,20
14.526,20
14.531,20
14.538,20
14.544,20
14.549,20
14.555,20
14.56,20
14.566,20
14.571,20
14.578,20
14.584,20
14.589,20
14.595,20
14.6,20
14.606,20
14.611,20
14.618,20
14.624,20
14.629,20
14.635,20
14.64,20
14.646,20
14.651,20
14.658,20
14.664,20
14.669,20
14.675,20
14.68,20
14.686,20
14.691,20
14.698,20
14.704,20
14.709,20
14.715,20
14.72,20
14.726,20
14.731,20
14.738,20
14.744,20
14.749,20
14.755,20
14.76,20
14.766,20
14.771,20
14.778,20
14.784,20
14.789,20
14.795,20
14.8,20
14.806,20
14.811,20
14.818,20
14.824,20
14.829,20
14.835,20
14.84,20
14.846,20
14.851,20
14.858,20
14.864,20
14.869,20
14.875,20
14.88,20
14.886,20
14.893,20
14.898,20
14.904,20
14.91,20
14.915,20
14.922,20
14.928,20
14.933,20
14.939,20
14.944,20
14.95,20
14.955,20
14.961,20
14.968,20
14.973,20
14.979,20
14.984,20
14.99,20
14.995,20
15.001,20
15.008,20
15.014,-20
15.02,-20
15.026,-20
15.033,-20
15.039,-20
15.044,-20
15.049,-20
15.055,-20
15.06,-20
15.066,-20
15.073,-20
15.078,-20
15.084,-20
15.089,-20
15.095,-20
15.1,-20
15.106,-20
15.113,-20
15.118,-20
15.124,-20
15.129,-20
15.136,-20
15.141,-20
15.146,-20
15.153,-20
15.158,-20
15.164,-20
15.169,-20
15.175,-20
15.18,-20
15.186,-20
15.193,-20
15.2,-20
15.205,-20
15.21,-20
15.216,-20
15.221,-20
15.228,-20
15.233,-20
15.239,-20
15.244,-20
15.25,-20
15.256,-20
15.261,-20
15.268,-20
15.274,-20
15.28,-20
15.285,-20
15.291,-20
15.296,-20
15.304,-20
15.309,-20
15.315,-20
15.32,-20
15.326,-20
15.331,-20
15.338,-20
15.344,-20
15.349,-20
15.355,-20
15.36,-20
15.366,-20
15.371,-20
15.378,-20
15.384,-20
15.389,-20
15.395,-20
15.4,-20
15.406,-20
15.411,-20
15.418,-20
15.424,-20
15.43,-20
15.435,-20
15.441,-20
15.448,-20
15.453,-20
15.459,-20
15.465,-20
15.471,-20
15.476,-20
15.483,-20
15.488,-20
15.494,-20
15.499,-20
15.505,-20
15.51,-20
15.516,-20
15.521,-20
15.528,-20
15.533,-20
15.539,-20
15.544,-20
15.55,-20
15.555,-20
15.561,-20
15.568,-20
15.573,-20
15.579,-20
15.584,-20
15.59,-20
15.595,-20
15.601,-20
15.606,-20
15.613,-20
15.618,-20
15.624,-20
15.629,-20
15.635,-20
15.64,-20
15.646,-20
15.651,-20
15.658,-20
15.664,-20
15.669,-20
15.675,-20
15.68,-20
15.686,-20
15.692,-20
15.698,-20
15.704,-20
15.71,-20
15.715,-20
15.721,-20
15.728,-20
15.733,-20
15.739,-20
15.745,-20
15.751,-20
15.756,-20
15.763,-20
15.769,-20
15.775,-20
15.78,-20
15.786,-20
15.793,-20
15.798,-20
15.804,-20
15.809,-20
15.815,-20
15.82,-20
15.826,-20
15.833,-20
15.839,-20
15.844,-20
15.849,-20
15.855,-20
15.86,-20
15.866,-20
15.873,-20
15.878,-20
15.884,-20
15.889,-20
15.895,-20
15.901,-20
15.906,-20
15.913,-20
15.919,-20
15.924,-20
15.93,-20
15.935,-20
15.941,-20
15.946,-20
15.953,-20
15.959,-20
15.964,-20
15.97,-20
15.976,-20
15.981,-20
15.988,-20
15.993,-20
15.999,-20
16.004,-20
16.01,-20
16.016,-20
16.021,-20
16.028,-20
16.033,-20
16.039,-20
16.044,-20
16.05,-20
16.056,-20
16.061,-20
16.068,-20
16.073,-20
16.079,-20
16.084,-20
16.09,-20
16.096,-20
16.101,-20
16.108,-20
16.113,-20
16.119,-20
16.124,-20
16.13,-20
16.136,-20
16.141,-20
16.148,-20
16.153,-20
16.159,-20
16.164,-20
16.17,-20
16.176,-20
16.181,-20
16.188,-20
16.193,-20
16.199,-20
16.204,-20
16.21,-20
16.216,-20
16.221,-20
16.228,-20
16.233,-20
16.239,-20
16.244,-20
16.25,-20
16.256,-20
16.261,-20
16.268,-20
16.273,-20
16.279,-20
16.284,-20
16.29,-20
16.296,-20
16.301,-20
16.308,-20
16.313,-20
16.319,-20
16.324,-20
16.33,-20
16.336,-20
16.341,-20
16.348,-20
16.353,-20
16.359,-20
16.364,-20
16.37,-20
16.376,-20
16.381,-20
16.388,-20
16.393,-20
16.399,-20
16.404,-20
16.41,-20
16.416,-20
16.421,-20
16.428,-20
16.433,-20
16.439,-20
16.444,-20
16.45,-20
16.456,-20
16.461,-20
16.468,-20
16.473,-20
16.479,-20
16.484,-20
16.49,-20
16.496,-20
16.503,-20
16.508,-20
16.514,-20
16.52,-20
16.525,-20
16.531,-20
16.536,-20
16.543,-20
16.55,-20
16.555,-20
16.561,-20
16.568,-20
16.573,-20
16.579,-20
16.584,-20
16.59,-20
16.596,-20
16.601,-20
16.608,-20
16.613,-20
16.619,-20
16.624,-20
16.63,-20
16.635,-20
16.641,-20
16.646,-20
16.653,-20
16.658,-20
16.664,-20
16.669,-20
16.675,-20
16.68,-20
16.686,-20
16.691,-20
16.698,-20
16.704,-20
16.709,-20
16.715,-20
16.72,-20
16.726,-20
16.731,-20
16.738,-20
16.744,-20
16.749,-20
16.755,-20
16.76,-20
16.766,-20
16.771,-20
16.778,-20
16.784,-20
16.789,-20
16.795,-20
16.8,-20
16.806,-20
16.811,-20
16.818,-20
16.824,-20
16.829,-20
16.835,-20
16.84,-20
16.846,-20
16.851,-20
16.858,-20
16.864,-20
16.869,-20
16.875,-20
16.88,-20
16.886,-20
16.891,-20
16.898,-20
16.904,-20
16.909,-20
16.915,-20
16.92,-20
16.926,-20
16.931,-20
16.938,-20
16.944,-20
16.949,-20
16.955,-20
16.96,-20
16.966,-20
16.971,-20
16.978,-20
16.984,-20
16.989,-20
16.995,-20
17,-20
17.006,-20
17.011,-20
17.018,-20
17.024,-20
17.029,-20
17.035,-20
17.04,-20
17.046,-20
17.051,-20
17.058,-20
17.064,-20
17.069,-20
17.075,-20
17.08,-20
17.086,-20
17.091,-20
17.098,-20
17.104,-20
17.109,-20
17.115,-20
17.12,-20
17.126,-20
17.131,-20
17.138,-20
17.144,-20
17.149,-20
17.155,-20
17.16,-20
17.166,-20
17.171,-20
17.178,-20
17.184,-20
17.19,-20
17.195,-20
17.201,-20
17.206,-20
17.213,-20
17.218,-20
17.224,-20
17.229,-20
17.235,-20
17.24,-20
17.246,-20
17.251,-20
17.258,-20
17.264,-20
17.269,-20
17.275,-20
17.28,-20
17.286,-20
17.291,-20
17.298,-20
17.304,-20
17.309,-20
17.315,-20
17.32,-20
17.326,-20
17.333,-20
17.338,-20
17.344,-20
17.349,-20
17.355,-20
17.361,-20
17.366,-20
17.373,-20
17.378,-20
17.384,-20
17.39,-20
17.395,-20
17.401,-20
17.408,-20
17.414,-20
17.419,-20
17.425,-20
17.43,-20
17.436,-20
17.441,-20
17.448,-20
17.454,-20
17.459,-20
17.465,-20
17.471,-20
17.478,-20
17.483,-20
17.489,-20
17.495,-20
17.5,-20
17.506,-20
17.513,-20
17.519,-20
17.525,-20
17.53,-20
17.536,-20
17.543,-20
17.548,-20
17.554,-20
17.56,-20
17.565,-20
17.571,-20
17.576,-20
17.583,-20
17.589,-20
17.594,-20
17.6,-20
17.605,-20
17.611,-20
17.616,-20
17.623,-20
17.629,-20
17.634,-20
17.64,-20
17.645,-20
17.651,-20
17.656,-20
17.663,-20
17.669,-20
17.674,-20
17.68,-20
17.686,-20
17.691,-20
17.698,-20
17.704,-20
17.709,-20
17.715,-20
17.721,-20
17.728,-20
17.733,-20
17.739,-20
17.744,-20
17.75,-20
17.755,-20
17.761,-20
17.767,-20
17.773,-20
17.779,-20
17.784,-20
17.79,-20
17.795,-20
17.801,-20
17.808,-20
17.814,-20
17.819,-20
17.825,-20
17.83,-20
17.836,-20
17.841,-20
17.848,-20
17.854,-20
17.859,-20
17.865,-20
17.871,-20
17.876,-20
17.883,-20
17.889,-20
17.894,-20
17.9,-20
17.906,-20
17.913,-20
17.919,-20
17.924,-20
17.93,-20
17.936,-20
17.941,-20
17.948,-20
17.954,-20
17.96,-20
17.965,-20
17.971,-20
17.976,-20
17.983,-20
17.989,-20
17.994,-20
18,-20
18.005,-20
18.011,-20
18.016,-20
18.023,-20
18.029,-20
18.034,-20
18.04,-20
18.045,-20
18.051,-20
18.056,-20
18.063,-20
18.069,-20
18.074,-20
18.08,-20
18.085,-20
18.091,-20
18.096,-20
18.103,-20
18.108,-20
18.114,-20
18.12,-20
18.125,-20
18.131,-20
18.136,-20
18.143,-20
18.149,-20
18.154,-20
18.16,-20
18.166,-20
18.171,-20
18.178,-20
18.184,-20
18.189,-20
18.195,-20
18.201,-20
18.208,-20
18.213,-20
18.219,-20
18.224,-20
18.23,-20
18.235,-20
18.241,-20
18.248,-20
18.253,-20
18.259,-20
18.264,-20
18.27,-20
18.275,-20
18.281,-20
18.288,-20
18.293,-20
18.299,-20
18.304,-20
18.31,-20
18.315,-20
18.321,-20
18.328,-20
18.333,-20
18.339,-20
18.344,-20
18.35,-20
18.355,-20
18.361,-20
18.368,-20
18.373,-20
18.379,-20
18.384,-20
18.39,-20
18.395,-20
18.401,-20
18.408,-20
18.413,-20
18.419,-20
18.424,-20
18.43,-20
18.435,-20
18.441,-20
18.448,-20
18.454,-20
18.46,-20
18.465,-20
18.471,-20
18.477,-20
18.483,-20
18.489,-20
18.495,-20
18.501,-20
18.506,-20
18.513,-20
18.519,-20
18.524,-20
18.53,-20
18.536,-20
18.541,-20
18.548,-20
18.553,-20
18.559,-20
18.564,-20
18.57,-20
18.576,-20
18.581,-20
18.588,-20
18.593,-20
18.599,-20
18.604,-20
18.61,-20
18.616,-20
18.621,-20
18.628,-20
18.633,-20
18.639,-20
18.644,-20
18.65,-20
18.656,-20
18.661,-20
18.668,-20
18.673,-20
18.679,-20
18.684,-20
18.69,-20
18.696,-20
18.701,-20
18.708,-20
18.713,-20
18.719,-20
18.724,-20
18.73,-20
18.736,-20
18.741,-20
18.748,-20
18.753,-20
18.759,-20
18.764,-20
18.77,-20
18.776,-20
18.781,-20
18.788,-20
18.793,-20
18.799,-20
18.804,-20
18.81,-20
18.816,-20
18.821,-20
18.828,-20
18.833,-20
18.839,-20
18.844,-20
18.85,-20
18.856,-20
18.861,-20
18.868,-20
18.873,-20
18.879,-20
18.884,-20
18.89,-20
18.896,-20
18.901,-20
18.908,-20
18.913,-20
18.919,-20
18.924,-20
18.93,-20
18.936,-20
18.941,-20
18.948,-20
18.953,-20
18.959,-20
18.964,-20
18.97,-20
18.976,-20
18.981,-20
18.988,-20
18.993,-20
18.999,-20
19.004,-20
19.01,-20
19.016,-20
19.021,-20
19.028,-20
19.033,-20
19.039,-20
19.044,-20
19.05,-20
19.056,-20
19.061,-20
19.068,-20
19.073,-20
19.079,-20
19.084,-20
19.09,-20
19.096,-20
19.101,-20
19.108,-20
19.113,-20
19.119,-20
19.124,-20
19.13,-20
19.136,-20
19.141,-20
19.148,-20
19.153,-20
19.159,-20
19.164,-20
19.17,-20
19.176,-20
19.181,-20
19.188,-20
19.193,-20
19.2,-20
19.206,-20
19.211,-20
19.216,-20
19.223,-20
19.228,-20
19.234,-20
19.24,-20
19.246,-20
19.251,-20
19.258,-20
19.264,-20
19.269,-20
19.275,-20
19.281,-20
19.288,-20
19.293,-20
19.299,-20
19.304,-20
19.31,-20
19.315,-20
19.321,-20
19.328,-20
19.333,-20
19.339,-20
19.344,-20
19.35,-20
19.355,-20
19.361,-20
19.366,-20
19.373,-20
19.378,-20
19.384,-20
19.389,-20
19.395,-20
19.4,-20
19.406,-20
19.411,-20
19.418,-20
19.424,-20
19.429,-20
19.435,-20
19.44,-20
19.446,-20
19.451,-20
19.458,-20
19.463,-20
19.469,-20
19.474,-20
19.48,-20
19.485,-20
19.491,-20
19.496,-20
19.503,-20
19.508,-20
19.514,-20
19.519,-20
19.525,-20
19.53,-20
19.536,-20
19.541,-20
19.548,-20
19.553,-20
19.559,-20
19.564,-20
19.57,-20
19.576,-20
19.581,-20
19.588,-20
19.593,-20
19.599,-20
19.604,-20
19.61,-20
19.616,-20
19.621,-20
19.628,-20
19.633,-20
19.639,-20
19.644,-20
19.65,-20
19.656,-20
19.661,-20
19.668,-20
19.673,-20
19.679,-20
19.684,-20
19.69,-20
19.696,-20
19.701,-20
19.708,-20
19.713,-20
19.719,-20
19.724,-20
19.73,-20
19.736,-20
19.741,-20
19.748,-20
19.753,-20
19.759,-20
19.764,-20
19.77,-20
19.776,-20
19.781,-20
19.788,-20
19.793,-20
19.799,-20
19.804,-20
19.81,-20
19.816,-20
19.821,-20
19.828,-20
19.834,-20
19.839,-20
19.845,-20
19.85,-20
19.856,-20
19.861,-20
19.868,-20
19.873,-20
19.879,-20
19.884,-20
19.89,-20
19.896,-20
19.901,-20
19.908,-20
19.913,-20
19.919,-20
19.924,-20
19.93,-20
19.936,-20
19.941,-20
19.948,-20
19.953,-20
19.959,-20
19.964,-20
19.97,-20
19.976,-20
19.981,-20
19.988,-20
19.993,-20
19.999,-20
20.004,-20
20.01,-20
20.016,20
20.021,20
20.028,20
20.034,20
20.04,20
20.046,20
20.051,20
20.058,20
20.064,20
20.069,20
20.075,20
20.08,20
20.086,20
20.091,20
20.098,20
20.104,20
20.109,20
20.115,20
20.121,20
20.127,20
20.133,20
20.138,20
20.144,20
20.149,20
20.155,20
20.16,20
20.166,20
20.171,20
20.178,20
20.183,20
20.189,20
20.194,20
20.2,20
20.205,20
20.211,20
20.216,20
20.223,20
20.228,20
20.234,20
20.239,20
20.245,20
20.25,20
20.256,20
20.261,20
20.268,20
20.273,20
20.279,20
20.284,20
20.29,20
20.296,20
20.301,20
20.308,20
20.313,20
20.319,20
20.324,20
20.33,20
20.336,20
20.341,20
20.348,20
20.353,20
20.359,20
20.364,20
20.37,20
20.376,20
20.381,20
20.388,20
20.393,20
20.399,20
20.404,20
20.41,20
20.416,20
20.421,20
20.427,20
20.433,20
20.438,20
20.444,20
20.449,20
20.455,20
20.461,20
20.466,20
20.473,20
20.478,20
20.484,20
20.489,20
20.495,20
20.5,20
20.506,20
20.513,20
20.518,20
20.524,20
20.529,20
20.535,20
20.54,20
20.546,20
20.553,20
20.559,20
20.565,20
20.571,20
20.576,20
20.583,20
20.588,20
20.594,20
20.599,20
20.605,20
20.611,20
20.616,20
20.621,20
20.628,20
20.633,20
20.639,20
20.644,20
20.65,20
20.656,20
20.661,20
20.668,20
20.673,20
20.679,20
20.684,20
20.69,20
20.696,20
20.701,20
20.708,20
20.713,20
20.719,20
20.724,20
20.73,20
20.736,20
20.741,20
20.748,20
20.753,20
20.759,20
20.764,20
20.77,20
20.776,20
20.781,20
20.788,20
20.793,20
20.799,20
20.804,20
20.81,20
20.816,20
20.821,20
20.828,20
20.834,20
20.84,20
20.846,20
20.851,20
20.856,20
20.863,20
20.869,20
20.874,20
20.88,20
20.886,20
20.891,20
20.898,20
20.904,20
20.909,20
20.915,20
20.92,20
20.926,20
20.931,20
20.938,20
20.944,20
20.949,20
20.955,20
20.96,20
20.966,20
20.971,20
20.978,20
20.984,20
20.989,20
20.994,20
21,20
21.005,20
21.011,20
21.016,20
21.023,20
21.028,20
21.034,20
21.039,20
21.045,20
21.05,20
21.056,20
21.061,20
21.068,20
21.073,20
21.079,20
21.084,20
21.09,20
21.096,20
21.101,20
21.108,20
21.113,20
21.119,20
21.124,20
21.13,20
21.136,20
21.141,20
21.148,20
21.153,20
21.159,20
21.164,20
21.17,20
21.176,20
21.181,20
21.188,20
21.194,20
21.199,20
21.205,20
21.21,20
21.216,20
21.221,20
21.228,20
21.233,20
21.239,20
21.244,20
21.25,20
21.256,20
21.261,20
21.268,20
21.273,20
21.28,20
21.285,20
21.291,20
21.296,20
21.303,20
21.308,20
21.314,20
21.319,20
21.325,20
21.33,20
21.336,20
21.341,20
21.348,20
21.353,20
21.359,20
21.364,20
21.37,20
21.376,20
21.381,20
21.388,20
21.393,20
21.399,20
21.404,20
21.41,20
21.416,20
21.421,20
21.428,20
21.433,20
21.439,20
21.444,20
21.45,20
21.456,20
21.461,20
21.468,20
21.473,20
21.479,20
21.484,20
21.49,20
21.496,20
21.501,20
21.508,20
21.513,20
21.52,20
21.525,20
21.531,20
21.536,20
21.543,20
21.548,20
21.554,20
21.56,20
21.565,20
21.571,20
21.576,20
21.583,20
21.588,20
21.594,20
21.599,20
21.605,20
21.61,20
21.616,20
21.621,20
21.628,20
21.634,20
21.64,20
21.646,20
21.651,20
21.658,20
21.664,20
21.669,20
21.675,20
21.68,20
21.686,20
21.691,20
21.698,20
21.704,20
21.709,20
21.715,20
21.72,20
21.726,20
21.732,20
21.738,20
21.744,20
21.749,20
21.755,20
21.76,20
21.766,20
21.771,20
21.778,20
21.784,20
21.789,20
21.795,20
21.8,20
21.806,20
21.811,20
21.818,20
21.824,20
21.829,20
21.835,20
21.84,20
21.846,20
21.851,20
21.858,20
21.864,20
21.869,20
21.875,20
21.88,20
21.886,20
21.891,20
21.898,20
21.904,20
21.909,20
21.915,20
21.92,20
21.926,20
21.931,20
21.938,20
21.943,20
21.949,20
21.954,20
21.96,20
21.965,20
21.971,20
21.976,20
21.983,20
21.988,20
21.994,20
22,20
22.005,20
22.011,20
22.016,20
22.023,20
22.028,20
22.034,20
22.04,20
22.045,20
22.051,20
22.056,20
22.062,20
22.068,20
22.074,20
22.08,20
22.085,20
22.091,20
22.096,20
22.102,20
22.108,20
22.113,20
22.119,20
22.124,20
22.13,20
22.136,20
22.141,20
22.148,20
22.153,20
22.159,20
22.164,20
22.17,20
22.176,20
22.181,20
22.188,20
22.193,20
22.199,20
22.204,20
22.21,20
22.216,20
22.221,20
22.228,20
22.233,20
22.239,20
22.244,20
22.25,20
22.256,20
22.261,20
22.268,20
22.273,20
22.279,20
22.284,20
22.29,20
22.296,20
22.303,20
22.308,20
22.314,20
22.32,20
22.325,20
22.331,20
22.336,20
22.343,20
22.348,20
22.354,20
22.36,20
22.365,20
22.371,20
22.376,20
22.383,20
22.388,20
22.394,20
22.4,20
22.405,20
22.411,20
22.416,20
22.423,20
22.429,20
22.435,20
22.44,20
22.446,20
22.451,20
22.458,20
22.464,20
22.469,20
22.475,20
22.48,20
22.486,20
22.491,20
22.498,20
22.504,20
22.51,20
22.515,20
22.521,20
22.528,20
22.533,20
22.539,20
22.544,20
22.55,20
22.555,20
22.561,20
22.566,20
22.573,20
22.578,20
22.584,20
22.589,20
22.595,20
22.6,20
22.606,20
22.611,20
22.618,20
22.624,20
22.629,20
22.635,20
22.64,20
22.646,20
22.651,20
22.658,20
22.663,20
22.669,20
22.674,20
22.68,20
22.685,20
22.691,20
22.696,20
22.703,20
22.708,20
22.714,20
22.72,20
22.725,20
22.731,20
22.736,20
22.743,20
22.748,20
22.754,20
22.76,20
22.765,20
22.771,20
22.776,20
22.782,20
22.788,20
22.794,20
22.8,20
22.805,20
22.811,20
22.816,20
22.823,20
22.828,20
22.834,20
22.84,20
22.845,20
22.851,20
22.856,20
22.862,20
22.868,20
22.874,20
22.88,20
22.885,20
22.891,20
22.896,20
22.903,20
22.908,20
22.914,20
22.92,20
22.925,20
22.931,20
22.936,20
22.943,20
22.948,20
22.954,20
22.96,20
22.965,20
22.971,20
22.976,20
22.982,20
22.988,20
22.994,20
23,20
23.005,20
23.011,20
23.016,20
23.023,20
23.028,20
23.034,20
23.04,20
23.045,20
23.051,20
23.056,20
23.063,20
23.068,20
23.074,20
23.08,20
23.085,20
23.091,20
23.096,20
23.102,20
23.108,20
23.114,20
23.12,20
23.125,20
23.131,20
23.136,20
23.142,20
23.148,20
23.154,20
23.16,20
23.165,20
23.171,20
23.176,20
23.183,20
23.188,20
23.194,20
23.2,20
23.205,20
23.211,20
23.216,20
23.222,20
23.228,20
23.234,20
23.24,20
23.245,20
23.251,20
23.257,20
23.263,20
23.269,20
23.274,20
23.28,20
23.286,20
23.291,20
23.298,20
23.304,20
23.309,20
23.315,20
23.32,20
23.329,20
23.334,20
23.34,20
23.345,20
23.351,20
23.356,20
23.363,20
23.368,20
23.374,20
23.379,20
23.385,20
23.391,20
23.396,20
23.403,20
23.408,20
23.414,20
23.419,20
23.425,20
23.43,20
23.436,20
23.441,20
23.448,20
23.453,20
23.459,20
23.464,20
23.47,20
23.475,20
23.481,20
23.487,20
23.493,20
23.499,20
23.504,20
23.51,20
23.515,20
23.521,20
23.526,20
23.533,20
23.538,20
23.544,20
23.549,20
23.555,20
23.56,20
23.566,20
23.571,20
23.578,20
23.584,20
23.589,20
23.595,20
23.6,20
23.606,20
23.611,20
23.618,20
23.623,20
23.629,20
23.634,20
23.64,20
23.645,20
23.651,20
23.656,20
23.663,20
23.668,20
23.674,20
23.68,20
23.685,20
23.691,20
23.696,20
23.702,20
23.708,20
23.714,20
23.72,20
23.725,20
23.731,20
23.736,20
23.743,20
23.748,20
23.754,20
23.76,20
23.765,20
23.771,20
23.776,20
23.782,20
23.788,20
23.794,20
23.8,20
23.805,20
23.811,20
23.816,20
23.822,20
23.828,20
23.834,20
23.84,20
23.845,20
23.851,20
23.856,20
23.862,20
23.868,20
23.874,20
23.881,20
23.887,20
23.893,20
23.899,20
23.904,20
23.91,20
23.915,20
23.921,20
23.926,20
23.933,20
23.938,20
23.944,20
23.949,20
23.955,20
23.96,20
23.966,20
23.971,20
23.978,20
23.984,20
23.989,20
23.995,20
24,20
24.006,20
24.011,20
24.018,20
24.023,20
24.029,20
24.035,20
24.04,20
24.046,20
24.051,20
24.058,20
24.064,20
24.069,20
24.075,20
24.08,20
24.086,20
24.091,20
24.098,20
24.104,20
24.109,20
24.115,20
24.12,20
24.126,20
24.131,20
24.138,20
24.144,20
24.149,20
24.155,20
24.16,20
24.166,20
24.171,20
24.178,20
24.184,20
24.189,20
24.195,20
24.2,20
24.206,20
24.211,20
24.218,20
24.224,20
24.229,20
24.235,20
24.24,20
24.246,20
24.251,20
24.258,20
24.264,20
24.269,20
24.275,20
24.28,20
24.286,20
24.291,20
24.298,20
24.304,20
24.309,20
24.315,20
24.32,20
24.326,20
24.331,20
24.338,20
24.343,20
24.349,20
24.354,20
24.36,20
24.365,20
24.371,20
24.376,20
24.382,20
24.388,20
24.394,20
24.4,20
24.405,20
24.411,20
24.416,20
24.422,20
24.428,20
24.434,20
24.44,20
24.445,20
24.451,20
24.456,20
24.463,20
24.468,20
24.474,20
24.48,20
24.485,20
24.491,20
24.496,20
24.502,20
24.508,20
24.514,20
24.52,20
24.525,20
24.532,20
24.538,20
24.544,20
24.549,20
24.555,20
24.56,20
24.566,20
24.571,20
24.578,20
24.584,20
24.589,20
24.595,20
24.6,20
24.606,20
24.611,20
24.618,20
24.624,20
24.629,20
24.635,20
24.64,20
24.646,20
24.651,20
24.658,20
24.664,20
24.669,20
24.675,20
24.68,20
24.686,20
24.691,20
24.698,20
24.704,20
24.71,20
24.716,20
24.721,20
24.727,20
24.733,20
24.739,20
24.744,20
24.75,20
24.755,20
24.761,20
24.767,20
24.773,20
24.779,20
24.784,20
24.79,20
24.795,20
24.801,20
24.806,20
24.812,20
24.818,20
24.824,20
24.829,20
24.835,20
24.84,20
24.846,20
24.852,20
24.858,20
24.864,20
24.87,20
24.875,20
24.881,20
24.889,20
24.895,20
24.901,20
24.906,20
24.913,20
24.919,20
24.924,20
24.93,20
24.936,20
24.941,20
24.947,20
24.953,20
24.959,20
24.964,20
24.97,20
24.976,20
24.981,20
24.987,20
24.993,20
24.999,20
25.004,20
25.01,20
25.016,20
25.021,-20
25.027,-20
25.033,-20
25.039,-20
25.044,-20
25.05,-20
25.056,-20
25.061,-20
25.068,-20
25.073,-20
25.079,-20
25.084,-20
25.09,-20
25.096,-20
25.101,-20
25.108,-20
25.113,-20
25.119,-20
25.124,-20
25.13,-20
25.136,-20
25.141,-20
25.148,-20
25.153,-20
25.159,-20
25.164,-20
25.17,-20
25.176,-20
25.181,-20
25.188,-20
25.193,-20
25.199,-20
25.204,-20
25.21,-20
25.216,-20
25.221,-20
25.227,-20
25.233,-20
25.239,-20
25.244,-20
25.25,-20
25.256,-20
25.261,-20
25.267,-20
25.273,-20
25.279,-20
25.284,-20
25.29,-20
25.296,-20
25.301,-20
25.307,-20
25.313,-20
25.319,-20
25.324,-20
25.33,-20
25.336,-20
25.341,-20
25.347,-20
25.353,-20
25.359,-20
25.364,-20
25.37,-20
25.376,-20
25.381,-20
25.387,-20
25.393,-20
25.399,-20
25.404,-20
25.41,-20
25.416,-20
25.421,-20
25.427,-20
25.433,-20
25.439,-20
25.444,-20
25.45,-20
25.456,-20
25.461,-20
25.467,-20
25.473,-20
25.479,-20
25.484,-20
25.49,-20
25.496,-20
25.501,-20
25.507,-20
25.513,-20
25.519,-20
25.524,-20
25.53,-20
25.536,-20
25.541,-20
25.547,-20
25.553,-20
25.559,-20
25.564,-20
25.57,-20
25.576,-20
25.581,-20
25.587,-20
25.593,-20
25.599,-20
25.604,-20
25.61,-20
25.668,-20
25.674,-20
25.68,-20
25.686,-20
25.691,-20
25.697,-20
25.704,-20
25.709,-20
25.715,-20
25.72,-20
25.726,-20
25.731,-20
25.738,-20
25.744,-20
25.749,-20
25.755,-20
25.76,-20
25.766,-20
25.771,-20
25.778,-20
25.784,-20
25.789,-20
25.795,-20
25.8,-20
25.806,-20
25.811,-20
25.817,-20
25.824,-20
25.829,-20
25.835,-20
25.84,-20
25.846,-20
25.851,-20
25.858,-20
25.864,-20
25.869,-20
25.875,-20
25.88,-20
25.886,-20
25.891,-20
25.898,-20
25.904,-20
25.909,-20
25.915,-20
25.92,-20
25.926,-20
25.931,-20
25.938,-20
25.944,-20
25.949,-20
25.955,-20
25.96,-20
25.966,-20
25.971,-20
25.978,-20
25.984,-20
25.989,-20
25.995,-20
26,-20
26.006,-20
26.011,-20
26.018,-20
26.024,-20
26.029,-20
26.035,-20
26.04,-20
26.046,-20
26.051,-20
26.058,-20
26.064,-20
26.069,-20
26.075,-20
26.08,-20
26.086,-20
26.091,-20
26.097,-20
26.104,-20
26.109,-20
26.115,-20
26.12,-20
26.126,-20
26.131,-20
26.138,-20
26.144,-20
26.149,-20
26.155,-20
26.16,-20
26.166,-20
26.171,-20
26.178,-20
26.184,-20
26.189,-20
26.195,-20
26.2,-20
26.206,-20
26.211,-20
26.218,-20
26.224,-20
26.229,-20
26.235,-20
26.24,-20
26.246,-20
26.251,-20
26.258,-20
26.264,-20
26.269,-20
26.275,-20
26.28,-20
26.286,-20
26.291,-20
26.297,-20
26.304,-20
26.309,-20
26.315,-20
26.32,-20
26.326,-20
26.331,-20
26.338,-20
26.344,-20
26.349,-20
26.355,-20
26.36,-20
26.366,-20
26.371,-20
26.377,-20
26.384,-20
26.389,-20
26.395,-20
26.4,-20
26.406,-20
26.411,-20
26.418,-20
26.424,-20
26.429,-20
26.435,-20
26.44,-20
26.446,-20
26.451,-20
26.459,-20
26.464,-20
26.47,-20
26.475,-20
26.481,-20
26.486,-20
26.493,-20
26.498,-20
26.504,-20
26.51,-20
26.515,-20
26.521,-20
26.528,-20
26.533,-20
26.539,-20
26.544,-20
26.55,-20
26.556,-20
26.561,-20
26.567,-20
26.573,-20
26.579,-20
26.584,-20
26.59,-20
26.595,-20
26.601,-20
26.607,-20
26.613,-20
26.619,-20
26.624,-20
26.63,-20
26.635,-20
26.641,-20
26.646,-20
26.652,-20
26.658,-20
26.664,-20
26.669,-20
26.675,-20
26.68,-20
26.686,-20
26.691,-20
26.697,-20
26.704,-20
26.709,-20
26.715,-20
26.72,-20
26.726,-20
26.731,-20
26.737,-20
26.744,-20
26.749,-20
26.755,-20
26.76,-20
26.766,-20
26.771,-20
26.778,-20
26.784,-20
26.789,-20
26.795,-20
26.8,-20
26.806,-20
26.811,-20
26.817,-20
26.824,-20
26.829,-20
26.835,-20
26.84,-20
26.846,-20
26.851,-20
26.857,-20
26.864,-20
26.869,-20
26.875,-20
26.88,-20
26.886,-20
26.891,-20
26.898,-20
26.904,-20
26.909,-20
26.915,-20
26.92,-20
26.926,-20
26.931,-20
26.938,-20
26.944,-20
26.949,-20
26.955,-20
26.96,-20
26.966,-20
26.971,-20
26.978,-20
26.984,-20
26.989,-20
26.995,-20
27,-20
27.006,-20
27.011,-20
27.018,-20
27.024,-20
27.029,-20
27.035,-20
27.04,-20
27.046,-20
27.051,-20
27.058,-20
27.064,-20
27.069,-20
27.075,-20
27.08,-20
27.086,-20
27.091,-20
27.097,-20
27.104,-20
27.109,-20
27.115,-20
27.12,-20
27.126,-20
27.131,-20
27.137,-20
27.144,-20
27.149,-20
27.155,-20
27.16,-20
27.166,-20
27.171,-20
27.177,-20
27.184,-20
27.189,-20
27.195,-20
27.2,-20
27.206,-20
27.211,-20
27.218,-20
27.224,-20
27.23,-20
27.235,-20
27.241,-20
27.246,-20
27.252,-20
27.258,-20
27.264,-20
27.27,-20
27.275,-20
27.281,-20
27.286,-20
27.293,-20
27.299,-20
27.304,-20
27.31,-20
27.315,-20
27.321,-20
27.328,-20
27.333,-20
27.339,-20
27.344,-20
27.35,-20
27.355,-20
27.361,-20
27.367,-20
27.373,-20
27.379,-20
27.384,-20
27.39,-20
27.395,-20
27.401,-20
27.407,-20
27.413,-20
27.419,-20
27.424,-20
27.43,-20
27.435,-20
27.441,-20
27.446,-20
27.453,-20
27.458,-20
27.464,-20
27.469,-20
27.475,-20
27.48,-20
27.486,-20
27.491,-20
27.498,-20
27.504,-20
27.509,-20
27.515,-20
27.52,-20
27.526,-20
27.531,-20
27.537,-20
27.544,-20
27.549,-20
27.555,-20
27.56,-20
27.566,-20
27.571,-20
27.577,-20
27.584,-20
27.589,-20
27.595,-20
27.6,-20
27.606,-20
27.611,-20
27.618,-20
27.624,-20
27.629,-20
27.635,-20
27.64,-20
27.646,-20
27.651,-20
27.657,-20
27.664,-20
27.669,-20
27.675,-20
27.68,-20
27.686,-20
27.691,-20
27.698,-20
27.704,-20
27.709,-20
27.715,-20
27.72,-20
27.726,-20
27.731,-20
27.737,-20
27.744,-20
27.749,-20
27.755,-20
27.76,-20
27.766,-20
27.773,-20
27.778,-20
27.784,-20
27.789,-20
27.795,-20
27.8,-20
27.806,-20
27.811,-20
27.817,-20
27.824,-20
27.829,-20
27.835,-20
27.84,-20
27.846,-20
27.851,-20
27.858,-20
27.864,-20
27.869,-20
27.875,-20
27.88,-20
27.886,-20
27.891,-20
27.897,-20
27.904,-20
27.909,-20
27.915,-20
27.92,-20
27.926,-20
27.931,-20
27.938,-20
27.944,-20
27.949,-20
27.955,-20
27.96,-20
27.966,-20
27.971,-20
27.977,-20
27.984,-20
27.989,-20
27.995,-20
28,-20
28.006,-20
28.011,-20
28.017,-20
28.024,-20
28.029,-20
28.035,-20
28.04,-20
28.046,-20
28.051,-20
28.057,-20
28.064,-20
28.07,-20
28.075,-20
28.081,-20
28.086,-20
28.093,-20
28.099,-20
28.104,-20
28.11,-20
28.115,-20
28.121,-20
28.128,-20
28.133,-20
28.139,-20
28.144,-20
28.15,-20
28.156,-20
28.161,-20
28.167,-20
28.173,-20
28.179,-20
28.184,-20
28.19,-20
28.195,-20
28.201,-20
28.207,-20
28.213,-20
28.219,-20
28.224,-20
28.23,-20
28.235,-20
28.241,-20
28.247,-20
28.253,-20
28.258,-20
28.264,-20
28.269,-20
28.275,-20
28.28,-20
28.286,-20
28.291,-20
28.297,-20
28.304,-20
28.309,-20
28.315,-20
28.32,-20
28.326,-20
28.331,-20
28.337,-20
28.344,-20
28.349,-20
28.355,-20
28.36,-20
28.366,-20
28.371,-20
28.377,-20
28.384,-20
28.389,-20
28.395,-20
28.4,-20
28.406,-20
28.411,-20
28.417,-20
28.424,-20
28.429,-20
28.435,-20
28.44,-20
28.446,-20
28.451,-20
28.457,-20
28.464,-20
28.469,-20
28.475,-20
28.48,-20
28.486,-20
28.491,-20
28.498,-20
28.504,-20
28.509,-20
28.515,-20
28.52,-20
28.526,-20
28.531,-20
28.537,-20
28.544,-20
28.549,-20
28.555,-20
28.56,-20
28.566,-20
28.571,-20
28.577,-20
28.584,-20
28.589,-20
28.595,-20
28.6,-20
28.606,-20
28.611,-20
28.617,-20
28.624,-20
28.629,-20
28.635,-20
28.64,-20
28.646,-20
28.651,-20
28.657,-20
28.664,-20
28.669,-20
28.675,-20
28.68,-20
28.686,-20
28.691,-20
28.697,-20
28.704,-20
28.709,-20
28.715,-20
28.72,-20
28.726,-20
28.731,-20
28.737,-20
28.744,-20
28.749,-20
28.755,-20
28.76,-20
28.766,-20
28.771,-20
28.777,-20
28.784,-20
28.789,-20
28.795,-20
28.8,-20
28.806,-20
28.811,-20
28.818,-20
28.824,-20
28.829,-20
28.835,-20
28.84,-20
28.846,-20
28.851,-20
28.857,-20
28.864,-20
28.869,-20
28.875,-20
28.88,-20
28.886,-20
28.891,-20
28.897,-20
28.904,-20
28.909,-20
28.916,-20
28.922,-20
28.928,-20
28.933,-20
28.939,-20
28.944,-20
28.95,-20
28.956,-20
28.961,-20
28.967,-20
28.973,-20
28.979,-20
28.984,-20
28.99,-20
28.996,-20
29.002,-20
29.008,-20
29.013,-20
29.019,-20
29.024,-20
29.03,-20
29.036,-20
29.041,-20
29.047,-20
29.053,-20
29.059,-20
29.064,-20
29.07,-20
29.076,-20
29.082,-20
29.088,-20
29.093,-20
29.1,-20
29.105,-20
29.111,-20
29.116,-20
29.122,-20
29.129,-20
29.135,-20
29.141,-20
29.146,-20
29.153,-20
29.158,-20
29.164,-20
29.169,-20
29.175,-20
29.181,-20
29.186,-20
29.193,-20
29.199,-20
29.204,-20
29.21,-20
29.216,-20
29.221,-20
29.228,-20
29.233,-20
29.239,-20
29.245,-20
29.251,-20
29.256,-20
29.261,-20
29.267,-20
29.274,-20
29.279,-20
29.285,-20
29.29,-20
29.296,-20
29.302,-20
29.308,-20
29.314,-20
29.32,-20
29.325,-20
29.331,-20
29.337,-20
29.344,-20
29.349,-20
29.355,-20
29.36,-20
29.366,-20
29.371,-20
29.377,-20
29.384,-20
29.389,-20
29.395,-20
29.4,-20
29.406,-20
29.411,-20
29.418,-20
29.424,-20
29.429,-20
29.435,-20
29.44,-20
29.446,-20
29.451,-20
29.458,-20
29.464,-20
29.472,-20
29.478,-20
29.483,-20
29.489,-20
29.495,-20
29.5,-20
29.506,-20
29.512,-20
29.519,-20
29.524,-20
29.53,-20
29.536,-20
29.541,-20
29.548,-20
29.553,-20
29.559,-20
29.565,-20
29.57,-20
29.576,-20
29.582,-20
29.588,-20
29.594,-20
29.6,-20
29.605,-20
29.611,-20
29.616,-20
29.622,-20
29.628,-20
29.634,-20
29.64,-20
29.645,-20
29.651,-20
29.656,-20
29.662,-20
29.668,-20
29.674,-20
29.68,-20
29.685,-20
29.691,-20
29.696,-20
29.702,-20
29.708,-20
29.714,-20
29.72,-20
29.725,-20
29.731,-20
29.736,-20
29.742,-20
29.748,-20
29.754,-20
29.76,-20
29.765,-20
29.771,-20
29.776,-20
29.782,-20
29.788,-20
29.794,-20
29.8,-20
29.805,-20
29.811,-20
29.816,-20
29.822,-20
29.828,-20
29.834,-20
29.84,-20
29.845,-20
29.851,-20
29.856,-20
29.862,-20
29.868,-20
29.874,-20
29.88,-20
29.885,-20
29.891,-20
29.896,-20
29.902,-20
29.908,-20
29.914,-20
29.92,-20
29.925,-20
29.931,-20
29.936,-20
29.942,-20
29.948,-20
29.954,-20
29.96,-20
29.965,-20
29.971,-20
29.976,-20
29.982,-20
29.988,-20
29.994,-20
30,-20
30.005,-20
30.011,-20
30.016,-20
30.022,20
30.028,20
30.034,20
30.04,20
30.045,20
30.051,20
30.056,20
30.062,20
30.068,20
30.074,20
30.08,20
30.085,20
30.091,20
30.096,20
30.102,20
30.108,20
30.114,20
30.12,20
30.125,20
30.131,20
30.136,20
30.142,20
30.148,20
30.154,20
30.16,20
30.165,20
30.171,20
30.176,20
30.182,20
30.188,20
30.194,20
30.2,20
30.205,20
30.211,20
30.216,20
30.222,20
30.228,20
30.234,20
30.24,20
30.245,20
30.251,20
30.256,20
30.262,20
30.268,20
30.274,20
30.28,20
30.285,20
30.291,20
30.297,20
30.303,20
30.308,20
30.314,20
30.32,20
30.325,20
30.331,20
30.337,20
30.343,20
30.348,20
30.354,20
30.36,20
30.365,20
30.371,20
30.377,20
30.384,20
30.389,20
30.395,20
30.4,20
30.406,20
30.411,20
30.417,20
30.424,20
30.429,20
30.435,20
30.44,20
30.446,20
30.451,20
30.457,20
30.464,20
30.469,20
30.475,20
30.48,20
30.486,20
30.491,20
30.497,20
30.503,20
30.509,20
30.514,20
30.52,20
30.525,20
30.531,20
30.536,20
30.542,20
30.548,20
30.554,20
30.56,20
30.565,20
30.571,20
30.576,20
30.582,20
30.588,20
30.594,20
30.6,20
30.605,20
30.611,20
30.616,20
30.622,20
30.628,20
30.634,20
30.64,20
30.645,20
30.651,20
30.656,20
30.662,20
30.668,20
30.674,20
30.68,20
30.69,20
30.696,20
30.701,20
30.707,20
30.713,20
30.719,20
30.724,20
30.73,20
30.736,20
30.743,20
30.748,20
30.754,20
30.76,20
30.765,20
30.771,20
30.776,20
30.782,20
30.789,20
30.795,20
30.8,20
30.806,20
30.811,20
30.819,20
30.824,20
30.83,20
30.835,20
30.841,20
30.847,20
30.853,20
30.859,20
30.864,20
30.87,20
30.875,20
30.881,20
30.886,20
30.892,20
30.899,20
30.904,20
30.91,20
30.915,20
30.921,20
30.927,20
30.933,20
30.939,20
30.944,20
30.95,20
30.955,20
30.961,20
30.966,20
30.972,20
30.978,20
30.984,20
30.989,20
30.995,20
31,20
31.006,20
31.011,20
31.019,20
31.024,20
31.03,20
31.035,20
31.041,20
31.046,20
31.052,20
31.058,20
31.064,20
31.07,20
31.075,20
31.08,20
31.086,20
31.092,20
31.099,20
31.104,20
31.11,20
31.115,20
31.121,20
31.126,20
31.132,20
31.138,20
31.144,20
31.15,20
31.155,20
31.161,20
31.167,20
31.173,20
31.179,20
31.184,20
31.19,20
31.195,20
31.201,20
31.206,20
31.212,20
31.218,20
31.224,20
31.229,20
31.235,20
31.24,20
31.246,20
31.251,20
31.257,20
31.264,20
31.269,20
31.275,20
31.28,20
31.286,20
31.291,20
31.297,20
31.304,20
31.309,20
31.315,20
31.32,20
31.326,20
31.332,20
31.338,20
31.344,20
31.35,20
31.355,20
31.361,20
31.366,20
31.372,20
31.379,20
31.384,20
31.39,20
31.395,20
31.401,20
31.407,20
31.413,20
31.418,20
31.424,20
31.429,20
31.435,20
31.44,20
31.446,20
31.451,20
31.457,20
31.464,20
31.469,20
31.475,20
31.48,20
31.486,20
31.491,20
31.497,20
31.504,20
31.51,20
31.515,20
31.52,20
31.526,20
31.531,20
31.537,20
31.544,20
31.549,20
31.555,20
31.56,20
31.566,20
31.571,20
31.577,20
31.584,20
31.589,20
31.595,20
31.6,20
31.606,20
31.611,20
31.617,20
31.623,20
31.628,20
31.634,20
31.64,20
31.645,20
31.651,20
31.656,20
31.662,20
31.668,20
31.674,20
31.68,20
31.685,20
31.691,20
31.696,20
31.702,20
31.708,20
31.714,20
31.72,20
31.725,20
31.731,20
31.736,20
31.742,20
31.749,20
31.755,20
31.76,20
31.766,20
31.771,20
31.777,20
31.783,20
31.788,20
31.794,20
31.8,20
31.805,20
31.811,20
31.816,20
31.822,20
31.828,20
31.834,20
31.839,20
31.845,20
31.85,20
31.856,20
31.861,20
31.867,20
31.873,20
31.879,20
31.885,20
31.89,20
31.896,20
31.901,20
31.907,20
31.914,20
31.919,20
31.925,20
31.93,20
31.936,20
31.942,20
31.948,20
31.954,20
31.96,20
31.965,20
31.971,20
31.977,20
31.983,20
31.989,20
31.994,20
32,20
32.005,20
32.011,20
32.016,20
32.022,20
32.028,20
32.034,20
32.04,20
32.045,20
32.051,20
32.056,20
32.062,20
32.068,20
32.074,20
32.08,20
32.085,20
32.091,20
32.096,20
32.102,20
32.108,20
32.114,20
32.12,20
32.125,20
32.131,20
32.136,20
32.142,20
32.148,20
32.154,20
32.16,20
32.165,20
32.171,20
32.176,20
32.182,20
32.188,20
32.194,20
32.2,20
32.205,20
32.211,20
32.216,20
32.222,20
32.228,20
32.234,20
32.24,20
32.245,20
32.251,20
32.256,20
32.262,20
32.268,20
32.274,20
32.28,20
32.285,20
32.291,20
32.296,20
32.302,20
32.308,20
32.314,20
32.32,20
32.325,20
32.331,20
32.336,20
32.342,20
32.348,20
32.355,20
32.36,20
32.366,20
32.371,20
32.377,20
32.384,20
32.39,20
32.395,20
32.4,20
32.406,20
32.411,20
32.417,20
32.424,20
32.429,20
32.435,20
32.44,20
32.446,20
32.451,20
32.457,20
32.464,20
32.469,20
32.475,20
32.48,20
32.486,20
32.491,20
32.497,20
32.504,20
32.509,20
32.515,20
32.52,20
32.526,20
32.531,20
32.537,20
32.544,20
32.549,20
32.555,20
32.56,20
32.566,20
32.571,20
32.577,20
32.583,20
32.589,20
32.594,20
32.6,20
32.605,20
32.611,20
32.616,20
32.622,20
32.628,20
32.634,20
32.64,20
32.645,20
32.651,20
32.656,20
32.662,20
32.668,20
32.674,20
32.68,20
32.685,20
32.691,20
32.696,20
32.703,20
32.709,20
32.714,20
32.72,20
32.726,20
32.731,20
32.737,20
32.744,20
32.75,20
32.755,20
32.761,20
32.767,20
32.773,20
32.779,20
32.784,20
32.79,20
32.795,20
32.801,20
32.806,20
32.812,20
32.818,20
32.824,20
32.83,20
32.835,20
32.841,20
32.846,20
32.851,20
32.857,20
32.864,20
32.87,20
32.875,20
32.88,20
32.886,20
32.891,20
32.897,20
32.904,20
32.909,20
32.915,20
32.92,20
32.926,20
32.931,20
32.937,20
32.944,20
32.949,20
32.955,20
32.96,20
32.966,20
32.971,20
32.977,20
32.984,20
32.989,20
32.995,20
33,20
33.006,20
33.011,20
33.017,20
33.024,20
33.029,20
33.035,20
33.04,20
33.046,20
33.051,20
33.057,20
33.064,20
33.069,20
33.075,20
33.08,20
33.086,20
33.091,20
33.097,20
33.104,20
33.11,20
33.115,20
33.121,20
33.126,20
33.131,20
33.137,20
33.144,20
33.149,20