time,value
1.4e-05,100
0.007794,100
0.0135,100
0.018967,100
0.024696,100
0.030193,100
0.035672,100
0.04276,100
0.048845,100
0.054655,100
0.0602,100
0.066051,100
0.072805,100
0.078466,100.01
0.083896,100.01
0.08971,100.01
0.095198,100.02
0.10086,100.02
0.10752,100.04
0.11296,100.05
0.1186,100.06
0.12402,100.08
0.12976,100.09
0.1352,100.11
0.14061,100.13
0.14603,100.17
0.15257,100.2
0.15803,100.22
0.16359,100.25
0.16901,100.29
0.17494,100.32
0.18055,100.36
0.18598,100.43
0.19266,100.48
0.19851,100.52
0.20394,100.56
0.20966,100.61
0.21521,100.65
0.22076,100.7
0.22694,100.79
0.23257,100.84
0.238,100.89
0.24363,100.94
0.24919,100.99
0.25497,101.04
0.26062,101.09
0.26605,101.19
0.27266,101.24
0.27873,101.29
0.28417,101.34
0.28976,101.39
0.2952,101.44
0.30075,101.49
0.30694,101.59
0.31257,101.64
0.31804,101.69
0.32362,101.74
0.32904,101.79
0.33495,101.84
0.34064,101.89
0.34701,101.99
0.35267,102.04
0.35857,102.09
0.364,102.14
0.36975,102.19
0.3752,102.24
0.38061,102.29
0.38602,102.39
0.39255,102.44
0.3982,102.49
0.40362,102.54
0.40906,102.59
0.41494,102.64
0.42064,102.69
0.42722,102.79
0.43267,102.84
0.43858,102.89
0.44401,102.94
0.44976,102.99
0.4552,103.04
0.46076,103.09
0.46695,103.19
0.47258,103.24
0.47801,103.29
0.48367,103.34
0.48941,103.39
0.49519,103.44
0.50074,103.49
0.50699,103.59
0.51267,103.64
0.5182,103.69
0.52362,103.74
0.52927,103.79
0.53495,103.84
0.54062,103.89
0.54604,103.99
0.55258,104.04
0.55805,104.09
0.56362,104.14
0.56905,104.19
0.57496,104.24
0.58068,104.29
0.58698,104.39
0.59266,104.44
0.59855,104.49
0.60399,104.54
0.60966,104.59
0.61522,104.64
0.62078,104.69
0.62695,104.79
0.63258,104.84
0.63804,104.89
0.64362,104.94
0.64905,104.99
0.65495,105.04
0.66066,105.09
0.66699,105.19
0.67266,105.24
0.67819,105.29
0.68362,105.34
0.68927,105.39
0.69496,105.44
0.70066,105.49
0.70697,105.59
0.71258,105.64
0.71804,105.69
0.72362,105.74
0.72903,105.79
0.73456,105.84
0.73999,105.89
0.74565,105.94
0.75192,106.04
0.75761,106.09
0.76304,106.14
0.76892,106.19
0.77489,106.24
0.78084,106.34
0.78756,106.39
0.79302,106.44
0.79886,106.49
0.80455,106.54
0.81002,106.59
0.81567,106.64
0.82202,106.74
0.82768,106.79
0.83332,106.84
0.83905,106.89
0.84481,106.94
0.85047,106.99
0.85591,107.09
0.86289,107.14
0.86865,107.19
0.8742,107.24
0.87984,107.29
0.88544,107.34
0.89097,107.44
0.89766,107.49
0.90319,107.54
0.90861,107.59
0.91404,107.64
0.91968,107.69
0.92518,107.74
0.93058,107.79
0.936,107.89
0.94259,107.94
0.94802,107.99
0.95367,108.04
0.95923,108.09
0.96466,108.14
0.97022,108.19
0.97576,108.24
0.98191,108.34
0.98757,108.39
0.993,108.44
0.9986,108.49
1.004,108.54
1.0098,108.59
1.0152,108.64
1.0208,108.69
1.0269,108.79
1.0326,108.84
1.038,108.89
1.0436,108.94
1.049,108.99
1.0548,109.04
1.0602,109.09
1.0657,109.14
1.0719,109.24
1.0776,109.29
1.083,109.34
1.0887,109.39
1.0945,109.44
1.0999,109.49
1.1057,109.54
1.1119,109.64
1.1175,109.69
1.1229,109.74
1.1286,109.79
1.134,109.84
1.1397,109.89
1.1452,109.94
1.152,110.04
1.1576,110.09
1.163,110.14
1.1687,110.19
1.1745,110.24
1.18,110.29
1.1857,110.34
1.1919,110.44
1.1975,110.49
1.203,110.54
1.2086,110.59
1.214,110.64
1.2196,110.69
1.2252,110.74
1.231,110.84
1.2376,110.89
1.243,110.94
1.2487,110.99
1.2543,111.04
1.2597,111.08
1.2652,111.13
1.271,111.23
1.2776,111.28
1.283,111.33
1.2887,111.38
1.2943,111.43
1.2997,111.48
1.3052,111.53
1.311,111.63
1.3176,111.68
1.323,111.73
1.3287,111.78
1.3343,111.83
1.3397,111.88
1.3452,111.93
1.351,112.03
1.3576,112.08
1.363,112.13
1.3687,112.18
1.3742,112.23
1.3797,112.28
1.3852,112.33
1.391,112.43
1.3976,112.48
1.403,112.53
1.4088,112.58
1.4143,112.63
1.4198,112.68
1.4252,112.73
1.431,112.83
1.4376,112.88
1.443,112.93
1.4487,112.98
1.4542,113.03
1.4596,113.08
1.4652,113.13
1.471,113.23
1.4776,113.28
1.483,113.33
1.4888,113.38
1.4944,113.43
1.4998,113.48
1.5054,113.53
1.512,113.63
1.5176,113.68
1.523,113.73
1.5286,113.78
1.534,113.83
1.5396,113.88
1.5452,113.93
1.5506,113.98
1.556,114.08
1.5626,114.13
1.568,114.18
1.5736,114.23
1.579,114.28
1.5848,114.33
1.5905,114.38
1.597,114.48
1.6027,114.53
1.6083,114.58
1.6137,114.63
1.6192,114.68
1.6248,114.73
1.6307,114.78
1.637,114.88
1.6427,114.93
1.6482,114.98
1.6542,115.03
1.6598,115.08
1.6657,115.18
1.6725,115.23
1.678,115.28
1.6836,115.33
1.6892,115.38
1.695,115.43
1.7006,115.48
1.706,115.58
1.7127,115.63
1.7182,115.68
1.7236,115.73
1.729,115.78
1.7349,115.83
1.7405,115.88
1.7459,115.98
1.7525,116.03
1.7579,116.08
1.7636,116.13
1.769,116.18
1.7749,116.23
1.7805,116.28
1.7872,116.38
1.7928,116.43
1.7985,116.48
1.8039,116.53
1.8097,116.58
1.8152,116.63
1.8208,116.68
1.8269,116.78
1.8326,116.83
1.8382,116.88
1.8436,116.93
1.849,116.98
1.8549,117.03
1.8605,117.08
1.866,117.18
1.8727,117.23
1.8782,117.28
1.8836,117.33
1.8893,117.38
1.8949,117.43
1.9005,117.48
1.9059,117.58
1.9125,117.63
1.918,117.68
1.9236,117.73
1.929,117.78
1.9349,117.83
1.9405,117.88
1.946,117.98
1.9527,118.03
1.9582,118.08
1.9636,118.13
1.969,118.18
1.9749,118.23
1.9805,118.28
1.9859,118.38
1.9925,118.43
1.9979,118.48
2.0036,118.53
2.009,118.58
2.0149,118.63
2.0205,118.68
2.026,118.78
2.0327,118.83
2.0382,118.88
2.0436,118.93
2.0492,118.98
2.055,119.03
2.0607,119.08
2.067,119.18
2.0726,119.23
2.078,119.28
2.0837,119.33
2.0892,119.38
2.095,119.43
2.1007,119.48
2.107,119.58
2.1127,119.63
2.1184,119.68
2.1238,119.73
2.1293,119.78
2.1352,119.83
2.1407,119.88
2.1469,119.98
2.1526,120.03
2.158,120.08
2.1636,120.13
2.169,120.18
2.1749,120.23
2.1805,120.28
2.186,120.38
2.1927,120.43
2.1982,120.48
2.2037,120.53
2.2093,120.58
2.215,120.63
2.2207,120.68
2.227,120.78
2.2326,120.83
2.238,120.88
2.2436,120.93
2.249,120.98
2.2549,121.03
2.2605,121.08
2.266,121.18
2.2727,121.23
2.2785,121.28
2.2839,121.33
2.2897,121.38
2.2952,121.43
2.3008,121.48
2.3069,121.58
2.3126,121.63
2.318,121.68
2.3236,121.73
2.329,121.78
2.3349,121.83
2.3406,121.88
2.346,121.98
2.3527,122.03
2.3586,122.08
2.364,122.13
2.3697,122.18
2.3752,122.23
2.3807,122.28
2.387,122.38
2.3929,122.43
2.3988,122.48
2.4045,122.53
2.4099,122.58
2.4156,122.63
2.4222,122.73
2.4277,122.78
2.4332,122.83
2.439,122.88
2.4447,122.93
2.4502,122.98
2.4557,123.03
2.462,123.13
2.4677,123.18
2.4732,123.23
2.479,123.28
2.4846,123.33
2.49,123.38
2.4957,123.43
2.5022,123.53
2.5077,123.58
2.5132,123.63
2.5192,123.68
2.5248,123.73
2.5302,123.78
2.5357,123.83
2.542,123.93
2.5477,123.98
2.5532,124.03
2.5592,124.08
2.5648,124.13
2.5705,124.18
2.5759,124.28
2.5826,124.33
2.5882,124.38
2.5938,124.43
2.5995,124.48
2.605,124.53
2.6107,124.58
2.6173,124.68
2.623,124.73
2.6288,124.78
2.6342,124.83
2.6398,124.88
2.6482,124.98
2.6537,125.03
2.6592,125.08
2.6648,125.13
2.6704,125.18
2.676,125.28
2.6826,125.33
2.6882,125.38
2.6943,125.43
2.6997,125.48
2.7052,125.53
2.711,125.63
2.7176,125.68
2.723,125.73
2.7287,125.78
2.7342,125.83
2.7396,125.88
2.7452,125.93
2.7506,125.98
2.756,126.08
2.7626,126.13
2.768,126.18
2.7736,126.23
2.779,126.28
2.7847,126.33
2.7906,126.38
2.796,126.48
2.8026,126.53
2.808,126.58
2.8136,126.63
2.819,126.68
2.8247,126.73
2.8302,126.78
2.8356,126.83
2.842,126.93
2.8476,126.98
2.853,127.03
2.8587,127.08
2.8643,127.13
2.87,127.18
2.8756,127.23
2.881,127.33
2.8875,127.38
2.893,127.43
2.8986,127.48
2.904,127.53
2.9097,127.58
2.9152,127.63
2.9207,127.68
2.9269,127.78
2.9325,127.83
2.938,127.88
2.9436,127.93
2.949,127.98
2.9547,128.03
2.9602,128.08
2.966,128.18
2.9726,128.23
2.978,128.28
2.9836,128.33
2.9892,128.38
2.9947,128.43
3.0002,128.48
3.0057,128.53
3.0119,128.63
3.0177,128.68
3.0232,128.73
3.0286,128.78
3.034,128.83
3.0397,128.88
3.0452,128.93
3.0506,128.98
3.057,129.08
3.0626,129.13
3.068,129.17
3.0737,129.22
3.0793,129.26
3.0847,129.31
3.0902,129.35
3.0957,129.39
3.1019,129.46
3.1076,129.49
3.1207,129.57
3.1275,129.59
3.1338,129.6
3.1392,129.61
3.1448,129.62
3.1502,129.62
3.1557,129.61
3.162,129.59
3.1676,129.58
3.1732,129.56
3.1786,129.53
3.184,129.5
3.19,129.47
3.1957,129.44
3.202,129.36
3.2076,129.32
3.213,129.28
3.2186,129.24
3.2242,129.19
3.2297,129.14
3.2352,129.1
3.2407,129.05
3.247,128.95
3.2526,128.9
3.2582,128.85
3.2637,128.8
3.2692,128.75
3.2747,128.7
3.2802,128.65
3.2856,128.6
3.291,128.5
3.2977,128.45
3.3032,128.4
3.3087,128.35
3.3142,128.3
3.3197,128.25
3.3252,128.2
3.3307,128.15
3.337,128.05
3.3428,128
3.3485,127.95
3.3539,127.9
3.3596,127.85
3.3652,127.8
3.3706,127.75
3.3772,127.65
3.3829,127.6
3.3885,127.55
3.394,127.5
3.3996,127.45
3.405,127.4
3.4107,127.35
3.4172,127.25
3.423,127.2
3.4288,127.15
3.4342,127.1
3.4397,127.05
3.4452,127
3.4507,126.95
3.4577,126.85
3.4632,126.8
3.4688,126.75
3.4745,126.7
3.4802,126.65
3.4857,126.6
3.492,126.5
3.4978,126.45
3.5034,126.4
3.5089,126.35
3.5146,126.3
3.5202,126.25
3.527,126.15
3.5327,126.1
3.5382,126.05
3.5438,126
3.5492,125.95
3.5548,125.9
3.5605,125.85
3.5672,125.75
3.5727,125.7
3.5782,125.65
3.5838,125.6
3.5895,125.55
3.5949,125.5
3.6009,125.4
3.6077,125.35
3.6132,125.3
3.6187,125.25
3.6242,125.2
3.6298,125.15
3.6354,125.1
3.6409,125
3.6476,124.95
3.6532,124.9
3.6588,124.85
3.6644,124.8
3.6733,124.7
3.6792,124.65
3.6846,124.6
3.6902,124.55
3.6957,124.5
3.7022,124.4
3.7076,124.35
3.7133,124.3
3.7189,124.25
3.7246,124.2
3.7302,124.15
3.7356,124.1
3.741,124
3.7476,123.95
3.753,123.9
3.7589,123.85
3.7645,123.8
3.77,123.75
3.7756,123.7
3.781,123.6
3.7876,123.55
3.793,123.5
3.7989,123.45
3.8045,123.4
3.8099,123.35
3.8155,123.3
3.821,123.2
3.8276,123.15
3.833,123.1
3.8389,123.05
3.8445,123
3.8499,122.95
3.8556,122.9
3.861,122.8
3.8676,122.75
3.873,122.7
3.8789,122.65
3.8845,122.6
3.8899,122.55
3.8955,122.5
3.9009,122.4
3.9076,122.35
3.913,122.3
3.919,122.25
3.9247,122.2
3.9302,122.15
3.9356,122.1
3.941,122
3.9476,121.95
3.953,121.9
3.9589,121.85
3.9645,121.8
3.9699,121.75
3.9755,121.7
3.981,121.6
3.9876,121.55
3.993,121.5
3.9989,121.45
4.0046,121.4
4.01,121.35
4.0156,121.3
4.021,121.2
4.0276,121.15
4.033,121.1
4.0389,121.05
4.0446,121
4.0502,120.95
4.0556,120.9
4.061,120.8
4.0676,120.75
4.073,120.7
4.0789,120.65
4.0846,120.6
4.0902,120.55
4.0956,120.5
4.101,120.4
4.1076,120.35
4.113,120.3
4.1189,120.25
4.1245,120.2
4.1299,120.15
4.1356,120.1
4.141,120
4.1476,119.95
4.1538,119.9
4.1595,119.85
4.1649,119.8
4.1705,119.75
4.177,119.65
4.1826,119.6
4.1882,119.55
4.1938,119.5
4.1992,119.45
4.2048,119.4
4.2102,119.35
4.2156,119.3
4.221,119.2
4.2276,119.15
4.2332,119.1
4.2389,119.05
4.2446,119
4.2502,118.95
4.2557,118.9
4.2628,118.8
4.2683,118.75
4.2738,118.7
4.2792,118.65
4.2848,118.6
4.2902,118.55
4.2956,118.5
4.301,118.4
4.3076,118.35
4.3132,118.3
4.319,118.25
4.3245,118.2
4.3299,118.15
4.3356,118.1
4.341,118
4.3476,117.95
4.3532,117.9
4.3589,117.85
4.3646,117.8
4.37,117.75
4.3756,117.7
4.381,117.6
4.3876,117.55
4.3932,117.5
4.399,117.45
4.4048,117.4
4.4105,117.35
4.416,117.25
4.4228,117.2
4.4284,117.15
4.4339,117.1
4.4395,117.05
4.445,117
4.4506,116.95
4.4572,116.85
4.4629,116.8
4.4687,116.75
4.4742,116.7
4.4795,116.65
4.485,116.6
4.4907,116.55
4.4972,116.45
4.5029,116.4
4.5087,116.35
4.5142,116.3
4.5197,116.25
4.5252,116.2
4.5307,116.15
4.5372,116.05
4.5429,116
4.5487,115.95
4.5542,115.9
4.5597,115.85
4.5652,115.8
4.5707,115.7
4.5778,115.65
4.5835,115.6
4.589,115.55
4.5947,115.5
4.6003,115.45
4.6058,115.4
4.6123,115.3
4.6178,115.25
4.6236,115.2
4.629,115.15
4.6348,115.1
4.6402,115.05
4.6472,114.95
4.6527,114.9
4.6582,114.85
4.6638,114.8
4.6694,114.75
4.6749,114.7
4.6807,114.65
4.6872,114.55
4.6927,114.5
4.6982,114.45
4.7038,114.4
4.7094,114.35
4.7149,114.3
4.7209,114.2
4.7277,114.15
4.7332,114.1
4.7386,114.05
4.7442,114
4.7498,113.95
4.7555,113.9
4.7609,113.8
4.7676,113.75
4.7732,113.7
4.7788,113.65
4.7842,113.6
4.7902,113.55
4.7957,113.45
4.8025,113.4
4.808,113.35
4.8137,113.3
4.8192,113.25
4.8248,113.2
4.8304,113.15
4.836,113.05
4.8426,113
4.8482,112.95
4.8542,112.9
4.8598,112.85
4.8652,112.8
4.871,112.7
4.8777,112.65
4.8832,112.6
4.8888,112.55
4.8944,112.5
4.8999,112.45
4.9058,112.35
4.9127,112.3
4.9182,112.25
4.9238,112.2
4.9297,112.15
4.9355,112.1
4.9422,112
4.9477,111.95
4.9532,111.9
4.9592,111.85
4.9648,111.8
4.9704,111.75
4.9759,111.65
4.9832,111.6
4.9888,111.55
4.9945,111.5
5.0002,111.45
5.0057,111.4
5.012,111.3
5.0178,111.25
5.0235,111.2
5.029,111.15
5.0347,111.1
5.0402,111.05
5.046,110.95
5.0526,110.9
5.0582,110.85
5.0638,110.8
5.0695,110.75
5.0749,110.7
5.0806,110.65
5.0872,110.55
5.0927,110.5
5.0982,110.45
5.1038,110.4
5.1092,110.35
5.1148,110.3
5.1208,110.25
5.1275,110.15
5.133,110.1
5.1387,110.05
5.1442,110
5.1496,109.95
5.155,109.9
5.1606,109.85
5.166,109.75
5.1727,109.7
5.1782,109.65
5.1838,109.6
5.1894,109.55
5.1949,109.5
5.2009,109.4
5.2077,109.35
5.2132,109.3
5.2186,109.25
5.2242,109.2
5.2297,109.15
5.2352,109.1
5.2407,109.05
5.2472,108.95
5.2527,108.9
5.2582,108.85
5.2638,108.8
5.2692,108.75
5.2748,108.7
5.2808,108.65
5.2875,108.55
5.293,108.5
5.2987,108.45
5.3042,108.4
5.3096,108.35
5.3152,108.3
5.3207,108.25
5.3272,108.15
5.3327,108.1
5.3382,108.05
5.3438,108
5.3494,107.95
5.3549,107.9
5.3607,107.85
5.3674,107.75
5.3729,107.7
5.3786,107.65
5.384,107.6
5.3896,107.55
5.395,107.5
5.4006,107.45
5.4072,107.35
5.4127,107.3
5.4182,107.25
5.4238,107.2
5.4294,107.15
5.4348,107.1
5.4408,107.05
5.4472,106.95
5.4527,106.9
5.4582,106.85
5.4638,106.8
5.4695,106.75
5.4748,106.7
5.4805,106.65
5.4872,106.55
5.4927,106.5
5.4982,106.45
5.5038,106.4
5.5095,106.35
5.515,106.3
5.5208,106.2
5.5276,106.15
5.5332,106.1
5.5388,106.05
5.5448,106
5.5502,105.95
5.5557,105.85
5.5626,105.8
5.5682,105.75
5.5742,105.7
5.5796,105.65
5.5852,105.6
5.591,105.5
5.5977,105.45
5.6032,105.4
5.6088,105.35
5.6145,105.3
5.6199,105.25
5.6258,105.15
5.6328,105.1
5.6384,105.05
5.6439,105
5.65,104.95
5.6557,104.9
5.6622,104.8
5.6677,104.75
5.6732,104.7
5.6792,104.65
5.6846,104.6
5.6902,104.55
5.6956,104.5
5.701,104.4
5.7077,104.35
5.7132,104.3
5.7204,104.25
5.7259,104.15
5.7326,104.1
5.7382,104.05
5.7438,104
5.7495,103.95
5.7549,103.9
5.7607,103.85
5.7674,103.75
5.7729,103.7
5.7786,103.65
5.784,103.6
5.7896,103.55
5.795,103.5
5.8008,103.4
5.8077,103.35
5.8132,103.3
5.8187,103.25
5.8241,103.2
5.8299,103.15
5.8355,103.1
5.8419,103
5.8476,102.95
5.853,102.9
5.8587,102.85
5.8642,102.8
5.8697,102.75
5.8752,102.7
5.8806,102.65
5.8872,102.55
5.8927,102.5
5.8982,102.45
5.9037,102.4
5.9091,102.35
5.9147,102.3
5.9202,102.25
5.9256,102.2
5.931,102.1
5.9377,102.05
5.9434,102
5.9488,101.95
5.9545,101.9
5.9599,101.85
5.9656,101.8
5.9722,101.7
5.9777,101.65
5.9834,101.6
5.9888,101.55
5.9944,101.5
6,101.45
6.006,101.35
6.0126,101.3
6.0182,101.25
6.0237,101.2
6.0292,101.15
6.0347,101.1
6.0401,101.05
6.0456,101
6.051,100.9
6.0577,100.85
6.0634,100.8
6.0688,100.75
6.0744,100.71
6.0798,100.66
6.0854,100.62
6.0909,100.53
6.0977,100.49
6.1032,100.45
6.1087,100.42
6.1142,100.39
6.1197,100.36
6.1259,100.31
6.1325,100.29
6.1379,100.28
6.1436,100.27
6.1492,100.26
6.1547,100.26
6.1601,100.27
6.1656,100.27
6.171,100.3
6.1777,100.32
6.1832,100.34
6.1887,100.37
6.1942,100.4
6.1997,100.43
6.2052,100.47
6.2106,100.51
6.2162,100.59
6.2226,100.63
6.2282,100.68
6.2338,100.73
6.2392,100.77
6.2447,100.82
6.2502,100.87
6.2556,100.92
6.261,101.02
6.2676,101.07
6.273,101.12
6.2789,101.17
6.2846,101.22
6.2902,101.27
6.2956,101.32
6.302,101.42
6.3076,101.47
6.3132,101.52
6.319,101.57
6.3245,101.62
6.3299,101.67
6.3355,101.72
6.341,101.82
6.3476,101.87
6.3532,101.92
6.359,101.97
6.3646,102.02
6.3702,102.07
6.3756,102.12
6.3822,102.22
6.3876,102.27
6.3932,102.32
6.399,102.37
6.4045,102.42
6.4107,102.47
6.4162,102.57
6.4226,102.62
6.4282,102.67
6.4338,102.72
6.4392,102.77
6.4448,102.82
6.4502,102.87
6.4556,102.92
6.4612,103.02
6.4676,103.07
6.473,103.12
6.479,103.17
6.4846,103.22
6.4902,103.27
6.4956,103.32
6.5019,103.42
6.5076,103.47
6.513,103.52
6.519,103.57
6.5246,103.62
6.5302,103.67
6.5357,103.72
6.5412,103.82
6.5477,103.87
6.5532,103.92
6.5592,103.97
6.5647,104.02
6.5704,104.07
6.5759,104.17
6.5828,104.22
6.5886,104.27
6.5942,104.32
6.5996,104.37
6.6052,104.42
6.6107,104.47
6.6173,104.57
6.6232,104.62
6.6288,104.67
6.6345,104.72
6.6402,104.77
6.6456,104.82
6.6525,104.92
6.6579,104.97
6.6636,105.02
6.669,105.07
6.6747,105.12
6.6804,105.17
6.6859,105.27
6.6927,105.32
6.6982,105.37
6.7038,105.42
6.7094,105.47
6.715,105.52
6.7208,105.62
6.7276,105.67
6.7332,105.72
6.7387,105.77
6.7442,105.82
6.7496,105.87
6.7552,105.92
6.7607,105.97
6.7672,106.07
6.7727,106.12
6.7782,106.17
6.7838,106.22
6.7894,106.27
6.795,106.32
6.8009,106.42
6.8077,106.47
6.8133,106.52
6.8187,106.57
6.8242,106.62
6.83,106.67
6.8356,106.72
6.8412,106.82
6.8478,106.87
6.8532,106.92
6.8587,106.97
6.8642,107.02
6.8696,107.07
6.875,107.12
6.8808,107.22
6.8876,107.27
6.8932,107.32
6.8987,107.37
6.9042,107.42
6.9098,107.47
6.9154,107.52
6.9209,107.62
6.9278,107.67
6.9334,107.72
6.9388,107.77
6.9446,107.82
6.9506,107.87
6.9562,107.97
6.9627,108.02
6.9682,108.07
6.9738,108.12
6.9794,108.17
6.9849,108.22
6.9905,108.27
6.9973,108.37
7.0028,108.42
7.0082,108.47
7.0142,108.52
7.0196,108.57
7.0252,108.62
7.0308,108.67
7.0375,108.77
7.043,108.82
7.0486,108.87
7.0542,108.92
7.0597,108.97
7.0654,109.02
7.0728,109.12
7.0784,109.17
7.0839,109.22
7.0899,109.27
7.0956,109.32
7.1012,109.42
7.1077,109.47
7.1132,109.52
7.119,109.57
7.1246,109.62
7.1304,109.67
7.1359,109.77
7.1426,109.82
7.1482,109.87
7.1539,109.92
7.1596,109.97
7.1652,110.02
7.1707,110.07
7.1772,110.17
7.1829,110.22
7.1887,110.27
7.1942,110.32
7.1996,110.37
7.2052,110.42
7.2107,110.47
7.2178,110.57
7.2232,110.62
7.2288,110.67
7.2345,110.72
7.2402,110.77
7.2456,110.82
7.2525,110.92
7.2579,110.97
7.2637,111.02
7.2692,111.07
7.2748,111.12
7.2806,111.22
7.2877,111.27
7.2932,111.32
7.2988,111.37
7.3044,111.42
7.31,111.47
7.3156,111.52
7.3224,111.62
7.3279,111.67
7.3342,111.72
7.3397,111.77
7.3454,111.82
7.3525,111.92
7.3579,111.97
7.3637,112.02
7.3692,112.07
7.3746,112.12
7.3802,112.17
7.3859,112.27
7.3928,112.32
7.3986,112.37
7.4042,112.42
7.4097,112.47
7.4152,112.52
7.4207,112.57
7.427,112.67
7.4327,112.72
7.4383,112.77
7.4438,112.82
7.4494,112.87
7.4555,112.92
7.4622,113.02
7.4677,113.07
7.4731,113.12
7.479,113.17
7.4846,113.22
7.4904,113.27
7.4958,113.37
7.5026,113.42
7.5083,113.47
7.5138,113.52
7.5196,113.57
7.525,113.62
7.5306,113.67
7.5374,113.77
7.5432,113.82
7.5488,113.87
7.5544,113.92
7.5599,113.97
7.5656,114.02
7.5712,114.12
7.5778,114.17
7.5836,114.22
7.5892,114.27
7.5948,114.32
7.6004,114.42
7.6077,114.47
7.6132,114.52
7.6188,114.57
7.6245,114.62
7.63,114.67
7.6356,114.72
7.6424,114.82
7.6479,114.87
7.6539,114.92
7.6597,114.97
7.6652,115.02
7.6708,115.07
7.6775,115.17
7.6829,115.22
7.6885,115.27
7.694,115.32
7.6996,115.37
7.7052,115.42
7.7107,115.47
7.7173,115.57
7.7228,115.62
7.7284,115.67
7.7344,115.72
7.74,115.77
7.746,115.87
7.7527,115.92
7.7581,115.97
7.7637,116.02
7.7694,116.07
7.7752,116.12
7.7806,116.17
7.7872,116.27
7.793,116.32
7.799,116.37
7.8046,116.42
7.8102,116.47
7.8157,116.52
7.8212,116.62
7.8276,116.67
7.8332,116.72
7.839,116.77
7.8446,116.82
7.85,116.87
7.8557,116.92
7.8612,117.02
7.8676,117.07
7.8732,117.12
7.8789,117.17
7.8845,117.22
7.8902,117.27
7.8956,117.32
7.901,117.42
7.9076,117.47
7.913,117.52
7.9189,117.57
7.9246,117.62
7.9302,117.67
7.9357,117.72
7.9411,117.82
7.9476,117.87
7.9532,117.92
7.959,117.97
7.9646,118.02
7.97,118.07
7.9756,118.12
7.9812,118.22
7.9876,118.27
7.993,118.32
7.9989,118.37
8.0045,118.42
8.0099,118.47
8.0156,118.52
8.021,118.62
8.0276,118.67
8.033,118.72
8.0389,118.77
8.0445,118.82
8.05,118.87
8.0557,118.92
8.0612,119.02
8.0676,119.07
8.073,119.12
8.0789,119.17
8.0846,119.22
8.0902,119.27
8.0956,119.32
8.1012,119.42
8.1076,119.47
8.1132,119.52
8.119,119.57
8.1246,119.62
8.1302,119.67
8.1357,119.72
8.1411,119.82
8.1476,119.87
8.153,119.92
8.1589,119.97
8.1646,120.02
8.1702,120.07
8.1757,120.12
8.1811,120.22
8.1876,120.27
8.1932,120.32
8.199,120.37
8.2046,120.42
8.21,120.47
8.2157,120.52
8.2211,120.62
8.2276,120.67
8.233,120.72
8.2389,120.77
8.2445,120.82
8.2502,120.87
8.2556,120.92
8.2612,121.02
8.2676,121.07
8.273,121.12
8.2789,121.17
8.2845,121.22
8.2902,121.27
8.2956,121.32
8.3012,121.42
8.3076,121.47
8.313,121.57
8.3242,121.62
8.3298,121.67
8.3355,121.72
8.341,121.82
8.3476,121.87
8.353,121.92
8.359,121.97
8.3646,122.02
8.37,122.07
8.3756,122.12
8.381,122.22
8.3876,122.27
8.393,122.32
8.3989,122.37
8.4047,122.42
8.4102,122.47
8.4156,122.52
8.4212,122.62
8.4276,122.67
8.4332,122.72
8.439,122.77
8.4446,122.82
8.4502,122.87
8.4556,122.92
8.4612,123.02
8.4676,123.07
8.4732,123.12
8.4792,123.17
8.4847,123.22
8.4902,123.27
8.4956,123.32
8.5012,123.42
8.5076,123.47
8.513,123.52
8.519,123.57
8.5247,123.62
8.5302,123.67
8.5357,123.72
8.5412,123.82
8.5477,123.87
8.5532,123.92
8.5592,123.97
8.5647,124.02
8.5705,124.07
8.5759,124.17
8.5832,124.22
8.5888,124.27
8.5945,124.32
8.6002,124.37
8.6057,124.42
8.6125,124.52
8.618,124.57
8.6235,124.62
8.629,124.67
8.6346,124.72
8.6404,124.77
8.6476,124.87
8.6533,124.92
8.6588,124.97
8.6645,125.02
8.6702,125.07
8.6757,125.12
8.6825,125.22
8.6879,125.27
8.694,125.32
8.6996,125.37
8.7052,125.42
8.7107,125.47
8.7173,125.57
8.7227,125.62
8.7282,125.67
8.7338,125.72
8.7395,125.77
8.745,125.82
8.7506,125.87
8.7562,125.97
8.7627,126.02
8.7682,126.07
8.7745,126.12
8.78,126.17
8.7858,126.27
8.7926,126.32
8.7982,126.37
8.8038,126.42
8.8097,126.47
8.8155,126.52
8.8211,126.62
8.8276,126.67
8.8332,126.72
8.839,126.77
8.8446,126.82
8.85,126.87
8.8556,126.92
8.861,127.02
8.8676,127.07
8.873,127.12
8.8789,127.17
8.8845,127.22
8.8902,127.27
8.8956,127.32
8.9033,127.42
8.9087,127.47
8.9142,127.52
8.9196,127.57
8.9252,127.62
8.9306,127.67
8.9362,127.77
8.9426,127.82
8.9482,127.87
8.9538,127.92
8.9595,127.97
8.9649,128.02
8.9705,128.07
8.9759,128.17
8.983,128.22
8.9887,128.27
8.9942,128.32
8.9997,128.37
9.0052,128.42
9.0106,128.47
9.0162,128.57
9.0228,128.62
9.0284,128.67
9.0338,128.72
9.0395,128.77
9.0449,128.82
9.0505,128.87
9.0562,128.97
9.0632,129.02
9.0687,129.07
9.0742,129.12
9.0795,129.16
9.085,129.21
9.0906,129.25
9.0961,129.34
9.1026,129.38
9.1082,129.42
9.1138,129.45
9.1192,129.48
9.1247,129.51
9.1302,129.54
9.1356,129.56
9.1412,129.59
9.1476,129.6
9.153,129.61
9.1589,129.61
9.1645,129.6
9.1702,129.59
9.1756,129.58
9.1812,129.55
9.1876,129.52
9.193,129.49
9.1989,129.46
9.2046,129.43
9.2102,129.39
9.2156,129.35
9.2212,129.27
9.2276,129.23
9.2332,129.18
9.239,129.13
9.2446,129.09
9.25,129.04
9.2556,128.99
9.261,128.89
9.2677,128.84
9.2732,128.79
9.279,128.74
9.2846,128.69
9.2901,128.64
9.2956,128.59
9.3012,128.49
9.3076,128.44
9.313,128.39
9.3189,128.34
9.3254,128.29
9.3309,128.19
9.3377,128.14
9.3432,128.09
9.3488,128.04
9.3544,127.99
9.3599,127.94
9.3655,127.89
9.371,127.79
9.3777,127.74
9.3834,127.69
9.3888,127.64
9.3945,127.59
9.4,127.54
9.4056,127.49
9.4111,127.39
9.4177,127.34
9.4234,127.29
9.4288,127.24
9.4345,127.19
9.4402,127.14
9.4456,127.09
9.4512,126.99
9.4577,126.94
9.4634,126.89
9.4688,126.84
9.4745,126.79
9.48,126.74
9.4856,126.69
9.4912,126.59
9.4978,126.54
9.5034,126.49
9.5088,126.44
9.5145,126.39
9.52,126.34
9.5256,126.29
9.5312,126.19
9.5379,126.14
9.5435,126.09
9.549,126.04
9.5546,125.99
9.5604,125.94
9.566,125.84
9.5727,125.79
9.5782,125.74
9.5838,125.69
9.5894,125.64
9.5958,125.54
9.6027,125.49
9.6082,125.44
9.6138,125.39
9.6195,125.34
9.625,125.29
9.6306,125.24
9.6362,125.14
9.6426,125.09
9.6481,125.04
9.654,124.99
9.6596,124.94
9.665,124.89
9.6706,124.84
9.676,124.74
9.6826,124.69
9.6882,124.64
9.6937,124.59
9.6991,124.54
9.7045,124.49
9.7099,124.44
9.7156,124.39
9.721,124.29
9.7277,124.24
9.7332,124.19
9.7387,124.14
9.7441,124.09
9.7495,124.04
9.7549,123.99
9.7608,123.94
9.7662,123.84
9.7726,123.79
9.7782,123.74
9.7836,123.69
9.7891,123.64
9.7946,123.59
9.8,123.54
9.8056,123.49
9.8111,123.39
9.8177,123.34
9.8234,123.29
9.8288,123.24
9.8345,123.19
9.8402,123.14
9.8456,123.09
9.8512,122.99
9.8577,122.94
9.8634,122.89
9.8688,122.84
9.8745,122.79
9.8802,122.74
9.8856,122.69
9.8912,122.59
9.8977,122.54
9.9034,122.49
9.909,122.44
9.9146,122.39
9.9202,122.34
9.9256,122.29
9.9312,122.19
9.9377,122.14
9.9434,122.09
9.949,122.04
9.9546,121.99
9.96,121.94
9.9656,121.89
9.9711,121.79
9.9777,121.74
9.9834,121.69
9.9889,121.64
9.9945,121.59
9.9999,121.54
10.006,121.49
10.011,121.39
10.018,121.34
10.023,121.29
10.029,121.24
10.035,121.19
10.04,121.14
10.046,121.09
10.051,120.99
10.058,120.94
10.063,120.89
10.069,120.84
10.075,120.79
10.08,120.74
10.086,120.69
10.091,120.59
10.098,120.54
10.103,120.49
10.109,120.44
10.115,120.39
10.12,120.34
10.126,120.29
10.131,120.19
10.138,120.14
10.144,120.09
10.149,120.04
10.155,119.99
10.16,119.94
10.166,119.89
10.171,119.79
10.178,119.74
10.183,119.69
10.189,119.64
10.195,119.59
10.2,119.54
10.206,119.49
10.211,119.39
10.218,119.34
10.224,119.29
10.229,119.24
10.235,119.19
10.24,119.14
10.246,119.09
10.251,118.99
10.258,118.94
10.263,118.89
10.269,118.84
10.275,118.79
10.28,118.74
10.286,118.69
10.291,118.59
10.298,118.54
10.303,118.49
10.309,118.44
10.315,118.39
10.32,118.34
10.326,118.29
10.331,118.19
10.338,118.14
10.344,118.09
10.349,118.04
10.355,117.99
10.361,117.94
10.366,117.84
10.373,117.79
10.378,117.74
10.384,117.69
10.39,117.64
10.395,117.59
10.401,117.49
10.408,117.44
10.413,117.39
10.419,117.34
10.425,117.29
10.43,117.24
10.436,117.19
10.441,117.09
10.448,117.04
10.453,116.99
10.459,116.94
10.465,116.89
10.471,116.84
10.477,116.74
10.483,116.69
10.488,116.64
10.494,116.59
10.5,116.54
10.505,116.49
10.511,116.44
10.517,116.34
10.523,116.29
10.529,116.24
10.535,116.19
10.54,116.14
10.546,116.04
10.553,115.99
10.558,115.94
10.564,115.89
10.569,115.84
10.575,115.79
10.581,115.69
10.588,115.64
10.593,115.59
10.599,115.54
10.605,115.49
10.61,115.44
10.616,115.34
10.623,115.29
10.629,115.24
10.634,115.19
10.64,115.14
10.646,115.09
10.651,114.99
10.658,114.94
10.663,114.89
10.669,114.84
10.675,114.79
10.68,114.74
10.686,114.69
10.691,114.59
10.698,114.54
10.704,114.49
10.709,114.44
10.715,114.39
10.72,114.34
10.726,114.29
10.732,114.19
10.738,114.14
10.743,114.09
10.749,114.04
10.755,113.99
10.76,113.94
10.766,113.89
10.771,113.79
10.778,113.74
10.784,113.69
10.789,113.64
10.795,113.59
10.8,113.54
10.806,113.49
10.811,113.39
10.818,113.34
10.823,113.29
10.829,113.24
10.835,113.19
10.841,113.14
10.846,113.04
10.853,112.99
10.858,112.94
10.864,112.89
10.869,112.84
10.875,112.79
10.88,112.74
10.886,112.69
10.892,112.59
10.898,112.54
10.903,112.49
10.909,112.44
10.915,112.39
10.92,112.34
10.926,112.29
10.931,112.19
10.938,112.14
10.943,112.09
10.949,112.04
10.955,111.99
10.96,111.94
10.966,111.89
10.972,111.79
10.978,111.74
10.984,111.69
10.989,111.64
10.995,111.59
11,111.54
11.006,111.49
11.011,111.39
11.018,111.34
11.023,111.29
11.029,111.24
11.035,111.19
11.04,111.14
11.046,111.09
11.051,110.99
11.058,110.94
11.063,110.89
11.069,110.84
11.075,110.79
11.08,110.74
11.086,110.69
11.091,110.59
11.098,110.54
11.103,110.49
11.109,110.44
11.114,110.39
11.12,110.34
11.125,110.29
11.131,110.24
11.136,110.14
11.143,110.09
11.149,110.04
11.154,109.99
11.16,109.94
11.165,109.89
11.171,109.84
11.176,109.74
11.183,109.69
11.189,109.64
11.194,109.59
11.2,109.54
11.205,109.49
11.211,109.44
11.216,109.34
11.223,109.29
11.229,109.24
11.234,109.19
11.24,109.14
11.245,109.09
11.251,109.04
11.256,108.94
11.263,108.89
11.269,108.84
11.274,108.79
11.28,108.74
11.285,108.69
11.291,108.64
11.296,108.54
11.303,108.49
11.309,108.44
11.314,108.39
11.32,108.34
11.325,108.29
11.331,108.24
11.336,108.14
11.343,108.09
11.349,108.04
11.354,107.99
11.36,107.94
11.365,107.89
11.371,107.84
11.378,107.74
11.383,107.69
11.389,107.64
11.395,107.59
11.4,107.54
11.406,107.49
11.413,107.39
11.418,107.34
11.424,107.29
11.429,107.24
11.435,107.19
11.44,107.14
11.446,107.04
11.453,106.99
11.458,106.94
11.464,106.89
11.47,106.84
11.475,106.79
11.481,106.74
11.487,106.64
11.493,106.59
11.499,106.54
11.504,106.49
11.51,106.44
11.516,106.39
11.521,106.29
11.528,106.24
11.534,106.19
11.539,106.14
11.545,106.09
11.551,106.04
11.556,105.94
11.563,105.89
11.568,105.84
11.574,105.79
11.58,105.74
11.585,105.69
11.591,105.64
11.596,105.54
11.603,105.49
11.608,105.44
11.614,105.39
11.619,105.34
11.625,105.29
11.63,105.24
11.636,105.19
11.641,105.09
11.648,105.04
11.653,104.99
11.659,104.94
11.664,104.89
11.67,104.84
11.676,104.74
11.683,104.69
11.688,104.64
11.694,104.59
11.7,104.54
11.705,104.49
11.712,104.39
11.718,104.34
11.724,104.29
11.729,104.24
11.735,104.19
11.741,104.14
11.746,104.04
11.753,103.99
11.758,103.94
11.764,103.89
11.769,103.84
11.775,103.79
11.78,103.74
11.786,103.69
11.792,103.59
11.798,103.54
11.804,103.49
11.809,103.44
11.815,103.39
11.82,103.34
11.826,103.29
11.832,103.19
11.838,103.14
11.844,103.09
11.849,103.04
11.855,102.99
11.86,102.94
11.866,102.89
11.872,102.79
11.878,102.74
11.884,102.69
11.889,102.64
11.895,102.59
11.901,102.54
11.906,102.44
11.913,102.39
11.918,102.34
11.924,102.29
11.929,102.24
11.935,102.19
11.94,102.14
11.946,102.09
11.952,101.99
11.958,101.94
11.964,101.89
11.969,101.84
11.975,101.79
11.98,101.74
11.986,101.69
11.992,101.59
11.998,101.54
12.004,101.49
12.009,101.44
12.015,101.39
12.021,101.34
12.026,101.24
12.033,101.19
12.038,101.14
12.044,101.09
12.05,101.04
12.055,100.99
12.061,100.89
12.068,100.84
12.073,100.79
12.079,100.74
12.085,100.7
12.09,100.65
12.096,100.61
12.101,100.52
12.108,100.48
12.113,100.44
12.119,100.41
12.125,100.38
12.13,100.35
12.136,100.32
12.141,100.28
12.148,100.27
12.153,100.26
12.159,100.25
12.165,100.25
12.17,100.26
12.176,100.27
12.181,100.29
12.188,100.31
12.193,100.34
12.199,100.37
12.205,100.4
12.21,100.43
12.216,100.47
12.222,100.55
12.228,100.59
12.233,100.63
12.239,100.68
12.245,100.73
12.25,100.77
12.256,100.82
12.263,100.92
12.269,100.97
12.274,101.02
12.28,101.07
12.285,101.12
12.291,101.17
12.296,101.27
12.303,101.32
12.309,101.37
12.314,101.42
12.321,101.52
12.328,101.57
12.334,101.62
12.339,101.67
12.345,101.72
12.351,101.77
12.356,101.87
12.363,101.92
12.368,101.97
12.374,102.02
12.38,102.07
12.385,102.17
12.393,102.22
12.398,102.27
12.404,102.32
12.41,102.37
12.415,102.42
12.421,102.52
12.428,102.57
12.433,102.62
12.439,102.67
12.445,102.72
12.45,102.77
12.456,102.82
12.462,102.92
12.468,102.97
12.473,103.02
12.479,103.07
12.485,103.12
12.49,103.17
12.496,103.22
12.501,103.32
12.508,103.37
12.513,103.42
12.519,103.47
12.525,103.52
12.53,103.57
12.536,103.62
12.541,103.72
12.548,103.77
12.553,103.82
12.559,103.87
12.565,103.92
12.57,103.97
12.576,104.02
12.581,104.12
12.588,104.17
12.593,104.22
12.599,104.27
12.605,104.32
12.61,104.37
12.616,104.42
12.622,104.52
12.628,104.57
12.633,104.62
12.639,104.67
12.645,104.72
12.65,104.77
12.656,104.82
12.661,104.92
12.668,104.97
12.673,105.02
12.679,105.07
12.685,105.12
12.69,105.17
12.696,105.22
12.701,105.32
12.708,105.37
12.713,105.42
12.719,105.47
12.725,105.52
12.73,105.57
12.736,105.62
12.741,105.72
12.748,105.77
12.753,105.82
12.759,105.87
12.765,105.92
12.771,105.97
12.776,106.02
12.783,106.12
12.788,106.17
12.794,106.22
12.799,106.27
12.805,106.32
12.811,106.37
12.816,106.47
12.823,106.52
12.829,106.57
12.834,106.62
12.84,106.67
12.845,106.72
12.851,106.77
12.856,106.87
12.863,106.92
12.868,106.97
12.874,107.02
12.879,107.07
12.885,107.12
12.891,107.17
12.896,107.27
12.903,107.32
12.909,107.37
12.914,107.42
12.92,107.47
12.925,107.52
12.931,107.57
12.936,107.67
12.943,107.72
12.948,107.77
12.954,107.82
12.959,107.87
12.965,107.92
12.971,107.97
12.976,108.07
12.983,108.12
12.989,108.17
12.994,108.22
13,108.27
13.005,108.32
13.011,108.37
13.016,108.42
13.023,108.52
13.028,108.57
13.034,108.62
13.039,108.67
13.045,108.72
13.051,108.77
13.058,108.87
13.064,108.92
13.069,108.97
13.075,109.02
13.08,109.07
13.086,109.12
13.091,109.22
13.098,109.27
13.104,109.32
13.109,109.37
13.115,109.42
13.121,109.47
13.128,109.57
13.133,109.62
13.139,109.67
13.145,109.72
13.15,109.77
13.156,109.82
13.161,109.92
13.168,109.97
13.174,110.02
13.179,110.07
13.185,110.12
13.191,110.17
13.197,110.27
13.203,110.32
13.209,110.37
13.214,110.42
13.22,110.47
13.225,110.52
13.231,110.57
13.237,110.67
13.243,110.72
13.249,110.77
13.254,110.82
13.26,110.87
13.266,110.92
13.272,111.02
13.278,111.07
13.284,111.12
13.289,111.17
13.295,111.22
13.3,111.27
13.306,111.32
13.312,111.42
13.318,111.47
13.324,111.52
13.329,111.57
13.335,111.62
13.34,111.67
13.346,111.72
13.352,111.82
13.358,111.87
13.363,111.92
13.369,111.97
13.375,112.02
13.38,112.07
13.386,112.12
13.393,112.22
13.398,112.27
13.404,112.32
13.409,112.37
13.415,112.42
13.42,112.47
13.426,112.52
13.432,112.62
13.438,112.67
13.444,112.72
13.449,112.77
13.455,112.82
13.46,112.87
13.466,112.92
13.472,113.02
13.478,113.07
13.484,113.12
13.489,113.17
13.495,113.22
13.5,113.27
13.506,113.32
13.512,113.42
13.518,113.47
13.523,113.52
13.529,113.57
13.535,113.62
13.54,113.67
13.546,113.72
13.553,113.82
13.558,113.87
13.564,113.92
13.569,113.97
13.575,114.02
13.58,114.07
13.586,114.12
13.592,114.22
13.598,114.27
13.604,114.32
13.609,114.37
13.615,114.42
13.62,114.47
13.626,114.52
13.632,114.62
13.638,114.67
13.644,114.72
13.649,114.77
13.655,114.82
13.66,114.87
13.666,114.92
13.672,115.02
13.678,115.07
13.684,115.12
13.689,115.17
13.695,115.22
13.7,115.27
13.706,115.32
13.712,115.42
13.718,115.47
13.724,115.52
13.729,115.57
13.735,115.62
13.74,115.67
13.746,115.72
13.752,115.82
13.758,115.87
13.764,115.92
13.769,115.97
13.775,116.02
13.78,116.07
13.786,116.12
13.792,116.22
13.798,116.27
13.804,116.32
13.809,116.37
13.815,116.42
13.82,116.47
13.826,116.52
13.832,116.62
13.838,116.67
13.843,116.72
13.849,116.77
13.855,116.82
13.86,116.87
13.866,116.92
13.872,117.02
13.878,117.07
13.884,117.12
13.889,117.17
13.895,117.22
13.9,117.27
13.906,117.32
13.913,117.42
13.919,117.47
13.924,117.52
13.93,117.57
13.935,117.62
13.941,117.72
13.948,117.77
13.953,117.82
13.959,117.87
13.964,117.92
13.97,117.97
13.976,118.02
13.981,118.12
13.988,118.17
13.994,118.22
14,118.27
14.005,118.32
14.011,118.37
14.018,118.47
14.024,118.52
14.029,118.57
14.035,118.62
14.04,118.67
14.046,118.72
14.051,118.82
14.058,118.87
14.063,118.92
14.069,118.97
14.075,119.02
14.08,119.07
14.086,119.12
14.091,119.22
14.098,119.27
14.104,119.32
14.109,119.37
14.115,119.42
14.12,119.47
14.126,119.52
14.131,119.62
14.138,119.67
14.143,119.72
14.149,119.77
14.155,119.82
14.16,119.87
14.166,119.92
14.171,120.02
14.178,120.07
14.183,120.12
14.189,120.17
14.195,120.22
14.2,120.27
14.206,120.32
14.211,120.42
14.218,120.47
14.223,120.52
14.229,120.57
14.235,120.62
14.24,120.67
14.246,120.72
14.251,120.82
14.258,120.87
14.263,120.92
14.269,120.97
14.275,121.02
14.28,121.07
14.286,121.12
14.291,121.17
14.298,121.27
14.303,121.32
14.309,121.37
14.315,121.42
14.32,121.47
14.326,121.52
14.331,121.62
14.338,121.67
14.344,121.72
14.349,121.77
14.355,121.82
14.36,121.87
14.366,121.92
14.371,122.02
14.378,122.07
14.383,122.12
14.389,122.17
14.395,122.22
14.4,122.27
14.406,122.32
14.411,122.42
14.418,122.47
14.423,122.52
14.429,122.57
14.434,122.62
14.44,122.67
14.445,122.72
14.451,122.77
14.456,122.82
14.463,122.92
14.468,122.97
14.474,123.02
14.479,123.07
14.485,123.12
14.491,123.17
14.496,123.22
14.503,123.32
14.509,123.37
14.514,123.42
14.52,123.47
14.525,123.52
14.531,123.57
14.536,123.62
14.543,123.72
14.548,123.77
14.554,123.82
14.559,123.87
14.565,123.92
14.571,123.97
14.576,124.02
14.583,124.12
14.589,124.17
14.594,124.22
14.6,124.27
14.605,124.32
14.611,124.37
14.616,124.47
14.624,124.52
14.63,124.57
14.636,124.62
14.641,124.67
14.648,124.77
14.653,124.82
14.659,124.87
14.665,124.92
14.67,124.97
14.676,125.02
14.681,125.07
14.688,125.17
14.693,125.22
14.699,125.27
14.704,125.32
14.71,125.37
14.716,125.42
14.723,125.52
14.728,125.57
14.734,125.62
14.739,125.67
14.745,125.72
14.75,125.77
14.756,125.82
14.761,125.92
14.768,125.97
14.774,126.02
14.779,126.07
14.785,126.12
14.791,126.17
14.796,126.27
14.803,126.32
14.809,126.37
14.814,126.42
14.82,126.47
14.825,126.52
14.831,126.57
14.837,126.67
14.843,126.72
14.849,126.77
14.855,126.82
14.86,126.87
14.866,126.92
14.872,127.02
14.878,127.07
14.884,127.12
14.889,127.17
14.895,127.22
14.9,127.27
14.906,127.32
14.912,127.42
14.918,127.47
14.924,127.52
14.929,127.57
14.935,127.62
14.941,127.67
14.947,127.77
14.953,127.82
14.958,127.87
14.964,127.92
14.97,127.97
14.975,128.02
14.981,128.12
14.988,128.17
14.993,128.22
14.999,128.27
15.005,128.32
15.01,128.37
15.016,128.42
15.021,128.47
15.028,128.57
15.033,128.62
15.039,128.67
15.044,128.72
15.05,128.77
15.055,128.82
15.061,128.87
15.068,128.97
15.074,129.02
15.079,129.07
15.085,129.11
15.091,129.16
15.096,129.2
15.103,129.29
15.108,129.33
15.114,129.37
15.119,129.4
15.125,129.43
15.131,129.46
15.136,129.49
15.142,129.53
15.148,129.54
15.154,129.55
15.159,129.56
15.165,129.56
15.17,129.55
15.176,129.54
15.181,129.53
15.188,129.5
15.193,129.47
15.199,129.44
15.205,129.41
15.21,129.38
15.216,129.34
15.221,129.3
15.228,129.22
15.233,129.18
15.239,129.13
15.244,129.08
15.25,129.04
15.255,128.99
15.261,128.94
15.268,128.84
15.273,128.79
15.279,128.74
15.285,128.69
15.29,128.64
15.296,128.59
15.301,128.49
15.308,128.44
15.313,128.39
15.319,128.34
15.325,128.29
15.33,128.24
15.336,128.19
15.341,128.14
15.348,128.04
15.353,127.99
15.359,127.94
15.365,127.89
15.37,127.84
15.376,127.79
15.381,127.69
15.388,127.64
15.393,127.59
15.399,127.54
15.405,127.49
15.41,127.44
15.416,127.39
15.421,127.34
15.428,127.24
15.433,127.19
15.439,127.14
15.445,127.09
15.45,127.04
15.456,126.99
15.461,126.89
15.468,126.84
15.473,126.79
15.479,126.74
15.484,126.69
15.49,126.64
15.496,126.59
15.502,126.49
15.508,126.44
15.514,126.39
15.519,126.34
15.525,126.29
15.531,126.24
15.536,126.19
15.543,126.09
15.549,126.04
15.554,125.99
15.56,125.94
15.565,125.89
15.571,125.84
15.576,125.79
15.583,125.69
15.589,125.64
15.594,125.59
15.6,125.54
15.605,125.49
15.611,125.44
15.618,125.34
15.624,125.29
15.629,125.24
15.635,125.19
15.64,125.14
15.646,125.09
15.651,124.99
15.658,124.94
15.664,124.89
15.669,124.84
15.675,124.79
15.68,124.74
15.686,124.69
15.691,124.64
15.698,124.54
15.703,124.49
15.709,124.44
15.715,124.39
15.72,124.34
15.726,124.29
15.731,124.24
15.738,124.14
15.743,124.09
15.749,124.04
15.755,123.99
15.76,123.94
15.766,123.89
15.771,123.84
15.778,123.74
15.783,123.69
15.789,123.64
15.795,123.59
15.8,123.54
15.806,123.49
15.811,123.39
15.818,123.34
15.824,123.29
15.829,123.24
15.835,123.19
15.84,123.14
15.846,123.09
15.851,123.04
15.858,122.94
15.864,122.89
15.869,122.84
15.875,122.79
15.88,122.74
15.886,122.69
15.892,122.59
15.898,122.54
15.903,122.49
15.909,122.44
15.915,122.39
15.92,122.34
15.926,122.29
15.933,122.19
15.938,122.14
15.944,122.09
15.95,122.04
15.955,121.99
15.961,121.94
15.966,121.89
15.972,121.79
15.978,121.74
15.984,121.69
15.989,121.64
15.995,121.59
16,121.54
16.006,121.49
16.011,121.39
16.018,121.34
16.024,121.29
16.029,121.24
16.035,121.19
16.04,121.14
16.046,121.09
16.051,120.99
16.058,120.94
16.063,120.89
16.069,120.84
16.075,120.79
16.08,120.74
16.086,120.69
16.091,120.64
16.098,120.54
16.104,120.49
16.109,120.44
16.115,120.39
16.12,120.34
16.126,120.29
16.131,120.19
16.138,120.14
16.144,120.09
16.149,120.04
16.155,119.99
16.16,119.94
16.166,119.89
16.171,119.84
16.178,119.74
16.184,119.69
16.189,119.64
16.195,119.59
16.2,119.54
16.206,119.49
16.212,119.39
16.218,119.34
16.224,119.29
16.229,119.24
16.235,119.19
16.24,119.14
16.246,119.09
16.251,119.04
16.258,118.94
16.263,118.89
16.269,118.84
16.275,118.79
16.28,118.74
16.286,118.69
16.291,118.64
16.298,118.54
16.304,118.49
16.309,118.44
16.315,118.39
16.32,118.34
16.326,118.29
16.331,118.24
16.338,118.14
16.343,118.09
16.349,118.04
16.355,117.99
16.36,117.94
16.366,117.89
16.371,117.79
16.378,117.74
16.384,117.69
16.389,117.64
16.395,117.59
16.4,117.54
16.407,117.44
16.413,117.39
16.419,117.34
16.424,117.29
16.43,117.24
16.435,117.19
16.441,117.14
16.447,117.04
16.453,116.99
16.459,116.94
16.464,116.89
16.471,116.84
16.477,116.74
16.483,116.69
16.489,116.64
16.494,116.59
16.5,116.54
16.505,116.49
16.511,116.44
16.516,116.39
16.523,116.29
16.528,116.24
16.534,116.19
16.539,116.14
16.545,116.09
16.55,116.04
16.556,115.99
16.563,115.89
16.568,115.84
16.574,115.79
16.58,115.74
16.586,115.69
16.592,115.59
16.598,115.54
16.604,115.49
16.61,115.44
16.615,115.39
16.621,115.34
16.628,115.24
16.633,115.19
16.639,115.14
16.645,115.09
16.65,115.04
16.656,114.99
16.661,114.94
16.668,114.84
16.673,114.79
16.679,114.74
16.684,114.69
16.69,114.64
16.696,114.59
16.701,114.54
16.707,114.44
16.713,114.39
16.718,114.34
16.724,114.29
16.73,114.24
16.736,114.19
16.741,114.09
16.748,114.04
16.753,113.99
16.759,113.94
16.764,113.89
16.77,113.84
16.776,113.79
16.781,113.74
16.787,113.64
16.793,113.59
16.799,113.54
16.804,113.49
16.81,113.44
16.816,113.39
16.821,113.29
16.828,113.24
16.833,113.19
16.839,113.14
16.844,113.09
16.85,113.04
16.855,112.99
16.861,112.94
16.867,112.84
16.873,112.79
16.879,112.74
16.884,112.69
16.89,112.64
16.895,112.59
16.901,112.54
16.907,112.44
16.913,112.39
16.919,112.34
16.924,112.29
16.93,112.24
16.935,112.19
16.941,112.14
16.947,112.04
16.953,111.99
16.959,111.94
16.964,111.89
16.97,111.84
16.975,111.79
16.981,111.74
16.987,111.64
16.993,111.59
16.999,111.54
17.004,111.49
17.01,111.44
17.015,111.39
17.021,111.34
17.027,111.24
17.033,111.19
17.039,111.14
17.044,111.09
17.05,111.04
17.055,110.99
17.061,110.94
17.066,110.84
17.073,110.79
17.079,110.74
17.084,110.69
17.09,110.64
17.095,110.59
17.101,110.54
17.107,110.44
17.113,110.39
17.119,110.34
17.124,110.29
17.13,110.24
17.135,110.19
17.141,110.14
17.147,110.04
17.153,109.99
17.159,109.94
17.164,109.89
17.17,109.84
17.176,109.79
17.181,109.69
17.188,109.64
17.194,109.59
17.2,109.54
17.205,109.49
17.211,109.44
17.218,109.34
17.224,109.29
17.229,109.24
17.235,109.19
17.241,109.14
17.246,109.09
17.253,108.99
17.259,108.94
17.264,108.89
17.27,108.84
17.276,108.79
17.281,108.74
17.287,108.64
17.293,108.59
17.299,108.54
17.304,108.49
17.31,108.44
17.315,108.39
17.321,108.34
17.327,108.24
17.333,108.19
17.338,108.14
17.344,108.09
17.35,108.04
17.355,107.99
17.361,107.94
17.367,107.84
17.373,107.79
17.378,107.74
17.384,107.69
17.39,107.64
17.395,107.59
17.401,107.54
17.406,107.44
17.413,107.39
17.418,107.34
17.424,107.29
17.43,107.24
17.435,107.19
17.441,107.14
17.447,107.04
17.453,106.99
17.459,106.94
17.464,106.89
17.47,106.84
17.475,106.79
17.481,106.74
17.486,106.64
17.493,106.59
17.499,106.54
17.504,106.49
17.51,106.44
17.515,106.39
17.521,106.34
17.527,106.24
17.533,106.19
17.539,106.14
17.544,106.09
17.55,106.04
17.555,105.99
17.561,105.94
17.566,105.89
17.572,105.79
17.578,105.74
17.584,105.69
17.589,105.64
17.595,105.59
17.6,105.54
17.606,105.49
17.611,105.44
17.618,105.34
17.624,105.29
17.629,105.24
17.635,105.19
17.64,105.14
17.646,105.09
17.651,105.04
17.657,104.94
17.663,104.89
17.669,104.84
17.674,104.79
17.68,104.74
17.685,104.69
17.691,104.64
17.696,104.59
17.702,104.49
17.708,104.44
17.714,104.39
17.719,104.34
17.725,104.29
17.731,104.24
17.736,104.19
17.742,104.09
17.748,104.04
17.754,103.99
17.759,103.94
17.765,103.89
17.77,103.84
17.776,103.79
17.781,103.69
17.788,103.64
17.794,103.59
17.799,103.54
17.805,103.49
17.811,103.44
17.816,103.39
17.822,103.29
17.828,103.24
17.834,103.19
17.839,103.14
17.845,103.09
17.851,103.04
17.856,102.99
17.862,102.89
17.868,102.84
17.874,102.79
17.879,102.74
17.885,102.69
17.891,102.64
17.896,102.59
17.902,102.49
17.908,102.44
17.914,102.39
17.919,102.34
17.925,102.29
17.931,102.24
17.936,102.19
17.942,102.09
17.948,102.04
17.954,101.99
17.959,101.94
17.965,101.89
17.971,101.84
17.976,101.74
17.984,101.69
17.989,101.64
17.995,101.59
18,101.54
18.009,101.44
18.015,101.39
18.021,101.34
18.026,101.29
18.033,101.19
18.039,101.14
18.044,101.09
18.05,101.04
18.056,100.99
18.061,100.89
18.068,100.84
18.074,100.79
18.079,100.74
18.085,100.69
18.091,100.65
18.096,100.6
18.102,100.51
18.108,100.47
18.114,100.43
18.119,100.39
18.125,100.36
18.131,100.33
18.136,100.3
18.142,100.25
18.148,100.23
18.153,100.22
18.159,100.21
18.165,100.2
18.171,100.2
18.176,100.21
18.182,100.23
18.188,100.24
18.194,100.26
18.199,100.29
18.205,100.32
18.211,100.35
18.216,100.38
18.222,100.46
18.228,100.5
18.234,100.54
18.239,100.58
18.245,100.63
18.251,100.68
18.256,100.72
18.262,100.82
18.268,100.87
18.273,100.92
18.279,100.97
18.285,101.02
18.29,101.07
18.296,101.12
18.302,101.22
18.308,101.27
18.314,101.32
18.319,101.37
18.325,101.42
18.331,101.47
18.336,101.52
18.342,101.62
18.348,101.67
18.353,101.72
18.359,101.77
18.365,101.82
18.371,101.87
18.376,101.92
18.382,102.02
18.388,102.07
18.394,102.12
18.399,102.17
18.405,102.22
18.411,102.27
18.416,102.32
18.422,102.42
18.428,102.47
18.434,102.52
18.439,102.57
18.445,102.62
18.451,102.67
18.456,102.72
18.462,102.82
18.468,102.87
18.474,102.92
18.479,102.97
18.485,103.02
18.491,103.12
18.498,103.17
18.504,103.22
18.509,103.27
18.515,103.32
18.52,103.37
18.526,103.42
18.531,103.47
18.537,103.57
18.543,103.62
18.549,103.67
18.554,103.72
18.56,103.77
18.565,103.82
18.571,103.87
18.578,103.97
18.584,104.02
18.589,104.07
18.595,104.12
18.6,104.17
18.606,104.22
18.611,104.27
18.617,104.37
18.623,104.42
18.629,104.47
18.634,104.52
18.64,104.57
18.645,104.62
18.651,104.67
18.656,104.77
18.663,104.82
18.669,104.87
18.675,104.92
18.68,104.97
18.686,105.02
18.691,105.07
18.697,105.17
18.703,105.22
18.709,105.27
18.714,105.32
18.72,105.37
18.725,105.42
18.731,105.47
18.736,105.57
18.743,105.62
18.749,105.67
18.755,105.72
18.76,105.77
18.766,105.82
18.771,105.87
18.777,105.97
18.783,106.02
18.789,106.07
18.794,106.12
18.8,106.17
18.805,106.22
18.811,106.27
18.818,106.37
18.824,106.42
18.829,106.47
18.835,106.52
18.84,106.57
18.846,106.62
18.851,106.72
18.858,106.77
18.864,106.82
18.869,106.87
18.875,106.92
18.88,106.97
18.886,107.07
18.893,107.12
18.899,107.17
18.904,107.22
18.91,107.27
18.915,107.32
18.921,107.37
18.926,107.47
18.933,107.52
18.938,107.57
18.944,107.62
18.949,107.67
18.955,107.72
18.961,107.77
18.967,107.87
18.973,107.92
18.979,107.97
18.984,108.02
18.99,108.07
18.995,108.12
19.001,108.17
19.006,108.27
19.013,108.32
19.019,108.37
19.024,108.42
19.03,108.47
19.035,108.52
19.041,108.57
19.047,108.67
19.053,108.72
19.059,108.77
19.064,108.82
19.07,108.87
19.075,108.92
19.081,108.97
19.086,109.07
19.093