time,value
1.4e-05,0.0
0.00579,-1.8189894035458565e-12
0.011236,9.094947017729282e-13
0.018679,1.8189894035458565e-12
0.024252,-1.8189894035458565e-12
0.029839,0.0
0.035252,0.0
0.041161,1.8189894035458565e-12
0.046773,0.0
0.053738,0.0
0.059272,-1.8189894035458565e-12
0.064843,0.0
0.070263,0.8313496874725388
0.07607,0.9486643783129693
0.083193,0.9895347977853817
0.088833,0.8685633935838268
0.094249,0.8389072415338887
0.10002,1.7613022916411865
0.10561,0.8781619532655895
0.111,0.9098428453271481
0.11646,3.5470471640692267
0.1221,4.289896147800391
0.12851,2.433039493207616
0.1339,2.7166608258285123
0.13945,4.592949113493887
0.14485,4.629629629631381
0.15025,4.4727584654901875
0.15593,5.427498649023619
0.16132,5.482094107162993
0.16688,7.669027644333255
0.1736,7.7110758702256135
0.17903,6.253097561999311
0.18473,7.217744059846154
0.19013,7.340685138851768
0.19563,7.347688386649679
0.20102,8.283728560227246
0.20648,8.283728560227246
0.21187,11.45524434237268
0.21808,12.424564773931706
0.22351,8.2872928176821
0.22894,7.89754597791034
0.23484,8.884278008321417
0.24024,9.05904302572526
0.24589,9.059043025727078
0.25129,13.2710439753846
0.257,12.927682627609101
0.26346,8.557482426438582
0.26887,9.216730786285552
0.27431,9.108979104848913
0.27985,8.885534827981246
0.28557,8.91094940326002
0.29108,9.14174546959839
0.29651,9.277459675411592
0.30186,12.458401284169668
0.30808,12.415664730784556
0.3135,9.233626086728691
0.31891,9.119179650255319
0.32447,9.12797742341536
0.32987,9.267856513986771
0.33526,9.129010938851934
0.34083,9.120149658898299
0.34623,9.081646248947436
0.35185,11.959454770971206
0.35831,11.965025918716492
0.36392,8.64573228856716
0.3699,8.833117051195586
0.3753,9.089263096317154
0.38091,9.080389985592774
0.38632,9.080389985589136
0.39193,11.779158837980503
0.39853,11.884219861307429
0.40397,9.116997508075656
0.4095,9.169368776038027
0.41488,9.267983881705732
0.42029,9.088063471594069
0.42589,9.088063471597707
0.4313,9.142967673024032
0.43683,12.206148282097274
0.44315,12.146227017008641
0.44879,9.066536471716972
0.45419,9.104622013819608
0.45978,9.095778914803304
0.46519,9.088063471594069
0.47079,9.096921596921675
0.47619,13.002613668537379
0.48205,12.586496735884793
0.48874,8.451522922092408
0.49415,9.103536580449145
0.49973,9.112364612099555
0.50513,9.096921596921675
0.51073,9.096921596921675
0.51613,9.051590200671853
0.52179,12.10679292394525
0.52813,12.149551521712056
0.53371,9.077339783951174
0.53915,9.016089723063487
0.54481,9.033743754282114
0.55023,9.026301850752134
0.5559,9.044177743366163
0.5613,9.151719746761955
0.56683,11.629445976524948
0.57359,11.688993911660873
0.57903,8.979134030689238
0.58474,9.014926594820281
0.59014,9.120149658898299
0.59571,9.129010938851934
0.6011,9.250836296752823
0.60652,9.25083629675646
0.61191,12.419024244818502
0.61814,12.284804231301678
0.62377,9.038747474420234
0.62921,8.936081134505002
0.63498,8.883305892895805
0.64048,9.175856423560617
0.64588,9.259259259259125
0.65128,13.25256810868268
0.657,12.903484898020906
0.66348,8.547764628290679
0.66889,9.216730786283733
0.67433,9.116997508070199
0.67986,8.879278250627976
0.6856,8.862414477140192
0.69115,8.945459852147906
0.69678,12.051245609460238
0.70317,12.0512456094566
0.7088,8.962012514770322
0.71433,9.058030468917423
0.71984,8.853366838846341
0.72564,8.793916910432017
0.73122,13.039118507031162
0.73701,12.704614127429522
0.74385,8.089416822236672
0.74957,8.852274695836968
0.75515,8.897698585162289
0.76081,9.016089723061668
0.76625,9.108979104848913
0.77179,13.789323873106696
0.77721,13.54047346630432
0.78387,8.171221822272855
0.78959,8.860523497887698
0.79516,8.89058869474502
0.80084,9.010019942154031
0.80627,9.078236795683551
0.81186,12.101324935358207
0.81823,12.05845751803463
0.8239,8.72791724504168
0.82969,8.958287351513718
0.83509,9.242207332730686
0.84051,9.134263479671063
0.84604,9.142967673022213
0.85145,9.111336735813893
0.85702,11.987708913044116
0.86348,12.091580614180202
0.86888,9.225343478923605
0.87432,9.125059893840444
0.87984,8.84473840818282
0.88564,8.942227231369543
0.89105,9.242144177447699
0.89646,9.259322766054538
0.90185,12.317973823533976
0.90815,12.035622329738544
0.91409,8.63074102382052
0.91975,9.042642771362807
0.92516,8.874987468969266
0.93106,8.865746260624292
0.93648,9.250836296752823
0.94187,12.303785566176884
0.94818,12.160807510546874
0.95382,9.057618648746939
0.95923,8.998676952851383
0.96495,8.8440695898571
0.97054,9.086983944764143
0.97596,8.968192947668285
0.98171,13.761255894225542
0.98711,13.572890632325652
0.99396,8.234058100746552
0.99952,8.625424673828093
1.0056,8.772142076062664
1.011,9.175856423560617
1.0165,9.175856423562436
1.0219,12.311762311765051
1.0282,12.196545284783497
1.0338,9.096921596921675
1.0392,9.022180074809512
1.0449,9.022180074811331
1.0503,9.022180074811331
1.056,8.771929824564722
1.0617,13.776934829569655
1.0671,13.569773378891114
1.074,8.081798699648061
1.0797,9.022180074816788
1.0851,8.884278008321417
1.091,8.793555537533393
1.0965,9.175856423560617
1.1019,12.311762311763232
1.1082,12.196545284779859
1.1138,9.096921596921675
1.1192,9.022180074811331
1.1249,9.022180074811331
1.1303,9.096921596923494
1.1359,8.777331259183484
1.1417,13.746351030831647
1.1471,13.57637772777889
1.1539,8.415479124256308
1.1593,9.02218007481315
1.165,9.022180074811331
1.1704,9.175856423562436
1.1759,8.934267486898534
1.1816,13.560890863520399
1.1871,13.349422781768226
1.1938,8.457483016507467
1.1992,9.096921596921675
1.2048,9.096921596923494
1.2102,9.022180074807693
1.2159,8.771929824561084
1.2216,13.560890863520399
1.2271,13.331420799864645
1.234,8.081798699646242
1.2397,9.022180074811331
1.2451,8.82066276803198
1.2511,8.820662768028342
1.2565,9.259259259260944
1.2619,12.311762311765051
1.2682,12.196545284779859
1.2738,9.096921596919856
1.2792,9.022180074811331
1.2849,9.022180074809512
1.2903,9.096921596921675
1.2959,8.850943731007646
1.3016,13.560890863524037
1.3071,13.331420799864645
1.314,8.272769773471737
1.3195,9.090909090908099
1.325,9.090909090908099
1.3305,9.175856423562436
1.3359,9.022180074809512
1.3416,13.560890863520399
1.3471,13.389276165011324
1.3535,8.597182988072746
1.3589,9.259259259257306
1.3643,9.175856423562436
1.3698,9.175856423562436
1.3752,9.096921596921675
1.3808,9.096921596925313
1.3862,9.022180074809512
1.3919,11.728323024855854
1.3985,11.845730027547688
1.404,8.79355553753885
1.4099,8.884278008319598
1.4153,9.259259259259125
1.4207,9.259259259259125
1.4261,9.096921596919856
1.4317,13.596876096877168
1.4372,13.349422781770045
1.4439,8.261176694921232
1.4495,9.096921596921675
1.4549,9.259259259262762
1.4603,9.096921596919856
1.4659,9.096921596919856
1.4713,9.175856423560617
1.4768,13.847959719520077
1.4822,13.594276094274392
1.4888,8.501683501683146
1.4942,9.022180074811331
1.4999,9.022180074809512
1.5053,9.02218007481315
1.511,8.696967305819271
1.5168,13.746351030831647
1.5222,13.59427609427621
1.5288,8.501683501684965
1.5342,9.022180074811331
1.5399,9.022180074814969
1.5453,8.951377485856938
1.5511,8.777331259183484
1.5567,13.596876096877168
1.5622,13.349422781770045
1.5689,8.261176694921232
1.5745,8.928571428570649
1.5801,8.641215106734307
1.5861,8.64121510673067
1.5917,11.537679587961975
1.5985,11.60166949262748
1.604,9.010471510471689
1.6096,9.188221766118659
1.6149,9.18822176611684
1.6205,8.928571428570649
1.6261,9.096921596921675
1.6315,9.259259259260944
1.6369,13.888888888888687
1.6423,13.60578419401645
1.6488,8.548205607030468
1.6542,9.022180074811331
1.6599,8.850943731011284
1.6655,9.010471510473508
1.671,8.862041223961569
1.6768,13.746351030835285
1.6822,13.59427609427803
1.6888,8.501683501681327
1.6942,9.096921596921675
1.6998,9.096921596921675
1.7052,9.022180074814969
1.7109,9.022180074811331
1.7163,9.022180074809512
1.722,12.29592006582061
1.7282,12.345739279859117
1.7338,9.096921596921675
1.7392,9.096921596919856
1.7448,9.010471510471689
1.7503,9.090909090908099
1.7558,9.175856423562436
1.7612,9.096921596921675
1.7668,13.810726310724931
1.7722,13.569773378894752
1.7791,8.08179869964988
1.7848,9.022180074811331
1.7902,9.175856423562436
1.7957,9.175856423562436
1.8011,9.096921596921675
1.8067,11.421325051756867
1.8136,11.486888520548746
1.8191,9.010471510473508
1.8247,9.096921596919856
1.8301,9.175856423566074
1.8356,9.175856423562436
1.841,9.175856423562436
1.8465,9.090909090908099
1.852,12.399428528457065
1.8582,12.345739279857298
1.8638,9.096921596921675
1.8692,8.884278008323236
1.8751,8.884278008321417
1.8805,9.175856423564255
1.886,9.090909090908099
1.8915,9.090909090908099
1.897,12.399428528458884
1.9032,12.345739279859117
1.9088,9.096921596921675
1.9142,9.096921596919856
1.9198,9.096921596921675
1.9252,8.951377485858757
1.931,8.951377485864214
1.9364,9.259259259259125
1.9418,13.888888888886868
1.9472,13.576377727777071
1.954,8.12487100103317
1.9597,9.022180074809512
1.9651,8.951377485858757
1.9709,8.951377485864214
1.9763,9.175856423560617
1.9818,13.847959719518258
1.9872,13.594276094274392
1.9938,8.501683501684965
1.9992,9.022180074811331
2.0049,9.022180074814969
2.0103,9.096921596919856
2.0159,8.777331259183484
2.0217,13.528171553803986
2.0272,13.331420799864645
2.0341,8.174948240168305
2.0397,9.096921596919856
2.0451,8.951377485862395
2.0509,9.045642910312381
2.0562,9.188221766118659
2.0618,13.810726310724931
2.0672,13.569773378892933
2.0741,8.174948240168305
2.0797,9.096921596921675
2.0851,8.884278008321417
2.091,8.884278008319598
2.0964,9.175856423560617
2.1019,14.069944730323186
2.1072,13.824171489899527
2.114,8.124871001031352
2.1197,9.022180074811331
2.1251,8.951377485862395
2.1309,8.951377485862395
2.1363,9.175856423560617
2.1418,14.069944730321367
2.1471,13.83061109546361
2.1538,8.457483016507467
2.1592,9.096921596919856
2.1648,9.096921596921675
2.1702,9.022180074809512
2.1759,8.850943731007646
2.1815,8.928571428574287
2.1871,11.658822611681899
2.1938,11.721200258021781
2.1993,9.01047151046987
2.2049,8.928571428574287
2.2105,9.096921596921675
2.2159,9.022180074809512
2.2216,13.354736398521709
2.2272,13.137818465684177
2.2338,8.501683501681327
2.2392,9.022180074809512
2.2449,9.022180074807693
2.2503,9.096921596921675
2.2559,8.777331259185303
2.2617,8.951377485856938
2.2671,11.670059644986395
2.2739,11.670059644988214
2.2793,9.02218007481315
2.285,8.850943731009465
2.2906,9.18822176611684
2.2959,9.18822176611684
2.3015,8.928571428572468
2.3071,12.053571428572468
2.3135,12.172394852483194
2.3189,9.02218007481315
2.3246,9.02218007481315
2.33,9.259259259262762
2.3354,9.175856423560617
2.3409,9.175856423562436
2.3463,12.93407551844939
2.3522,12.507077204776579
2.3589,8.083376222337392
2.3647,8.951377485858757
2.3701,9.022180074809512
2.3758,8.625816440573544
2.3817,13.498499716162769
2.3872,13.349422781770045
2.3939,8.261176694917594
2.3995,9.010471510471689
2.405,8.728590250333582
2.411,8.728590250329944
2.4165,9.175856423564255
2.4219,11.787938178713375
2.4286,11.72120025802542
2.4341,9.090909090908099
2.4396,9.175856423564255
2.445,9.175856423560617
2.4505,9.175856423560617
2.4559,9.096921596925313
2.4615,8.928571428570649
2.4671,12.50150123100866
2.4732,12.50150123101048
2.4788,9.096921596921675
2.4842,9.096921596919856
2.4898,9.096921596919856
2.4952,9.096921596921675
2.5008,9.096921596918037
2.5062,9.096921596927132
2.5118,11.65882261168008
2.5185,11.787938178709737
2.5239,9.259259259257306
2.5293,9.096921596927132
2.5349,8.777331259179846
2.5407,8.951377485860576
2.5461,9.096921596919856
2.5517,13.596876096878987
2.5572,13.349422781770045
2.5639,8.45748301650383
2.5693,9.096921596921675
2.5749,8.777331259181665
2.5807,8.951377485860576
2.5861,9.259259259259125
2.5915,9.259259259259125
2.5969,14.10849219877855
2.6022,13.838640087253225
2.6088,8.501683501681327
2.6142,9.022180074809512
2.6199,9.022180074809512
2.6253,9.096921596923494
2.6309,8.707495525844934
2.6368,13.718758506518498
2.6422,13.59427609427621
2.6488,8.501683501681327
2.6542,9.096921596923494
2.6598,9.096921596921675
2.6652,9.022180074811331
2.6709,9.02218007481315
2.6763,9.096921596921675
2.6819,13.81072631072675
2.6873,13.594276094279849
2.6939,8.501683501679508
2.6993,9.175856423560617
2.7048,9.175856423566074
2.7102,9.096921596921675
2.7158,9.096921596921675
2.7212,9.096921596919856
2.7268,13.810726310723112
2.7322,13.56977337889657
2.7391,8.375554770040253
2.7445,9.175856423562436
2.75,9.090909090908099
2.7555,9.175856423566074
2.7609,9.096921596921675
2.7665,9.096921596919856
2.7719,13.888888888890506
2.7773,13.60578419401827
2.7838,8.548205607023192
2.7892,8.951377485860576
2.795,8.862041223954293
2.8005,9.175856423564255
2.8059,9.259259259260944
2.8113,8.951377485860576
2.8171,12.409090261317033
2.8232,12.50150123101048
2.8288,9.096921596923494
2.8342,9.096921596919856
2.8398,9.096921596918037
2.8452,8.884278008321417
2.8511,8.707495525844934
2.8567,9.096921596923494
2.8621,12.172394852479556
2.8685,12.172394852477737
2.8739,9.259259259259125
2.8793,9.096921596925313
2.8849,8.928571428570649
2.8905,9.010471510473508
2.896,8.862041223957931
2.9018,13.746351030833466
2.9072,13.584510870809027
2.9139,8.261176694919413
2.9195,9.010471510471689
2.925,9.175856423564255
2.9304,9.175856423566074
2.9359,9.01047151046987
2.9415,8.928571428572468
2.9471,12.50150123101048
2.9532,12.50150123101048
2.9588,9.096921596921675
2.9642,9.022180074809512
2.9699,9.02218007481315
2.9753,9.175856423560617
2.9808,9.175856423564255
2.9862,9.096921596921675
2.9918,11.65882261167826
2.9985,11.787938178711556
3.0039,9.259259259260944
3.0093,9.096921596921675
3.0149,8.707495525843115
3.0208,8.884278008319598
3.0262,9.096921596919856
3.0318,11.658822611681899
3.0385,11.787938178709737
3.0439,9.096921596919856
3.0495,9.01047151046987
3.055,9.175856423566074
3.0604,12.038832627069496
3.0669,10.719139903178075
3.0742,7.3283049562760425
3.0799,7.9501851975073805
3.0855,8.035714285711947
3.0911,8.035714285715585
3.0967,7.277537277535885
3.1021,9.317599852165586
3.1082,8.285544146197935
3.1138,5.4581529581519135
3.1192,5.413308044888254
3.1249,4.462357093936589
3.1303,3.6703425694267935
3.1358,2.7453783114160615
3.1411,1.7959934213540691
3.147,1.6204735668925423
3.1535,-0.27972027972100477
3.159,-1.7868534973822534
3.1647,-1.8044360149651766
3.1701,-1.7902754971710237
3.1759,-2.5862068965507206
3.1817,-7.277720753458198
3.1872,-8.009653669058025
3.1939,-5.074489809903753
3.1993,-6.266793108901766
3.205,-6.900653152462837
3.2109,-7.107422406657861
3.2163,-7.217744059849792
3.222,-10.08480180495826
3.2286,-11.15702479339052
3.2341,-8.125658125658447
3.2397,-7.791346457521286
3.2456,-8.707495525843115
3.2512,-8.777331259181665
3.257,-11.81018308856983
3.2635,-11.975524475523343
3.269,-9.175856423560617
3.2744,-9.096921596923494
3.28,-8.850943731013103
3.2857,-8.934267486900353
3.2912,-8.934267486896715
3.2969,-13.776934829564198
3.3023,-13.594276094274392
3.3089,-8.30760769285007
3.3145,-9.01047151046987
3.32,-8.934267486898534
3.3257,-8.934267486900353
3.3312,-8.934267486898534
3.3369,-12.000235609682932
3.3433,-12.053571428570649
3.3489,-9.096921596921675
3.3543,-9.096921596923494
3.3599,-8.777331259179846
3.3657,-8.951377485862395
3.3711,-9.259259259257306
3.3765,-9.259259259259125
3.3819,-13.888888888890506
3.3873,-13.584510870805389
3.394,-8.17010026269054
3.3997,-8.934267486896715
3.4052,-8.934267486903991
3.4109,-8.850943731007646
3.4165,-9.18822176611502
3.4218,-13.933789193886696
3.4272,-13.594276094274392
3.4338,-8.501683501684965
3.4392,-9.02218007481315
3.4449,-9.022180074807693
3.4503,-9.02218007481315
3.456,-8.771929824562903
3.4617,-13.560890863525856
3.4672,-13.339637407065311
3.474,-8.12487100103317
3.4797,-9.02218007481315
3.4851,-8.884278008323236
3.491,-8.884278008323236
3.4964,-9.259259259259125
3.5018,-13.888888888890506
3.5072,-13.584510870807208
3.5139,-8.457483016507467
3.5193,-9.096921596921675
3.5249,-8.928571428572468
3.5305,-9.010471510473508
3.536,-9.010471510471689
3.5416,-13.392857142853245
3.5472,-13.124707473085437
3.5539,-8.26117669492487
3.5595,-9.01047151046987
3.565,-9.175856423560617
3.5704,-9.175856423564255
3.5759,-9.01047151046805
3.5815,-8.928571428574287
3.5871,-12.053571428570649
3.5935,-12.172394852477737
3.5989,-9.02218007481315
3.6046,-9.02218007481315
3.61,-9.259259259257306
3.6154,-9.259259259257306
3.6208,-9.259259259259125
3.6262,-9.096921596919856
3.6318,-11.65882261167826
3.6385,-11.787938178713375
3.6439,-9.259259259259125
3.6493,-9.096921596919856
3.6549,-8.707495525846753
3.6608,-8.884278008323236
3.6662,-9.096921596919856
3.6718,-11.658822611676442
3.6785,-11.787938178713375
3.6839,-9.259259259259125
3.6893,-9.096921596921675
3.6949,-9.096921596921675
3.7003,-9.175856423564255
3.7058,-9.175856423564255
3.7112,-9.096921596921675
3.7168,-13.810726310724931
3.7222,-13.594276094274392
3.7288,-8.501683501688603
3.7342,-9.096921596923494
3.7398,-9.096921596923494
3.7452,-9.096921596918037
3.7508,-9.096921596923494
3.7562,-12.768031189087196
3.7622,-12.33766233766437
3.7688,-8.501683501683146
3.7742,-9.096921596923494
3.7798,-9.096921596925313
3.7852,-9.022180074809512
3.7909,-9.022180074809512
3.7963,-9.096921596921675
3.8019,-13.810726310728569
3.8073,-13.60578419401827
3.8138,-8.548205607028649
3.8192,-9.02218007481315
3.8249,-9.022180074811331
3.8303,-9.175856423567893
3.8358,-9.175856423564255
3.8412,-9.096921596919856
3.8468,-13.81072631072675
3.8522,-13.569773378891114
3.8591,-8.272769773471737
3.8646,-9.175856423562436
3.87,-9.259259259257306
3.8754,-9.096921596921675
3.881,-9.096921596925313
3.8864,-9.175856423558798
3.8919,-13.847959719516439
3.8973,-13.60578419401827
3.9038,-8.548205607030468
3.9092,-8.951377485858757
3.915,-8.86204122395975
3.9205,-9.090909090908099
3.926,-9.090909090909918
3.9315,-9.175856423564255
3.9369,-12.172394852481375
3.9433,-12.05357142856883
3.9489,-9.096921596921675
3.9543,-9.096921596923494
3.9599,-8.707495525841296
3.9658,-8.884278008321417
3.9712,-9.096921596921675
3.9768,-11.916492598311379
3.9833,-11.975524475523343
3.9888,-9.175856423562436
3.9942,-9.022180074811331
3.9999,-8.771929824559265
4.0056,-8.934267486902172
4.0111,-9.010471510471689
4.0167,-9.096921596921675
4.0221,-12.038832627071315
4.0286,-11.975524475525162
4.0341,-8.934267486902172
4.0398,-9.02218007481315
4.0452,-9.022180074809512
4.0509,-8.934267486896715
4.0564,-9.090909090911737
4.0619,-13.847959719518258
4.0673,-13.594276094272573
4.0739,-7.575757575756143
4.0805,-8.307607692855527
4.0861,-8.928571428570649
4.0917,-13.392857142856883
4.0973,-13.137818465689634
4.1039,-8.131931101896043
4.1097,-8.777331259183484
4.1153,-8.928571428570649
4.1209,-8.928571428570649
4.1265,-9.096921596921675
4.1319,-12.172394852479556
4.1383,-12.053571428572468
4.1439,-8.850943731007646
4.1496,-9.022180074809512
4.155,-9.259259259262762
4.1604,-9.096921596919856
4.166,-9.01047151046987
4.1715,-9.175856423564255
4.1769,-12.172394852481375
4.1833,-12.053571428570649
4.1889,-9.096921596921675
4.1943,-9.096921596921675
4.1999,-8.928571428570649
4.2055,-8.928571428574287
4.2111,-8.928571428570649
4.2167,-13.59687609687353
4.2222,-13.360881542697825
4.2288,-8.501683501684965
4.2342,-9.022180074809512
4.2399,-8.696967305819271
4.2457,-8.951377485860576
4.2511,-9.259259259259125
4.2565,-9.259259259260944
4.2619,-13.888888888890506
4.2673,-13.584510870805389
4.274,-8.170100262692358
4.2797,-9.022180074811331
4.2851,-9.02218007481315
4.2908,-9.022180074809512
4.2962,-9.096921596921675
4.3018,-13.81072631072675
4.3072,-13.59427609427621
4.3138,-8.501683501681327
4.3192,-9.022180074807693
4.3249,-9.022180074807693
4.3303,-9.022180074816788
4.336,-8.771929824561084
4.3417,-9.022180074809512
4.3471,-11.670059644986395
4.3539,-11.670059644988214
4.3593,-9.096921596923494
4.3649,-8.928571428572468
4.3705,-9.010471510471689
4.376,-9.010471510471689
4.3816,-13.392857142856883
4.3872,-13.137818465685996
4.3938,-8.501683501683146
4.3992,-9.022180074811331
4.4049,-9.02218007481315
4.4103,-9.022180074809512
4.416,-8.771929824561084
4.4217,-9.022180074809512
4.4271,-11.670059644986395
4.4339,-11.670059644986395
4.4393,-9.096921596923494
4.4449,-8.928571428570649
4.4505,-9.010471510471689
4.456,-9.010471510473508
4.4616,-13.392857142856883
4.4672,-13.137818465684177
4.4738,-8.501683501684965
4.4792,-9.022180074814969
4.4849,-9.02218007481315
4.4903,-9.096921596921675
4.4959,-8.777331259181665
4.5017,-8.951377485860576
4.5071,-11.670059644988214
4.5139,-11.601669492631117
4.5194,-9.01047151046987
4.525,-9.010471510471689
4.5305,-9.090909090911737
4.536,-9.010471510471689
4.5416,-13.392857142855064
4.5472,-13.137818465685996
4.5538,-8.501683501684965
4.5592,-9.02218007481315
4.5649,-9.022180074809512
4.5703,-9.02218007481315
4.576,-8.771929824561084
4.5817,-9.02218007481315
4.5871,-11.670059644988214
4.5939,-11.670059644984576
4.5993,-9.096921596921675
4.6049,-9.096921596921675
4.6103,-9.02218007481315
4.616,-8.850943731007646
4.6216,-13.596876096877168
4.6271,-13.339637407065311
4.6339,-8.41547912425267
4.6393,-9.096921596921675
4.6449,-8.928571428570649
4.6505,-9.01047151046987
4.656,-8.934267486903991
4.6617,-13.560890863524037
4.6672,-13.331420799861007
4.6741,-8.081798699646242
4.6798,-9.022180074811331
4.6852,-8.884278008323236
4.6911,-8.707495525846753
4.6967,-9.18822176611502
4.702,-13.933789193884877
4.7074,-13.605784194020089
4.7139,-8.548205607028649
4.7193,-9.096921596921675
4.7249,-9.010471510471689
4.7304,-9.010471510475327
4.736,-8.928571428570649
4.7416,-13.392857142855064
4.7472,-13.124707473089074
4.7539,-8.356874346598488
4.7594,-9.01047151046987
4.765,-9.096921596919856
4.7704,-9.096921596923494
4.776,-8.928571428570649
4.7816,-13.596876096878987
4.7871,-13.360881542699644
4.7937,-8.501683501683146
4.7991,-9.02218007481315
4.8048,-9.022180074811331
4.8102,-9.096921596919856
4.8158,-8.707495525843115
4.8217,-8.884278008321417
4.8271,-11.556890931227827
4.834,-11.556890931229646
4.8394,-9.096921596921675
4.845,-9.010471510471689
4.8505,-9.175856423560617
4.8559,-8.951377485862395
4.8617,-13.528171553807624
4.8672,-13.349422781766407
4.8739,-8.261176694921232
4.8795,-9.010471510473508
4.885,-8.66694074721454
4.8911,-8.578284193039508
4.8967,-9.18822176611502
4.902,-13.726891557082126
4.9075,-13.360881542701463
4.9141,-8.217606099504337
4.9198,-8.934267486896715
4.9253,-8.793555537537031
4.9312,-8.625816440575363
4.9369,-13.776934829566017
4.9423,-13.594276094272573
4.9489,-8.307607692853708
4.9545,-9.010471510473508
4.96,-8.934267486902172
4.9657,-9.022180074809512
4.9711,-9.022180074811331
4.9768,-13.560890863524037
4.9823,-13.360881542703282
4.9889,-8.501683501684965
4.9943,-9.096921596921675
4.9999,-8.850943731007646
5.0056,-8.934267486900353
5.0111,-8.934267486902172
5.0168,-13.560890863522218
5.0223,-13.360881542701463
5.0289,-8.501683501686784
5.0343,-9.096921596919856
5.0399,-8.850943731007646
5.0456,-8.934267486898534
5.0511,-9.01047151046987
5.0567,-13.81072631072675
5.0621,-13.59427609427621
5.0687,-8.501683501684965
5.0741,-9.096921596921675
5.0797,-9.096921596923494
5.0851,-8.82066276803016
5.0911,-8.820662768028342
5.0965,-9.34742713088599
5.1018,-13.933789193886696
5.1072,-13.59427609427621
5.1138,-8.501683501684965
5.1192,-9.02218007481315
5.1249,-8.934267486898534
5.1304,-9.010471510475327
5.136,-8.928571428570649
5.1416,-13.392857142856883
5.1472,-13.103519668738954
5.1541,-8.174948240170124
5.1597,-9.096921596919856
5.1651,-8.884278008319598
5.171,-8.793555537535212
5.1765,-9.175856423566074
5.1819,-13.888888888888687
5.1873,-13.594276094274392
5.1939,-8.501683501683146
5.1993,-9.096921596919856
5.2049,-8.928571428574287
5.2105,-9.01047151046987
5.216,-9.010471510471689
5.2216,-13.392857142858702
5.2272,-13.103519668733497
5.2341,-8.174948240166486
5.2397,-9.096921596923494
5.2451,-9.02218007481315
5.2508,-9.022180074809512
5.2562,-9.175856423566074
5.2617,-13.434538434541537
5.2673,-13.152756334575315
5.2738,-8.449883449882691
5.2793,-9.010471510471689
5.2849,-8.928571428570649
5.2905,-9.01047151046987
5.296,-9.010471510471689
5.3016,-13.392857142855064
5.3072,-13.103519668735316
5.3141,-8.081798699646242
5.3198,-9.022180074811331
5.3252,-8.884278008321417
5.3311,-8.707495525843115
5.3367,-9.188221766113202
5.342,-13.72689155707667
5.3475,-13.389276165011324
5.3539,-8.597182988076383
5.3593,-9.096921596923494
5.3649,-8.928571428570649
5.3705,-9.010471510471689
5.376,-8.934267486896715
5.3817,-13.560890863520399
5.3872,-13.331420799862826
5.3941,-8.174948240164667
5.3997,-9.096921596921675
5.4051,-8.951377485860576
5.4109,-8.951377485860576
5.4163,-9.175856423564255
5.4218,-13.241911597173385
5.4275,-12.959665434245835
5.4339,-8.597182988072746
5.4393,-9.02218007481315
5.445,-9.022180074809512
5.4504,-9.096921596921675
5.456,-8.850943731009465
5.4617,-13.776934829566017
5.4671,-13.569773378891114
5.474,-8.272769773473556
5.4795,-9.090909090909918
5.485,-9.175856423560617
5.4904,-9.096921596921675
5.496,-8.928571428570649
5.5016,-13.392857142856883
5.5072,-13.137818465687815
5.5138,-8.501683501683146
5.5192,-9.022180074811331
5.5249,-9.022180074811331
5.5303,-9.022180074814969
5.536,-8.771929824561084
5.5417,-13.776934829564198
5.5471,-13.576377727775252
5.5539,-8.41547912425267
5.5593,-9.096921596919856
5.5649,-8.928571428572468
5.5705,-9.01047151046987
5.576,-9.010471510471689
5.5816,-13.392857142856883
5.5872,-13.137818465685996
5.5938,-8.501683501683146
5.5992,-9.022180074811331
5.6049,-9.022180074811331
5.6103,-9.175856423562436
5.6158,-8.793555537533393
5.6217,-8.884278008323236
5.6271,-11.670059644988214
5.6339,-11.601669492632936
5.6394,-9.010471510471689
5.645,-9.096921596921675
5.6504,-9.096921596921675
5.656,-8.850943731013103
5.6617,-9.114982997803963
5.667,-11.98043539885657
5.6736,-11.910774410776867
5.679,-9.175856423564255
5.6845,-9.090909090908099
5.69,-9.090909090908099
5.6955,-9.175856423564255
5.7009,-9.259259259259125
5.7063,-9.096921596923494
5.7119,-11.65882261167826
5.7186,-11.787938178709737
5.724,-9.175856423560617
5.7295,-9.090909090911737
5.735,-8.862041223954293
5.7408,-8.862041223957931
5.7463,-9.010471510471689
5.7519,-11.65882261167826
5.7586,-11.787938178711556
5.764,-9.175856423560617
5.7695,-9.090909090908099
5.775,-9.090909090908099
5.7805,-9.175856423567893
5.7859,-9.096921596919856
5.7915,-9.096921596921675
5.7969,-11.670059644990033
5.8037,-11.601669492632936
5.8092,-8.862041223957931
5.815,-8.69696730582109
5.8207,-8.850943731007646
5.8263,-8.850943731011284
5.832,-11.728323024855854
5.8386,-11.910774410775048
5.844,-9.175856423560617
5.8495,-9.010471510471689
5.8551,-8.850943731013103
5.8608,-9.022180074811331
5.8662,-9.02218007481315
5.8719,-11.60052876534246
5.8786,-11.7212002580236
5.8841,-8.728590250328125
5.8901,-8.558254610887161
5.8958,-8.696967305819271
5.9016,-13.528171553807624
5.9071,-13.331420799862826
5.914,-8.272769773471737
5.9195,-9.090909090909918
5.925,-8.793555537531574
5.9309,-8.884278008323236
5.9363,-9.096921596921675
5.9419,-13.59687609687353
5.9474,-13.339637407068949
5.9542,-7.9535016996269405
5.9601,-8.707495525844934
5.9657,-9.010471510471689
5.9712,-8.934267486900353
5.9769,-13.776934829567836
5.9823,-13.584510870807208
5.989,-8.000754901840992
5.9949,-8.707495525846753
6.0005,-9.096921596919856
6.0059,-9.096921596923494
6.0115,-9.096921596921675
6.0169,-13.480038480036455
6.0225,-13.169642857141298
6.0289,-8.407738095240347
6.0345,-9.010471510471689
6.04,-8.934267486902172
6.0457,-13.35473639851989
6.0513,-13.072453861925169
6.059,-8.00865800866086
6.0645,-9.090909090908099
6.07,-8.24143576437018
6.0754,-8.154160654159568
6.081,-8.154160654161387
6.0864,-8.33333333333394
6.0918,-12.037037037036498
6.0972,-10.875420875418058
6.1038,-5.782828282828632
6.1092,-5.330566804990667
6.1151,-5.224497315508415
6.1207,-5.512933059668285
6.126,-4.667111365224628
6.1315,-3.6703425694304315
6.1369,-3.6387686387679423
6.1425,-2.633928571427532
6.1489,-0.7150423728835449
6.1543,0.8766233766273217
6.1599,1.785714285717404
6.1655,1.785714285713766
6.1711,1.785714285713766
6.1767,2.7621452621460776
6.1821,6.127946127946416
6.1887,7.146464646462846
6.1941,5.4581529581537325
6.1997,6.400913900915839
6.2051,7.217744059849792
6.2108,6.795259891878231
6.2169,10.758004008426724
6.2224,11.433584797552612
6.2288,8.597182988069108
6.2342,8.168695010801457
6.2399,7.981513518307111
6.2455,8.928571428570649
6.2511,8.928571428570649
6.2567,9.096921596923494
6.2621,13.888888888890506
6.2675,13.59427609427621
6.2741,8.307607692851889
6.2797,9.096921596923494
6.2851,8.951377485862395
6.2909,9.045642910312381
6.2962,9.114982997805782
6.3019,13.776934829569655
6.3073,13.605784194020089
6.3138,8.54820560702683
6.3192,9.022180074811331
6.3249,8.850943731011284
6.3305,9.010471510473508
6.336,9.01047151046987
6.3416,13.392857142855064
6.3472,13.113309840064176
6.354,8.415479124256308
6.3594,9.096921596921675
6.365,9.096921596919856
6.3704,9.259259259259125
6.3758,8.951377485860576
6.3816,8.862041223956112
6.3871,11.845730027547688
6.3937,11.91077441077141
6.3991,9.259259259259125
6.4045,9.175856423564255
6.41,9.090909090908099
6.4155,9.265612095799952
6.4208,9.347427130887809
6.4262,9.096921596921675
6.4318,13.81072631072675
6.4372,13.584510870809027
6.4439,8.45748301650383
6.4493,9.096921596919856
6.4549,8.707495525846753
6.4608,8.884278008323236
6.4662,9.096921596919856
6.4718,13.198094794508506
6.4775,12.959665434247654
6.4839,8.500047746369091
6.4894,9.090909090908099
6.4949,9.010471510471689
6.5005,9.010471510471689
6.506,9.175856423566074
6.5114,9.175856423566074
6.5169,13.84795971951462
6.5223,13.605784194020089
6.5288,8.548205607032287
6.5342,9.096921596918037
6.5398,9.096921596923494
6.5452,9.096921596919856
6.5508,9.096921596925313
6.5562,12.768031189083558
6.5622,12.337662337660731
6.5688,8.501683501679508
6.5742,9.096921596919856
6.5798,9.188221766120478
6.5851,9.18822176611502
6.5907,8.928571428570649
6.5963,8.928571428570649
6.6019,13.596876096877168
6.6074,13.389276165011324
6.6138,8.597182988072746
6.6192,9.022180074809512
6.6249,9.02218007481315
6.6303,9.175856423567893
6.6358,9.175856423560617
6.6412,9.096921596921675
6.6468,11.309523809524762
6.6538,11.448199351425501
6.6592,9.096921596919856
6.6648,9.096921596921675
6.6702,9.096921596919856
6.6758,9.096921596925313
6.6812,9.096921596921675
6.6868,13.59687609687353
6.6923,13.339637407065311
6.6991,8.216996476008717
6.7047,9.096921596925313
6.7101,9.096921596921675
6.7157,9.096921596919856
6.7211,9.096921596921675
6.7267,13.596876096877168
6.7322,13.331420799868283
6.7391,8.174948240162848
6.7447,9.096921596919856
6.7501,9.259259259259125
6.7555,9.175856423564255
6.761,9.090909090908099
6.7665,9.090909090909918
6.772,13.636363636363967
6.7775,13.389276165013143
6.7839,8.236468343697197
6.7897,8.862041223954293
6.7952,9.01047151046987
6.8008,8.850943731007646
6.8065,9.022180074814969
6.8119,11.343766301513824
6.819,11.270654228399508
6.8245,9.090909090909918
6.83,9.175856423566074
6.8354,9.175856423560617
6.8409,9.01047151046987
6.8465,9.096921596921675
6.8519,13.480038480036455
6.8575,13.169642857144936
6.8639,8.236468343697197
6.8697,8.951377485858757
6.8751,9.096921596921675
6.8807,9.096921596925313
6.8861,9.096921596919856
6.8917,13.596876096875349
6.8972,13.360881542701463
6.9038,8.501683501683146
6.9092,8.82066276803198
6.9152,8.641215106732488
6.9208,9.096921596919856
6.9262,9.096921596921675
6.9318,13.810726310724931
6.9372,13.59427609427803
6.9438,8.501683501681327
6.9492,8.884278008319598
6.9551,8.884278008323236
6.9605,9.175856423560617
6.966,9.090909090908099
6.9715,9.175856423560617
6.9769,13.679609551169051
6.9824,13.389276165009505
6.9888,8.597182988072746
6.9942,9.022180074809512
6.9999,8.850943731011284
7.0055,8.928571428574287
7.0111,8.928571428570649
7.0167,9.096921596921675
7.0221,12.038832627067677
7.0286,12.038832627071315
7.034,9.175856423560617
7.0395,9.090909090908099
7.045,9.090909090908099
7.0505,9.175856423562436
7.0559,9.02218007481315
7.0616,13.354736398521709
7.0672,13.113309840064176
7.074,8.415479124254489
7.0794,9.096921596923494
7.085,9.096921596919856
7.0904,9.096921596921675
7.096,8.928571428570649
7.1016,9.096921596921675
7.107,13.888888888888687
7.1124,13.6191541117405
7.1188,8.597182988072746
7.1242,9.022180074809512
7.1299,9.022180074814969
7.1353,9.175856423564255
7.1408,13.84795971951462
7.1462,13.646985557093103
7.1551,7.884229794344719
7.1605,9.259259259259125
7.1659,9.175856423560617
7.1714,9.090909090908099
7.1769,13.636363636363967
7.1824,13.389276165013143
7.1888,8.50004774637091
7.1943,9.010471510471689
7.1999,8.850943731007646
7.2056,8.934267486902172
7.2111,9.010471510471689
7.2167,9.096921596919856
7.2221,11.787938178711556
7.2288,11.787938178711556
7.2342,9.022180074811331
7.2399,9.022180074809512
7.2453,8.951377485858757
7.2511,8.777331259179846
7.2567,9.096921596923494
7.2621,12.038832627065858
7.2686,12.038832627065858
7.274,9.259259259259125
7.2794,9.175856423564255
7.2849,9.090909090908099
7.2904,9.090909090908099
7.2959,8.862041223956112
7.3017,13.528171553807624
7.3072,13.339637407068949
7.314,8.415479124254489
7.3194,9.096921596921675
7.325,9.096921596919856
7.3304,9.175856423567893
7.3359,8.934267486896715
7.3416,8.934267486896715
7.3471,11.845730027547688
7.3537,11.910774410775048
7.3591,9.259259259259125
7.3645,9.175856423560617
7.37,9.175856423562436
7.3754,9.259259259257306
7.3808,9.259259259260944
7.3862,9.096921596921675
7.3918,13.810726310723112
7.3972,13.584510870809027
7.4039,8.457483016505648
7.4093,9.022180074809512
7.415,8.69696730582109
7.4208,8.951377485860576
7.4262,9.096921596921675
7.4318,13.198094794508506
7.4375,12.941085374219256
7.444,8.548205607030468
7.4494,9.096921596919856
7.455,9.096921596923494
7.4604,9.259259259259125
7.4658,9.259259259259125
7.4712,9.096921596921675
7.4768,13.81072631072675
7.4822,13.594276094279849
7.4888,8.501683501681327
7.4942,9.096921596919856
7.4998,9.096921596921675
7.5052,9.096921596921675
7.5108,9.096921596921675
7.5162,12.768031189085377
7.5222,12.337662337666188
7.5288,8.501683501683146
7.5342,9.096921596919856
7.5398,9.096921596921675
7.5452,9.096921596919856
7.5508,9.096921596921675
7.5562,9.096921596923494
7.5618,13.596876096875349
7.5673,13.331420799862826
7.5742,8.174948240166486
7.5798,9.096921596923494
7.5852,9.02218007481315
7.5909,8.69696730582109
7.5967,8.951377485860576
7.6021,11.787938178709737
7.6088,11.787938178713375
7.6142,9.096921596919856
7.6198,9.096921596921675
7.6252,9.022180074811331
7.6309,8.850943731011284
7.6365,9.096921596919856
7.6419,13.480038480036455
7.6475,13.152756334571677
7.654,8.548205607030468
7.6594,9.259259259259125
7.6648,9.175856423560617
7.6703,9.090909090908099
7.6758,9.175856423560617
7.6812,9.096921596923494
7.6868,11.421325051762324
7.6937,11.556890931226008
7.6991,9.022180074809512
7.7048,9.02218007481315
7.7102,9.096921596919856
7.7158,9.096921596923494
7.7212,9.096921596921675
7.7268,13.59687609687353
7.7323,13.339637407068949
7.7391,8.216996476008717
7.7447,9.096921596919856
7.7501,9.096921596921675
7.7557,9.096921596921675
7.7611,9.096921596921675
7.7667,13.596876096875349
7.7722,13.331420799866464
7.7791,8.08179869964988
7.7848,9.02218007481315
7.7902,9.096921596921675
7.7958,9.096921596921675
7.8012,9.096921596921675
7.8068,13.198094794510325
7.8125,12.924495273660796
7.8191,8.501683501683146
7.8245,9.175856423560617
7.83,9.175856423566074
7.8354,9.259259259259125
7.8408,9.259259259259125
7.8462,9.022180074809512
7.8519,13.776934829564198
7.8573,13.605784194020089
7.8638,8.548205607028649
7.8692,8.82066276803016
7.8752,8.641215106732488
7.8808,9.096921596927132
7.8862,9.096921596921675
7.8918,13.596876096869892
7.8973,13.37412587412473
7.9038,8.548205607032287
7.9092,8.884278008321417
7.9151,8.884278008323236
7.9205,9.175856423560617
7.926,9.175856423564255
7.9314,9.175856423567893
7.9369,13.636363636363967
7.9424,13.389276165009505
7.9488,8.50004774637091
7.9543,9.175856423562436
7.9597,9.259259259259125
7.9651,8.951377485858757
7.9709,8.951377485858757
7.9763,9.175856423566074
7.9818,13.434538434537899
7.9874,13.152756334575315
7.9939,8.548205607028649
7.9993,9.096921596921675
8.0049,9.010471510473508
8.0104,9.090909090909918
8.0159,9.010471510471689
8.0215,8.928571428570649
8.0271,11.537679587965613
8.0339,11.537679587965613
8.0395,9.01047151046987
8.045,9.090909090909918
8.0505,9.175856423560617
8.0559,8.951377485862395
8.0617,13.528171553807624
8.0672,13.360881542699644
8.0738,8.501683501679508
8.0792,9.022180074811331
8.0849,9.022180074814969
8.0903,9.096921596918037
8.0959,8.777331259183484
8.1017,13.528171553805805
8.1072,13.33963740706713
8.114,8.41547912425267
8.1194,9.175856423566074
8.1249,9.090909090909918
8.1304,9.090909090911737
8.1359,9.01047151046805
8.1415,13.198094794508506
8.1472,12.924495273662615
8.1538,8.501683501683146
8.1592,9.022180074807693
8.1649,9.022180074814969
8.1703,8.884278008321417
8.1762,8.707495525839477
8.1818,35.71428571429169
8.1874,53.4475528231668
8.2195,7.988967021574354
8.225,9.175856423560617
8.2304,9.175856423564255
8.2359,9.175856423562436
8.2413,9.175856423566074
8.2468,11.376623376621865
8.2538,11.448199351429139
8.2592,9.022180074809512
8.2649,9.022180074811331
8.2703,9.175856423566074
8.2758,9.175856423560617
8.2812,9.096921596921675
8.2868,13.392857142853245
8.2924,13.124707473085437
8.2991,8.261176694919413
8.3047,9.096921596927132
8.3101,9.096921596919856
8.3157,9.010471510471689
8.3212,9.01047151046987
8.3268,11.309523809524762
8.3338,11.448199351429139
8.3392,9.022180074809512
8.3449,9.022180074811331
8.3503,9.096921596919856
8.3559,9.096921596927132
8.3613,9.175856423564255
8.3668,13.84795971951462
8.3722,13.560772039647418
8.3793,8.096809201668293
8.3849,9.010471510473508
8.3904,9.090909090909918
8.3959,9.01047151046987
8.4015,9.096921596921675
8.4069,11.343766301515643
8.414,11.270654228401327
8.4195,9.09090909090628
8.425,9.090909090909918
8.4305,9.175856423560617
8.4359,9.175856423566074
8.4414,9.090909090909918
8.4469,13.43453843453608
8.4525,13.124707473087255
8.4592,8.261176694919413
8.4648,9.010471510471689
8.4703,9.010471510471689
8.4759,8.578284193041327
8.482,13.44750501053386
8.4875,13.389276165007686
8.4939,8.597182988072746
8.4993,9.096921596919856
8.5049,9.010471510473508
8.5104,9.175856423560617
8.5158,9.175856423566074
8.5213,9.090909090908099
8.5268,13.434538434537899
8.5324,13.124707473087255
8.5391,8.261176694919413
8.5447,9.096921596923494
8.5501,9.022180074807693
8.5558,9.022180074816788
8.5612,9.022180074809512
8.5669,11.246620488227563
8.5739,11.448199351429139
8.5793,9.022180074811331
8.585,9.022180074811331
8.5904,9.175856423566074
8.5959,9.175856423560617
8.6013,9.175856423566074
8.6068,13.434538434539718
8.6124,13.124707473089074
8.6191,8.261176694921232
8.6247,9.096921596921675
8.6301,9.096921596923494
8.6357,9.010471510471689
8.6412,9.01047151046987
8.6468,11.309523809526581
8.6538,11.448199351429139
8.6592,9.022180074809512
8.6649,9.022180074814969
8.6703,9.096921596918037
8.6759,9.096921596923494
8.6813,9.175856423567893
8.6868,13.241911597173385
8.6925,12.924495273660796
8.6991,8.307607692857346
8.7047,9.096921596923494
8.7101,9.259259259259125
8.7155,9.259259259259125
8.7209,9.259259259259125
8.7263,9.175856423566074
8.7318,13.636363636365786
8.7373,13.360881542701463
8.7439,8.307607692851889
8.7495,8.850943731007646
8.7552,8.850943731013103
8.7608,9.096921596923494
8.7662,9.096921596918037
8.7718,13.596876096877168
8.7773,13.360881542697825
8.7839,8.307607692855527
8.7895,8.92857142856883
8.7951,8.928571428570649
8.8007,9.010471510471689
8.8062,9.010471510475327
8.8118,13.596876096877168
8.8173,13.360881542699644
8.8239,8.217606099506156
8.8296,8.934267486896715
8.8351,9.01047151046805
8.8407,9.096921596923494
8.8461,9.096921596918037
8.8517,9.010471510471689
8.8572,11.975524475523343
8.8637,12.038832627071315
8.8691,8.884278008321417
8.875,8.884278008319598
8.8804,9.259259259262762
8.8858,9.259259259259125
8.8912,9.096921596919856
8.8968,9.096921596923494
8.9022,11.910774410775048
8.9088,11.910774410778686
8.9142,9.175856423562436
8.9197,9.175856423560617
8.9251,8.951377485862395
8.9309,8.862041223961569
8.9364,9.175856423560617
8.9418,13.289605394864338
8.9475,12.959665434249473
8.9539,8.597182988074564
8.9593,9.022180074809512
8.965,9.022180074814969
8.9704,9.259259259259125
8.9758,8.884278008321417
8.9817,13.498499716162769
8.9872,13.331420799866464
8.9941,8.174948240162848
8.9997,9.096921596923494
9.0051,8.884278008323236
9.011,8.884278008321417
9.0164,9.259259259257306
9.0218,13.289605394867976
9.0275,12.959665434253111
9.0339,8.50004774637091
9.0394,9.090909090909918
9.0449,9.090909090908099
9.0504,9.090909090908099
9.0559,8.934267486900353
9.0616,8.934267486900353
9.0671,12.110867074101407
9.0735,11.168000627751098
9.0789,7.917381908680909
9.0848,7.917381908682728
9.0902,8.15416065415775
9.0958,7.981513518310749
9.1015,7.147413989521738
9.107,10.14394711642126
9.1124,9.175886691773485
9.1188,5.1583097928469215
9.1242,5.5055138541411
9.1297,4.571093194941568
9.1351,3.608872029921258
9.1408,2.6579210789732315
9.1462,1.8193843193839712
9.1518,1.8193843193876091
9.1572,0.35931453842022165
9.1639,-1.6914966033036762
9.1693,-1.8044360149651766
9.175,-1.7393934611627628
9.1808,-2.7492702061681484
9.1862,-4.515392015393445
9.1918,-6.922607752776457
9.1986,-7.002035786990746
9.204,-6.406264479655874
9.2095,-7.1474139895181
9.2152,-6.6559736117142165
9.2216,-6.80003819709782
9.2271,-10.165289256196047
9.2337,-11.228956228955212
9.2391,-8.168695010805095
9.2448,-8.07273866484502
9.2503,-9.01047151046987
9.2559,-8.777331259181665
9.2617,-8.951377485862395
9.2671,-11.787938178711556
9.2738,-11.721200258027238
9.2793,-9.01047151046987
9.2849,-9.096921596916218
9.2903,-9.175856423562436
9.2958,-8.934267486898534
9.3015,-8.850943731007646
9.3071,-11.916492598311379
9.3136,-12.038832627069496
9.319,-9.096921596921675
9.3246,-9.010471510471689
9.3301,-9.010471510473508
9.3357,-8.928571428572468
9.3413,-8.850943731011284
9.347,-13.776934829564198
9.3524,-13.60578419401827
9.3589,-8.548205607028649
9.3643,-8.548205607032287
9.3708,-8.449883449880872
9.3763,-10.021781682778965
9.385,-12.481907194554879
9.3925,-10.0
9.4,-7.862838915471002
9.4057,-8.850943731009465
9.4113,-9.01047151046987
9.4168,-13.434538434541537
9.4224,-13.152756334575315
9.4289,-7.752869707808713
9.4353,-8.407738095240347
9.4409,-9.096921596921675
9.4463,-9.175856423560617
9.4518,-13.434538434537899
9.4574,-13.169642857144936
9.4638,-8.597182988074564
9.4692,-8.951377485860576
9.475,-8.951377485862395
9.4804,-9.259259259259125
9.4858,-9.259259259257306
9.4912,-9.096921596923494
9.4968,-9.096921596918037
9.5022,-12.038832627067677
9.5087,-12.038832627067677
9.5141,-9.02218007481315
9.5198,-9.022180074809512
9.5252,-8.951377485858757
9.531,-8.951377485860576
9.5364,-9.259259259259125
9.5418,-13.480038480041912
9.5474,-13.124707473087255
9.5541,-8.261176694923051
9.5597,-9.096921596919856
9.5651,-8.951377485860576
9.5709,-8.351872450866722
9.5771,-11.6381078915947
9.5836,-12.038832627067677
9.589,-9.259259259260944
9.5944,-9.096921596923494
9.6,-9.01047151046987
9.6055,-9.175856423560617
9.6109,-9.34742713088599
9.6162,-9.188221766118659
9.6218,-13.392857142858702
9.6274,-13.124707473087255
9.6341,-8.261176694923051
9.6397,-9.096921596921675
9.6451,-8.951377485860576
9.6509,-8.951377485862395
9.6563,-9.175856423560617
9.6618,-13.241911597173385
9.6675,-12.959665434245835
9.6739,-8.50004774637091
9.6794,-9.010471510471689
9.685,-9.096921596918037
9.6904,-9.175856423562436
9.6959,-8.862041223957931
9.7017,-9.045642910312381
9.707,-13.933789193884877
9.7124,-13.569773378892933
9.7193,-7.993050718734594
9.7251,-8.6206896551721
9.7309,-8.951377485860576
9.7363,-9.175856423560617
9.7418,-13.43453843453608
9.7474,-13.137818465687815
9.754,-8.402203856747292
9.7595,-9.090909090909918
9.765,-9.090909090908099
9.7705,-9.175856423566074
9.7759,-9.022180074814969
9.7816,-9.022180074809512
9.787,-13.679609551169051
9.7925,-13.389276165014962
9.7989,-8.15699497037349
9.8048,-8.884278008321417
9.8102,-9.096921596923494
9.8158,-8.850943731011284
9.8215,-8.934267486896715
9.827,-13.847959719520077
9.8324,-13.605784194020089
9.8389,-8.449883449886329
9.8444,-9.175856423566074
9.8498,-9.259259259259125
9.8552,-9.096921596923494
9.8608,-9.096921596918037
9.8662,-9.096921596925313
9.8718,-11.65882261168008
9.8785,-11.787938178709737
9.8839,-9.175856423558798
9.8894,-9.010471510475327
9.895,-8.850943731007646
9.9007,-8.934267486898534
9.9062,-9.010471510471689
9.9118,-13.198094794508506
9.9175,-12.959665434247654
9.9239,-8.50004774637273
9.9294,-9.090909090909918
9.9349,-9.090909090908099
9.9404,-9.175856423567893
9.9458,-9.259259259259125
9.9512,-9.096921596923494
9.9568,-13.392857142856883
9.9624,-13.152756334573496
9.9689,-8.548205607028649
9.9743,-9.175856423558798
9.9798,-9.175856423562436
9.9852,-9.096921596921675
9.9908,-9.096921596923494
9.9962,-8.951377485858757
10.002,-11.187653940885866
10.009,-11.785714285717404
10.014,-9.24242424242766
10.02,-9.242424242420384
10.025,-9.242424242424022
10.031,-9.242424242424022
10.036,-9.242424242424022
10.042,-11.080586080590365
10.049,-11.785714285713766
10.054,-10.0
10.059,-9.242424242422203
10.065,-9.242424242424022
10.07,-9.242424242425841
10.076,-9.242424242424022
10.081,-9.242424242425841
10.087,-14.696969696968154
10.092,-14.642857142858702
10.099,-7.783882783880472
10.105,-9.24242424242766
10.11,-9.242424242424022
10.116,-9.242424242424022
10.121,-9.242424242424022
10.127,-14.696969696971792
10.132,-14.64285714286234
10.139,-7.783882783882291
10.145,-9.242424242424022
10.15,-9.242424242422203
10.156,-9.242424242424022
10.161,-9.242424242424022
10.167,-11.080586080588546
10.174,-11.785714285713766
10.179,-9.242424242422203
10.185,-9.242424242425841
10.19,-9.242424242425841
10.196,-9.242424242422203
10.201,-9.242424242422203
10.207,-14.69696969697361
10.212,-14.642857142858702
10.219,-7.783882783878653
10.225,-9.242424242422203
10.23,-9.242424242422203
10.236,-9.242424242425841
10.241,-9.242424242425841
10.247,-14.696969696968154
10.252,-14.642857142853245
10.259,-7.783882783880472
10.265,-9.24242424242766
10.27,-9.242424242425841
10.276,-9.242424242422203
10.281,-9.242424242424022
10.287,-14.69696969697543
10.292,-14.642857142864159
10.299,-7.783882783880472
10.305,-9.242424242422203
10.31,-9.242424242422203
10.316,-9.24242424242766
10.321,-9.242424242422203
10.327,-14.696969696966335
10.332,-14.642857142855064
10.339,-7.783882783882291
10.345,-9.242424242425841
10.35,-9.242424242424022
10.356,-9.242424242422203
10.361,-9.242424242422203
10.367,-9.24242424242766
10.372,-11.785714285715585
10.379,-11.785714285710128
10.384,-9.242424242422203
10.39,-9.242424242429479
10.395,-9.242424242425841
10.401,-9.242424242422203
10.406,-9.242424242424022
10.412,-14.69696969697361
10.417,-14.64285714286234
10.424,-8.809523809522943
10.429,-9.242424242422203
10.435,-9.242424242425841
10.44,-9.242424242425841
10.446,-9.242424242422203
10.451,-9.242424242422203
10.457,-9.242424242425841
10.462,-11.785714285715585
10.469,-11.785714285713766
10.474,-9.242424242422203
10.48,-8.33333333333212
10.486,-9.242424242425841
10.491,-9.24242424242766
10.497,-9.242424242422203
10.502,-11.785714285711947
10.509,-11.785714285717404
10.514,-9.242424242425841
10.52,-9.242424242424022
10.525,-9.242424242424022
10.531,-8.33333333333212
10.537,-9.24242424242766
10.542,-11.785714285717404
10.549,-11.785714285713766
10.554,-9.242424242424022
10.56,-9.24242424242766
10.565,-9.242424242425841
10.571,-8.33333333333212
10.577,-9.242424242422203
10.582,-11.785714285717404
10.589,-11.785714285713766
10.594,-9.242424242425841
10.6,-9.242424242424022
10.605,-9.242424242424022
10.611,-9.242424242424022
10.616,-9.24242424242766
10.622,-14.696969696968154
10.627,-14.642857142853245
10.634,-8.809523809526581
10.639,-9.242424242425841
10.645,-9.242424242422203
10.65,-9.242424242422203
10.656,-8.33333333333212
10.662,-9.242424242425841
10.667,-11.785714285715585
10.674,-11.785714285713766
10.679,-9.242424242424022
10.685,-9.242424242425841
10.69,-9.24242424242766
10.696,-8.33333333333394
10.702,-9.242424242424022
10.707,-11.785714285715585
10.714,-11.785714285713766
10.719,-9.242424242425841
10.725,-9.242424242422203
10.73,-9.242424242424022
10.736,-8.33333333333212
10.742,-9.24242424242766
10.747,-11.785714285717404
10.754,-11.080586080583089
10.76,-9.242424242422203
10.765,-9.242424242424022
10.771,-8.33333333333212
10.777,-11.080586080583089
10.784,-11.785714285713766
10.789,-9.242424242425841
10.795,-8.33333333333394
10.801,-9.242424242425841
10.806,-9.242424242425841
10.812,-14.696969696968154
10.817,-14.642857142856883
10.824,-8.809523809522943
10.829,-9.242424242422203
10.835,-9.242424242425841
10.84,-9.242424242425841
10.846,-9.242424242424022
10.851,-9.242424242424022
10.857,-9.242424242420384
10.862,-11.785714285713766
10.869,-11.785714285710128
10.874,-9.242424242422203
10.88,-9.242424242425841
10.885,-9.242424242424022
10.891,-8.33333333333394
10.897,-9.242424242424022
10.902,-11.785714285711947
10.909,-11.785714285713766
10.914,-9.242424242425841
10.92,-9.242424242422203
10.925,-9.242424242424022
10.931,-8.333333333335759
10.937,-9.242424242424022
10.942,-11.785714285719223
10.949,-11.785714285713766
10.954,-10.0
10.959,-9.242424242424022
10.965,-9.242424242425841
10.97,-9.242424242424022
10.976,-8.33333333333212
10.982,-9.242424242422203
10.987,-11.785714285713766
10.994,-11.785714285713766
10.999,-9.242424242422203
11.005,-9.242424242424022
11.01,-9.242424242424022
11.016,-8.33333333333394
11.022,-9.242424242425841
11.027,-11.785714285711947
11.034,-11.785714285713766
11.039,-10.000000000001819
11.044,-9.242424242424022
11.05,-9.24242424242766
11.055,-9.242424242425841
11.061,-9.242424242422203
11.066,-9.24242424242766
11.072,-14.696969696968154
11.077,-14.642857142853245
11.084,-7.783882783880472
11.09,-8.333333333335759
11.096,-9.242424242422203
11.101,-9.242424242425841
11.107,-14.696969696966335
11.112,-14.642857142856883
11.119,-8.809523809521124
11.124,-9.242424242422203
11.13,-9.242424242425841
11.135,-9.242424242424022
11.141,-9.242424242425841
11.146,-9.242424242425841
11.152,-14.696969696964516
11.157,-14.642857142855064
11.164,-8.809523809522943
11.169,-9.242424242424022
11.175,-9.242424242425841
11.18,-9.242424242422203
11.186,-8.33333333333212
11.192,-12.5
11.198,-12.5
11.204,-9.242424242424022
11.209,-9.242424242424022
11.215,-9.242424242424022
11.22,-9.242424242425841
11.226,-9.242424242425841
11.231,-9.242424242424022
11.237,-10.119047619046796
11.245,-10.119047619047706
11.251,-9.242424242422203
11.256,-9.242424242420384
11.262,-9.242424242425841
11.267,-11.785714285717404
11.274,-11.785714285715585
11.279,-9.242424242424022
11.285,-9.242424242425841
11.29,-9.242424242425841
11.296,-8.33333333333212
11.302,-9.242424242422203
11.307,-13.030303030302093
11.313,-12.5
11.319,-8.33333333333212
11.325,-9.242424242424022
11.33,-9.242424242424022
11.336,-9.242424242425841
11.341,-9.24242424242766
11.347,-14.696969696968154
11.352,-14.642857142853245
11.359,-8.809523809521124
11.364,-9.24242424242766
11.37,-9.242424242422203
11.375,-9.242424242422203
11.381,-9.242424242425841
11.386,-9.242424242424022
11.392,-14.696969696968154
11.397,-14.642857142855064
11.404,-8.809523809521124
11.409,-9.242424242424022
11.415,-8.333333333337578
11.421,-9.242424242422203
11.426,-9.242424242420384
11.432,-14.696969696971792
11.437,-14.642857142860521
11.444,-8.809523809522943
11.449,-9.242424242424022
11.455,-9.242424242422203
11.46,-9.242424242424022
11.466,-9.242424242424022
11.471,-9.242424242422203
11.477,-9.24242424242766
11.482,-11.785714285714675
11.489,-11.785714285715585
11.494,-10.0
11.499,-9.242424242422203
11.505,-9.242424242425841
11.51,-9.242424242424022
11.516,-8.333333333335759
11.522,-11.080586080588546
11.529,-11.785714285710128
11.534,-9.242424242424022
11.54,-9.24242424242766
11.545,-9.242424242422203
11.551,-8.33333333333212
11.557,-9.242424242425841
11.562,-11.785714285713766
11.569,-11.785714285713766
11.574,-9.242424242422203
11.58,-9.242424242422203
11.585,-9.242424242424022
11.591,-8.333333333337578
11.597,-9.242424242420384
11.602,-13.030303030300274
11.608,-12.5
11.614,-9.24242424242766
11.619,-9.242424242422203
11.625,-9.242424242424022
11.63,-9.242424242424022
11.636,-9.242424242422203
11.641,-9.242424242425841
11.647,-9.242424242425841
11.652,-11.785714285711038
11.659,-11.785714285715585
11.664,-9.24242424242766
11.67,-9.242424242424022
11.675,-9.242424242425841
11.681,-9.242424242422203
11.686,-9.242424242422203
11.692,-9.242424242429479
11.697,-11.785714285714675
11.704,-11.785714285710128
11.709,-9.242424242424022
11.715,-8.333333333335759
11.721,-9.242424242422203
11.726,-9.242424242425841
11.732,-9.242424242422203
11.737,-11.785714285714675
11.744,-11.785714285711947
11.749,-9.242424242422203
11.755,-9.242424242425841
11.76,-9.242424242424022
11.766,-9.242424242425841
11.771,-9.242424242424022
11.777,-9.242424242424022
11.782,-11.785714285715585
11.789,-11.785714285713766
11.794,-9.242424242424022
11.8,-9.242424242425841
11.805,-9.242424242424022
11.811,-8.33333333333212
11.817,-9.24242424242766
11.822,-11.785714285714675
11.829,-11.785714285711947
11.834,-10.0
11.839,-9.242424242425841
11.845,-8.33333333333212
11.851,-9.242424242425841
11.856,-9.242424242424022
11.862,-9.242424242422203
11.867,-11.785714285716494
11.874,-11.080586080584908
11.88,-9.242424242424022
11.885,-9.242424242424022
11.891,-9.242424242424022
11.896,-9.242424242424022
11.902,-9.242424242422203
11.907,-11.785714285715585
11.914,-11.785714285713766
11.919,-9.242424242422203
11.925,-9.242424242425841
11.93,-9.242424242424022
11.936,-8.33333333333212
11.942,-9.242424242429479
11.947,-11.785714285715585
11.954,-11.785714285711947
11.959,-9.242424242424022
11.965,-9.242424242425841
11.97,-9.242424242424022
11.976,-8.33333333333212
11.982,-9.242424242424022
11.987,-13.030303030300274
11.993,-12.5
11.999,-8.33333333333394
12.005,-9.242424242425841
12.01,-9.242424242422203
12.016,-8.333333333335759
12.022,-9.242424242424022
12.027,-13.030303030300274
12.033,-12.5
12.039,-8.333333333335759
12.045,-9.242424242422203
12.05,-9.242424242425841
12.056,-9.242424242422203
12.061,-9.242424242420384
12.067,-9.24242424242766
12.072,-11.785714285715585
12.079,-10.619047619045887
12.084,-8.151515151515923
12.09,-9.242424242424022
12.095,-8.484848484846225
12.101,-7.393939393941764
12.106,-7.393939393938126
12.112,-9.16666666666606
12.118,-9.16666666666606
12.124,-6.303030303033665
12.129,-4.787878787878071
12.135,-3.3333333333339397
12.141,-3.6969696969699726
12.146,-3.6969696969699726
12.152,-2.606060606060055
12.157,-1.7619047619064077
12.164,0.571428571429351
12.169,1.0909090909080987
12.175,1.0909090909099177
12.18,2.357142857143117
12.187,4.90842490842806
12.193,5.83333333333394
12.199,5.0
12.205,5.545454545454049
12.21,6.303030303030027
12.216,7.393939393938126
12.221,10.424242424242038
12.227,9.816849816848844
12.234,7.12454212454395
12.24,9.242424242422203
12.245,8.484848484848044
12.251,8.484848484848044
12.256,9.242424242424022
12.262,9.242424242422203
12.267,11.785714285711947
12.274,11.785714285715585
12.279,9.242424242425841
12.285,9.242424242422203
12.29,9.242424242424022
12.296,8.33333333333212
12.302,9.242424242422203
12.307,11.785714285712857
12.314,11.785714285715585
12.319,9.242424242425841
12.325,9.242424242425841
12.33,9.242424242424022
12.336,8.33333333333394
12.342,9.242424242424022
12.347,11.785714285714675
12.354,11.080586080590365
12.36,8.33333333333212
12.366,9.242424242424022
12.371,9.242424242422203
12.377,9.242424242424022
12.382,11.785714285714675
12.389,11.785714285715585
12.394,9.242424242424022
12.4,8.33333333333212
12.406,9.242424242425841
12.411,9.242424242425841
12.417,9.242424242424022
12.422,11.785714285712857
12.429,11.080586080588546
12.435,9.242424242424022
12.44,9.242424242425841
12.446,9.242424242422203
12.451,9.242424242422203
12.457,9.242424242425841
12.462,11.785714285715585
12.469,11.785714285711947
12.474,9.242424242422203
12.48,8.333333333335759
12.486,9.242424242422203
12.491,9.242424242424022
12.497,9.242424242422203
12.502,11.785714285711038
12.509,11.080586080586727
12.515,8.33333333333212
12.521,9.242424242424022
12.526,9.242424242424022
12.532,11.080586080584908
12.539,11.785714285717404
12.544,9.242424242424022
12.55,9.242424242424022
12.555,9.24242424242766
12.561,9.242424242420384
12.566,13.030303030302093
12.572,12.271062271063784
12.579,7.78388278388411
12.585,9.242424242422203
12.59,9.242424242424022
12.596,8.33333333333212
12.602,9.242424242425841
12.607,10.000000000001819
12.612,11.785714285714675
12.619,11.785714285711947
12.624,9.242424242422203
12.63,9.242424242425841
12.635,9.242424242425841
12.641,9.242424242424022
12.646,9.242424242422203
12.652,9.242424242425841
12.657,11.785714285713766
12.664,11.785714285715585
12.669,9.242424242424022
12.675,8.333333333335759
12.681,9.24242424242766
12.686,9.242424242424022
12.692,9.242424242425841
12.697,11.785714285713766
12.704,11.785714285715585
12.709,9.24242424242766
12.715,9.242424242424022
12.72,9.242424242422203
12.726,9.242424242425841
12.731,9.242424242429479
12.737,9.242424242422203
12.742,11.785714285711038
12.749,11.785714285717404
12.754,9.24242424242766
12.76,8.33333333333394
12.766,9.242424242425841
12.771,9.242424242422203
12.777,9.242424242425841
12.782,11.785714285712857
12.789,11.785714285715585
12.794,9.242424242424022
12.8,9.242424242424022
12.805,9.24242424242766
12.811,8.33333333333212
12.817,9.242424242425841
12.822,11.785714285714675
12.829,11.785714285713766
12.834,9.242424242425841
12.84,9.242424242424022
12.845,9.242424242424022
12.851,8.333333333335759
12.857,9.242424242425841
12.862,11.785714285713766
12.869,11.785714285713766
12.874,9.242424242424022
12.88,9.242424242425841
12.885,9.242424242425841
12.891,8.33333333333394
12.897,9.242424242424022
12.902,11.785714285713766
12.909,11.785714285713766
12.914,9.242424242424022
12.92,9.242424242422203
12.925,9.242424242422203
12.931,8.333333333335759
12.937,9.242424242422203
12.942,11.785714285711947
12.949,11.785714285715585
12.954,9.242424242425841
12.96,9.242424242424022
12.965,9.242424242425841
12.971,9.242424242424022
12.976,9.242424242422203
12.982,9.242424242425841
12.987,11.785714285713766
12.994,11.785714285711947
12.999,9.242424242422203
13.005,9.24242424242766
13.01,9.24242424242766
13.016,9.242424242422203
13.021,9.242424242422203
13.027,11.080586080584908
13.034,11.785714285713766
13.039,9.242424242424022
13.045,9.242424242422203
13.05,9.242424242424022
13.056,8.33333333333394
13.062,9.242424242424022
13.067,13.030303030300274
13.073,12.5
13.079,8.33333333333394
13.085,9.242424242424022
13.09,9.242424242425841
13.096,8.33333333333212
13.102,9.242424242422203
13.107,11.785714285713766
13.114,11.785714285713766
13.119,9.242424242425841
13.125,9.242424242422203
13.13,9.242424242425841
13.136,9.242424242424022
13.141,9.242424242422203
13.147,12.5
13.153,12.5
13.159,8.333333333335759
13.165,9.242424242424022
13.17,9.242424242422203
13.176,9.242424242424022
13.181,9.24242424242766
13.187,11.080586080584908
13.194,11.785714285711947
13.199,9.242424242425841
13.205,9.242424242425841
13.21,9.242424242424022
13.216,8.333333333330302
13.222,9.242424242420384
13.227,13.030303030302093
13.233,12.5
13.239,8.333333333335759
13.245,9.242424242424022
13.25,9.242424242420384
13.256,9.242424242425841
13.261,9.242424242425841
13.267,11.08058608058127
13.274,11.785714285717404
13.279,9.24242424242766
13.285,14.696969696971792
13.29,14.84126984127397
13.299,7.2222222222208075
13.305,8.33333333333394
13.311,9.242424242420384
13.316,9.242424242420384
13.322,9.242424242422203
13.327,11.785714285710128
13.334,11.785714285713766
13.339,9.242424242422203
13.345,9.242424242422203
13.35,9.242424242424022
13.356,8.333333333335759
13.362,9.242424242422203
13.367,11.785714285711947
13.374,11.785714285717404
13.379,9.242424242429479
13.385,9.242424242422203
13.39,9.242424242422203
13.396,8.333333333335759
13.402,9.242424242424022
13.407,11.785714285713766
13.414,11.080586080588546
13.42,9.242424242420384
13.425,9.242424242424022
13.431,8.333333333335759
13.437,11.080586080583089
13.444,11.785714285713766
13.449,9.242424242425841
13.455,9.242424242424022
13.46,9.242424242424022
13.466,8.33333333333212
13.472,14.696969696968154
13.477,14.642857142855064
13.484,7.78388278388411
13.49,8.33333333333212
13.496,9.242424242424022
13.501,9.242424242425841
13.507,11.080586080586727
13.514,11.785714285717404
13.519,9.242424242424022
13.525,9.242424242422203
13.53,9.24242424242766
13.536,8.33333333333212
13.542,9.242424242424022
13.547,11.785714285713766
13.554,11.785714285717404
13.559,9.24242424242766
13.565,9.242424242424022
13.57,9.242424242424022
13.576,8.33333333333212
13.582,9.242424242425841
13.587,11.785714285715585
13.594,11.785714285710128
13.599,9.242424242420384
13.605,8.33333333333394
13.611,8.33333333333394
13.617,9.242424242424022
13.622,11.785714285717404
13.629,11.080586080588546
13.635,9.242424242422203
13.64,9.242424242422203
13.646,9.242424242424022
13.651,9.242424242425841
13.657,9.242424242424022
13.662,11.785714285713766
13.669,11.785714285713766
13.674,9.242424242424022
13.68,8.333333333335759
13.686,9.242424242422203
13.691,9.242424242422203
13.697,9.242424242424022
13.702,11.785714285710128
13.709,11.080586080588546
13.715,9.242424242422203
13.72,9.242424242424022
13.726,8.333333333335759
13.732,14.696969696968154
13.737,14.642857142855064
13.744,7.78388278388411
13.75,9.242424242422203
13.755,9.242424242425841
13.761,8.33333333333212
13.767,14.696969696966335
13.772,14.642857142851426
13.779,7.783882783887748
13.785,9.242424242422203
13.79,9.242424242424022
13.796,8.33333333333212
13.802,9.242424242424022
13.807,11.785714285713766
13.814,11.785714285713766
13.819,9.242424242422203
13.825,9.242424242425841
13.83,9.242424242425841
13.836,9.242424242424022
13.841,9.242424242425841
13.847,11.080586080584908
13.854,11.785714285717404
13.859,9.242424242422203
13.865,9.242424242422203
13.87,9.242424242425841
13.876,9.242424242424022
13.881,9.242424242425841
13.887,9.242424242422203
13.892,11.785714285713766
13.899,11.785714285713766
13.904,9.242424242425841
13.91,9.242424242424022
13.915,9.242424242424022
13.921,9.242424242420384
13.926,9.242424242420384
13.932,9.242424242425841
13.937,11.785714285713766
13.944,11.785714285713766
13.949,9.242424242425841
13.955,9.242424242425841
13.96,9.242424242424022
13.966,9.242424242425841
13.971,9.242424242424022
13.977,9.242424242422203
13.982,11.785714285713766
13.989,11.785714285713766
13.994,9.242424242425841
14.0,9.242424242424022
14.005,9.242424242425841
14.011,9.242424242424022
14.016,9.242424242420384
14.022,9.242424242422203
14.027,11.785714285713766
14.034,11.785714285717404
14.039,9.242424242425841
14.045,9.242424242420384
14.05,9.242424242420384
14.056,9.24242424242766
14.061,9.242424242422203
14.067,12.499999999998181
14.073,12.5
14.079,8.333333333335759
14.085,9.242424242422203
14.09,9.242424242425841
14.096,8.33333333333212
14.102,9.242424242424022
14.107,13.030303030305731
14.113,12.5
14.119,8.33333333333212
14.125,9.242424242425841
14.13,9.242424242425841
14.136,9.242424242425841
14.141,9.242424242422203
14.147,12.5
14.153,12.5
14.159,8.33333333333394
14.165,9.242424242425841
14.17,9.242424242424022
14.176,8.33333333333394
14.182,9.24242424242766
14.187,11.785714285713766
14.194,11.785714285710128
14.199,9.24242424242766
14.205,9.242424242424022
14.21,9.242424242422203
14.216,9.24242424242766
14.221,9.242424242422203
14.227,11.080586080583089
14.234,11.785714285717404
14.239,9.242424242424022
14.245,9.242424242424022
14.25,9.242424242420384
14.256,8.33333333333394
14.262,9.242424242420384
14.267,13.030303030303912
14.273,12.5
14.279,8.33333333333394
14.285,9.242424242424022
14.29,9.242424242425841
14.296,9.242424242424022
14.301,9.242424242422203
14.307,12.5
14.313,12.5
14.319,8.333333333335759
14.325,9.242424242424022
14.33,9.242424242424022
14.336,9.242424242424022
14.341,9.242424242425841
14.347,11.080586080586727
14.354,11.785714285717404
14.359,9.242424242420384
14.365,9.242424242424022
14.37,9.242424242425841
14.376,9.242424242424022
14.381,9.24242424242766
14.387,12.5
14.393,12.5
14.399,8.33333333333212
14.405,9.242424242424022
14.41,9.242424242424022
14.416,9.242424242424022
14.421,9.242424242425841
14.427,12.5
14.433,12.5
14.439,8.33333333333212
14.445,9.242424242424022
14.45,9.24242424242766
14.456,9.24242424242766
14.461,9.242424242425841
14.467,12.499999999998181
14.473,12.500000000001819
14.479,8.333333333335759
14.485,9.242424242424022
14.49,9.242424242422203
14.496,8.33333333333212
14.502,9.242424242424022
14.507,13.030303030303912
14.513,12.5
14.519,8.33333333333212
14.525,9.242424242424022
14.53,9.24242424242766
14.536,8.33333333333212
14.542,9.242424242424022
14.547,11.785714285713766
14.554,11.785714285717404
14.559,9.24242424242766
14.565,9.242424242424022
14.57,9.242424242425841
14.576,8.33333333333212
14.582,9.24242424242766
14.587,11.785714285715585
14.594,11.785714285717404
14.599,9.242424242422203
14.605,9.24242424242766
14.61,9.242424242424022
14.616,8.33333333333394
14.622,9.242424242420384
14.627,11.785714285711947
14.634,11.785714285717404
14.639,9.242424242424022
14.645,9.242424242420384
14.65,9.242424242420384
14.656,8.333333333335759
14.662,9.242424242420384
14.667,11.785714285713766
14.674,11.785714285713766
14.679,9.24242424242766
14.685,9.242424242420384
14.69,9.242424242425841
14.696,8.33333333333212
14.702,9.242424242424022
14.707,11.785714285715585
14.714,11.785714285717404
14.719,9.242424242424022
14.725,9.242424242424022
14.73,9.242424242424022
14.736,8.33333333333212
14.742,9.242424242424022
14.747,9.242424242424022
14.753,12.5
14.759,12.5
14.765,9.242424242424022
14.77,9.242424242425841
14.776,9.242424242424022
14.781,9.242424242425841
14.787,11.080586080583089
14.794,11.785714285717404
14.799,9.242424242425841
14.805,9.242424242424022
14.81,9.242424242424022
14.816,9.242424242424022
14.821,9.242424242425841
14.827,12.5
14.833,12.5
14.839,8.33333333333394
14.845,9.242424242424022
14.85,9.24242424242766
14.856,9.24242424242766
14.861,9.242424242425841
14.867,12.500000000001819
14.873,12.500000000001819
14.879,8.333333333335759
14.885,9.242424242424022
14.89,9.242424242422203
14.896,8.333333333335759
14.902,9.24242424242766
14.907,11.785714285715585
14.914,11.785714285717404
14.919,9.242424242422203
14.925,9.242424242424022
14.93,9.242424242429479
14.936,9.242424242424022
14.941,9.242424242420384
14.947,12.5
14.953,12.5
14.959,8.33333333333212
14.965,9.242424242424022
14.97,9.242424242425841
14.976,9.242424242424022
14.981,9.242424242429479
14.987,12.5
14.993,12.499999999998181
14.999,8.33333333333212
15.005,9.24242424242766
15.01,9.24242424242766
15.016,9.242424242420384
15.021,9.242424242424022
15.027,12.499999999998181
15.033,12.5
15.039,8.33333333333394
15.045,9.242424242420384
15.05,9.242424242424022
15.056,9.24242424242766
15.061,9.242424242424022
15.067,12.499999999996362
15.073,12.5
15.079,7.5
15.085,8.484848484848044
15.09,8.484848484851682
15.096,8.484848484848044
15.101,8.484848484849863
15.107,10.0
15.113,9.16666666666788
15.119,5.0
15.125,5.54545454545223
15.13,5.545454545454049
15.136,4.45454545454777
15.141,3.6969696969681536
15.147,3.3333333333321207
15.153,2.5
15.159,0.8333333333357587
15.165,-1.0909090909080987
15.17,-1.8484848484858958
15.176,-1.6666666666660603
15.182,-1.8484848484877148
15.187,-4.878787878789808
15.193,-6.66666666666606
15.199,-5.0
15.205,-5.545454545455868
15.21,-6.303030303031846
15.216,-6.666666666669698
15.222,-7.393939393939945
15.227,-10.4242424242384
15.233,-10.83333333333212
15.239,-8.333333333335759
15.245,-8.151515151512285
15.25,-8.151515151514104
15.256,-8.33333333333212
15.262,-9.24242424242766
15.267,-13.030303030303912
15.273,-12.499999999998181
15.279,-8.33333333333212
15.285,-9.24242424242766
15.29,-9.242424242424022
15.296,-9.242424242424022
15.301,-9.242424242422203
15.307,-12.5
15.313,-12.5
15.319,-8.33333333333394
15.325,-9.242424242420384
15.33,-9.242424242422203
15.336,-9.24242424242766
15.341,-9.242424242424022
15.347,-11.080586080586727
15.354,-11.080586080584908
15.36,-8.333333333335759
15.366,-9.242424242420384
15.371,-9.242424242424022
15.377,-9.242424242424022
15.382,-13.030303030302093
15.388,-12.5
15.394,-8.33333333333212
15.4,-8.33333333333212
15.406,-9.24242424242766
15.411,-9.242424242425841
15.417,-9.242424242420384
15.422,-11.785714285713766
15.429,-11.785714285713766
15.434,-9.242424242429479
15.44,-8.33333333333212
15.446,-9.242424242424022
15.451,-9.242424242422203
15.457,-9.24242424242766
15.462,-11.785714285719223
15.469,-11.785714285717404
15.474,-9.242424242422203
15.48,-8.33333333333212
15.486,-9.24242424242766
15.491,-9.242424242422203
15.497,-9.242424242424022
15.502,-11.785714285717404
15.509,-11.785714285713766
15.514,-9.242424242425841
15.52,-8.33333333333394
15.526,-9.242424242420384
15.531,-9.242424242422203
15.537,-9.24242424242766
15.542,-11.785714285715585
15.549,-11.08058608058127
15.555,-9.242424242424022
15.56,-9.242424242424022
15.566,-8.33333333333212
15.572,-9.242424242420384
15.577,-11.785714285717404
15.584,-11.080586080583089
15.59,-9.242424242420384
15.595,-9.242424242420384
15.601,-9.242424242424022
15.606,-9.242424242424022
15.612,-9.24242424242766
15.617,-11.785714285717404
15.624,-11.08058608058127
15.63,-9.24242424242766
15.635,-9.24242424242766
15.641,-9.242424242424022
15.646,-9.242424242424022
15.652,-9.242424242420384
15.657,-11.785714285711947
15.664,-11.080586080584908
15.67,-8.33333333333212
15.676,-8.33333333333212
15.682,-11.080586080588546
15.689,-11.785714285713766
15.694,-9.242424242424022
15.7,-8.333333333335759
15.706,-9.242424242420384
15.711,-9.242424242425841
15.717,-9.242424242424022
15.722,-11.785714285715585
15.729,-11.785714285713766
15.734,-9.242424242425841
15.74,-9.24242424242766
15.745,-9.242424242422203
15.751,-8.33333333333212
15.757,-9.242424242424022
15.762,-11.785714285717404
15.769,-11.785714285717404
15.774,-9.242424242422203
15.78,-9.242424242424022
15.785,-9.242424242424022
15.791,-9.24242424242766
15.796,-9.242424242424022
15.802,-12.5
15.808,-12.5
15.814,-8.33333333333394
15.82,-9.24242424242766
15.825,-9.242424242422203
15.831,-9.242424242424022
15.836,-9.242424242425841
15.842,-12.5
15.848,-12.499999999996362
15.854,-8.333333333337578
15.86,-9.242424242424022
15.865,-9.242424242422203
15.871,-9.242424242424022
15.876,-9.242424242424022
15.882,-9.242424242424022
15.887,-11.785714285715585
15.894,-11.785714285717404
15.899,-9.242424242425841
15.905,-9.242424242420384
15.91,-9.242424242425841
15.916,-9.242424242424022
15.921,-9.242424242424022
15.927,-14.696969696968154
15.932,-14.642857142855064
15.939,-7.783882783878653
15.945,-9.24242424242766
15.95,-9.242424242425841
15.956,-9.242424242424022
15.961,-9.24242424242766
15.967,-9.24242424242766
15.972,-11.785714285715585
15.979,-11.785714285713766
15.984,-9.242424242424022
15.99,-9.24242424242766
15.995,-9.24242424242766
16.001,-9.242424242424022
16.006,-9.242424242422203
16.012,-9.24242424242766
16.017,-11.785714285713766
16.024,-11.785714285710128
16.029,-9.242424242424022
16.035,-9.242424242431298
16.04,-9.242424242424022
16.046,-9.242424242424022
16.051,-9.242424242424022
16.057,-9.242424242424022
16.062,-11.785714285715585
16.069,-11.785714285713766
16.074,-9.242424242422203
16.08,-9.24242424242766
16.085,-9.242424242424022
16.091,-8.33333333333212
16.097,-9.242424242424022
16.102,-13.030303030303912
16.108,-12.5
16.114,-8.33333333333212
16.12,-8.33333333333212
16.126,-9.24242424242766
16.131,-9.242424242425841
16.137,-9.24242424242766
16.142,-13.030303030302093
16.148,-12.499999999998181
16.154,-8.33333333333394
16.16,-8.33333333333394
16.166,-9.242424242425841
16.171,-9.242424242424022
16.177,-9.242424242424022
16.182,-13.030303030303912
16.188,-12.5
16.194,-8.33333333333212
16.2,-9.242424242424022
16.205,-9.242424242422203
16.211,-8.333333333335759
16.217,-9.242424242420384
16.222,-13.030303030298455
16.228,-12.5
16.234,-8.333333333339397
16.24,-9.242424242424022
16.245,-9.242424242418565
16.251,-8.33333333333394
16.257,-9.242424242425841
16.262,-13.030303030303912
16.268,-12.5
16.274,-8.33333333333212
16.28,-9.242424242425841
16.285,-9.242424242424022
16.291,-8.33333333333212
16.297,-9.242424242425841
16.302,-13.030303030303912
16.308,-12.5
16.314,-8.33333333333212
16.32,-9.242424242425841
16.325,-9.242424242424022
16.331,-8.33333333333212
16.337,-9.24242424242766
16.342,-13.030303030302093
16.348,-12.499999999998181
16.354,-8.33333333333212
16.36,-8.33333333333394
16.366,-9.242424242425841
16.371,-9.242424242424022
16.377,-9.242424242420384
16.382,-13.030303030300274
16.388,-12.500000000001819
16.394,-8.33333333333394
16.4,-8.33333333333212
16.406,-9.242424242420384
16.411,-9.242424242424022
16.417,-14.69696969697543
16.422,-14.71153846154175
16.43,-8.557692307695106
16.435,-10.0
16.44,-9.242424242420384
16.446,-9.242424242425841
16.451,-9.242424242424022
16.457,-9.242424242425841
16.462,-13.030303030302093
16.468,-12.5
16.474,-8.33333333333212
16.48,-9.242424242425841
16.485,-9.242424242424022
16.491,-9.242424242424022
16.496,-9.242424242424022
16.502,-9.242424242418565
16.507,-11.785714285713766
16.514,-11.785714285717404
16.519,-9.242424242422203
16.525,-9.242424242420384
16.53,-9.242424242420384
16.536,-9.24242424242766
16.541,-9.242424242422203
16.547,-12.499999999996362
16.553,-12.5
16.559,-8.333333333335759
16.565,-8.33333333333212
16.571,-8.33333333333212
16.577,-9.24242424242766
16.582,-11.785714285715585
16.589,-11.080586080588546
16.595,-8.33333333333212
16.601,-9.242424242418565
16.606,-9.242424242420384
16.612,-9.24242424242766
16.617,-11.785714285717404
16.624,-11.080586080586727
16.63,-9.242424242420384
16.635,-9.242424242424022
16.641,-9.242424242424022
16.646,-9.242424242422203
16.652,-9.242424242424022
16.657,-11.785714285711947
16.664,-11.785714285710128
16.669,-9.242424242424022
16.675,-9.242424242425841
16.68,-9.242424242424022
16.686,-9.242424242429479
16.691,-9.242424242424022
16.697,-9.242424242420384
16.702,-13.030303030305731
16.708,-12.500000000003638
16.714,-8.33333333333212
16.72,-9.242424242420384
16.725,-9.242424242420384
16.731,-8.333333333335759
16.737,-9.242424242425841
16.742,-13.030303030303912
16.748,-12.499999999996362
16.754,-8.33333333333212
16.76,-8.333333333337578
16.766,-9.242424242422203
16.771,-9.242424242420384
16.777,-9.24242424242766
16.782,-13.030303030302093
16.788,-12.5
16.794,-8.33333333333212
16.8,-9.24242424242766
16.805,-9.242424242424022
16.811,-9.24242424242766
16.816,-9.242424242425841
16.822,-9.242424242420384
16.827,-11.785714285715585
16.834,-11.785714285717404
16.839,-9.242424242424022
16.845,-9.242424242420384
16.85,-9.242424242420384
16.856,-8.333333333335759
16.862,-9.24242424242766
16.867,-13.030303030300274
16.873,-12.499999999998181
16.879,-8.33333333333212
16.885,-9.24242424242766
16.89,-9.242424242424022
16.896,-9.242424242425841
16.901,-9.242424242424022
16.907,-12.5
16.913,-12.5
16.919,-8.33333333333394
16.925,-9.242424242425841
16.93,-9.242424242424022
16.936,-9.242424242429479
16.941,-9.242424242425841
16.947,-12.499999999996362
16.953,-12.5
16.959,-8.333333333335759
16.965,-9.242424242424022
16.97,-9.242424242424022
16.976,-9.242424242418565
16.981,-9.242424242420384
16.987,-12.499999999998181
16.993,-12.5
16.999,-8.33333333333394
17.005,-9.242424242422203
17.01,-9.242424242424022
17.016,-8.33333333333394
17.022,-9.242424242420384
17.027,-13.030303030302093
17.033,-12.5
17.039,-8.33333333333212
17.045,-9.242424242425841
17.05,-9.242424242424022
17.056,-8.33333333333212
17.062,-11.080586080588546
17.069,-11.080586080588546
17.075,-9.242424242424022
17.08,-9.242424242422203
17.086,-9.242424242424022
17.091,-9.242424242420384
17.097,-9.242424242425841
17.102,-13.030303030303912
17.108,-12.5
17.114,-8.33333333333394
17.12,-8.33333333333212
17.126,-9.242424242425841
17.131,-10.000000000001819
17.136,-9.242424242425841
17.142,-9.242424242424022
17.147,-11.785714285713766
17.154,-11.785714285713766
17.159,-9.24242424242766
17.165,-9.242424242422203
17.17,-9.242424242420384
17.176,-8.33333333333394
17.182,-9.242424242422203
17.187,-13.030303030302093
17.193,-12.5
17.199,-8.333333333335759
17.205,-9.242424242424022
17.21,-9.242424242424022
17.216,-9.242424242425841
17.221,-9.242424242424022
17.227,-12.5
17.233,-12.5
17.239,-8.33333333333212
17.245,-9.242424242425841
17.25,-9.242424242422203
17.256,-8.33333333333212
17.262,-9.242424242429479
17.267,-13.030303030303912
17.273,-12.499999999996362
17.279,-8.33333333333212
17.285,-9.24242424242766
17.29,-9.242424242424022
17.296,-8.33333333333212
17.302,-9.242424242424022
17.307,-13.030303030302093
17.313,-12.5
17.319,-8.33333333333212
17.325,-9.242424242425841
17.33,-9.242424242424022
17.336,-8.33333333333394
17.342,-9.242424242420384
17.347,-11.785714285710128
17.354,-11.785714285715585
17.359,-9.242424242424022
17.365,-8.33333333333394
17.371,-9.242424242420384
17.376,-9.242424242420384
17.382,-10.119047619047706
17.39,-10.961538461539021
17.395,-9.242424242422203
17.401,-9.242424242425841
17.406,-9.242424242422203
17.412,-9.242424242422203
17.417,-11.785714285715585
17.424,-11.080586080586727
17.43,-9.242424242425841
17.435,-10.000000000001819
17.44,-9.242424242422203
17.446,-9.242424242425841
17.451,-9.242424242422203
17.457,-9.242424242425841
17.462,-13.030303030303912
17.468,-12.5
17.474,-8.33333333333212
17.48,-8.33333333333212
17.486,-9.242424242429479
17.491,-9.242424242424022
17.497,-9.242424242425841
17.502,-13.030303030302093
17.508,-12.5
17.514,-8.33333333333212
17.52,-9.242424242425841
17.525,-9.242424242422203
17.531,-8.33333333333212
17.537,-9.242424242424022
17.542,-13.030303030305731
17.548,-12.500000000003638
17.554,-8.33333333333394
17.56,-9.242424242424022
17.565,-9.242424242420384
17.571,-8.33333333333394
17.577,-9.242424242425841
17.582,-13.030303030302093
17.588,-12.5
17.594,-8.33333333333212
17.6,-8.33333333333212
17.606,-9.24242424242766
17.611,-9.24242424242766
17.617,-9.242424242424022
17.622,-13.030303030300274
17.628,-12.5
17.634,-8.333333333335759
17.64,-9.242424242425841
17.645,-9.242424242424022
17.651,-8.33333333333394
17.657,-9.242424242425841
17.662,-13.030303030302093
17.668,-12.5
17.674,-8.33333333333212
17.68,-8.33333333333394
17.686,-9.242424242429479
17.691,-9.242424242424022
17.697,-9.242424242422203
17.702,-13.030303030305731
17.708,-12.500000000005457
17.714,-8.33333333333212
17.72,-9.242424242420384
17.725,-9.242424242420384
17.731,-8.33333333333394
17.737,-9.242424242425841
17.742,-13.030303030300274
17.748,-12.499999999998181
17.754,-8.33333333333212
17.76,-8.333333333337578
17.766,-9.242424242422203
17.771,-9.242424242420384
17.777,-9.242424242425841
17.782,-13.030303030302093
17.788,-12.5
17.794,-8.33333333333394
17.8,-8.33333333333212
17.806,-9.242424242425841
17.811,-9.242424242425841
17.817,-9.242424242424022
17.822,-13.030303030300274
17.828,-12.5
17.834,-8.333333333335759
17.84,-8.33333333333212
17.846,-9.242424242425841
17.851,-9.242424242424022
17.857,-9.242424242425841
17.862,-13.030303030302093
17.868,-12.5
17.874,-8.33333333333212
17.88,-8.33333333333394
17.886,-9.24242424242766
17.891,-9.242424242424022
17.897,-9.242424242422203
17.902,-13.030303030302093
17.908,-12.5
17.914,-8.33333333333212
17.92,-8.33333333333394
17.926,-9.242424242422203
17.931,-9.242424242420384
17.937,-9.24242424242766
17.942,-13.030303030303912
17.948,-12.499999999998181
17.954,-8.33333333333212
17.96,-9.24242424242766
17.965,-9.242424242422203
17.971,-8.33333333333212
17.977,-9.242424242425841
17.982,-13.030303030302093
17.988,-12.5
17.994,-8.33333333333394
18.0,-8.33333333333212
18.006,-9.242424242425841
18.011,-9.242424242425841
18.017,-9.242424242424022
18.022,-13.030303030300274
18.028,-12.5
18.034,-8.333333333335759
18.04,-9.242424242418565
18.045,-9.242424242422203
18.051,-8.33333333333394
18.057,-9.242424242420384
18.062,-13.030303030300274
18.068,-12.5
18.074,-8.33333333333394
18.08,-7.5
18.086,-7.5
18.092,-8.151515151514104
18.097,-11.181818181819835
18.103,-10.83333333333212
18.109,-6.666666666669698
18.115,-6.303030303030027
18.12,-5.54545454545223
18.126,-5.545454545457687
18.131,-5.545454545454049
18.137,-5.329670329670989
18.144,-3.5347985348016664
18.15,-1.6666666666678793
18.156,-1.8484848484822578
18.161,-1.0909090909080987
18.167,2.1818181818161975
18.172,2.9285714285715585
18.179,1.5567765567775496
18.185,2.5
18.191,4.787878787876252
18.196,5.545454545454049
18.202,7.500000000001819
18.208,8.333333333337578
18.214,6.66666666666606
18.22,6.66666666666606
18.226,6.66666666666606
18.232,7.393939393939945
18.237,10.619047619044977
18.244,10.619047619045887
18.249,8.151515151515923
18.255,9.242424242422203
18.26,9.242424242424022
18.266,9.242424242422203
18.271,9.242424242420384
18.277,9.242424242425841
18.282,13.030303030305731
18.288,12.5
18.294,8.33333333333212
18.3,9.242424242425841
18.305,9.242424242429479
18.311,8.33333333333212
18.317,9.242424242424022
18.322,13.030303030305731
18.328,12.5
18.334,8.33333333333394
18.34,9.242424242424022
18.345,9.242424242425841
18.351,8.33333333333394
18.357,11.080586080584908
18.364,11.785714285715585
18.369,9.242424242425841
18.375,8.33333333333212
18.381,9.24242424242766
18.386,9.24242424242766
18.392,9.242424242425841
18.397,11.785714285713766
18.404,11.785714285713766
18.409,9.242424242425841
18.415,9.242424242420384
18.42,9.242424242425841
18.426,9.242424242420384
18.431,9.242424242422203
18.437,9.242424242424022
18.442,13.030303030302093
18.448,12.5
18.454,8.33333333333394
18.46,9.242424242422203
18.465,9.242424242425841
18.471,8.33333333333212
18.477,9.242424242424022
18.482,13.030303030305731
18.488,12.5
18.494,8.33333333333212
18.5,9.242424242425841
18.505,9.242424242429479
18.511,9.242424242424022
18.516,9.242424242424022
18.522,9.242424242422203
18.527,13.030303030302093
18.533,12.5
18.539,8.33333333333212
18.545,9.242424242424022
18.55,9.242424242425841
18.556,9.242424242425841
18.561,9.242424242425841
18.567,14.696969696969973
18.572,14.642857142860521
18.579,7.78388278388411
18.585,9.242424242422203
18.59,9.242424242424022
18.596,9.242424242422203
18.601,9.242424242424022
18.607,9.242424242425841
18.612,13.030303030303912
18.618,12.499999999998181
18.624,8.33333333333212
18.63,9.242424242422203
18.635,9.242424242424022
18.641,9.242424242424022
18.646,9.242424242420384
18.652,9.242424242424022
18.657,13.030303030303912
18.663,12.5
18.669,8.33333333333212
18.675,9.242424242424022
18.68,9.24242424242766
18.686,9.242424242422203
18.691,9.242424242424022
18.697,9.242424242420384
18.702,11.785714285712857
18.709,11.785714285717404
18.714,9.242424242424022
18.72,8.33333333333212
18.726,9.242424242420384
18.731,9.24242424242766
18.737,9.242424242420384
18.742,13.030303030298455
18.748,12.5
18.754,8.33333333333394
18.76,8.33333333333394
18.766,9.242424242422203
18.771,9.242424242420384
18.777,9.242424242424022
18.782,13.030303030305731
18.788,12.5
18.794,8.33333333333212
18.8,8.33333333333212
18.806,9.24242424242766
18.811,9.24242424242766
18.817,9.242424242425841
18.822,13.030303030305731
18.828,12.271062271061965
18.835,7.783882783880472
18.841,9.242424242424022
18.846,9.242424242425841
18.852,9.242424242425841
18.857,13.030303030303912
18.863,12.271062271061965
18.87,8.809523809524762
18.875,9.242424242425841
18.881,9.242424242425841
18.886,9.242424242425841
18.892,9.242424242424022
18.897,13.030303030305731
18.903,12.5
18.909,8.33333333333212
18.915,8.33333333333212
18.921,9.242424242422203
18.926,9.242424242424022
18.932,9.242424242422203
18.937,11.785714285713766
18.944,11.080586080586727
18.95,9.242424242425841
18.955,9.242424242429479
18.961,9.242424242418565
18.966,9.242424242422203
18.972,9.242424242424022
18.977,11.785714285711947
18.984,11.080586080586727
18.99,9.242424242420384
18.995,9.242424242422203
19.001,9.242424242424022
19.006,9.24242424242766
19.012,9.242424242422203
19.017,11.785714285711947
19.024,11.080586080586727
19.03,9.24242424242766
19.035,9.24242424242766
19.041,9.242424242425841
19.046,9.24242424242766
19.052,9.242424242425841
19.057,13.030303030305731
19.063,12.5
19.069,8.33333333333394
19.075,9.242424242422203
19.08,9.24242424242766
19.086,9.242424242418565
19.091,9.242424242418565
19.097,9.242424242424022
19.102,13.030303030305731
19.108,12.5
19.114,8.33333333333394
19.12,8.33333333333212
19.126,9.242424242422203
19.131,9.24242424242766
19.137,9.242424242422203
19.142,13.030303030302093
19.148,12.5
19.154,8.333333333335759
19.16,8.33333333333212
19.166,9.242424242424022
19.171,9.242424242425841
19.177,9.242424242424022
19.182,13.030303030303912
19.188,12.5
19.194,8.33333333333212
19.2,8.33333333333394
19.206,9.242424242425841
19.211,9.242424242425841
19.217,9.242424242420384
19.222,13.030303030302093
19.228,12.5
19.234,8.33333333333212
19.24,8.333333333335759
19.246,9.242424242420384
19.251,9.242424242420384
19.257,9.242424242425841
19.262,13.030303030303912
19.268,12.499999999998181
19.274,8.33333333333212
19.28,8.33333333333394
19.286,9.242424242424022
19.291,9.242424242425841
19.297,9.242424242424022
19.302,13.030303030305731
19.308,12.5
19.314,8.33333333333394
19.32,8.33333333333212
19.326,9.242424242422203
19.331,9.24242424242766
19.337,9.242424242422203
19.342,13.030303030300274
19.348,12.5
19.354,8.333333333335759
19.36,8.33333333333212
19.366,9.242424242425841
19.371,9.24242424242766
19.377,9.242424242420384
19.382,13.030303030302093
19.388,12.5
19.394,8.333333333335759
19.4,8.33333333333212
19.406,9.242424242422203
19.411,9.242424242422203
19.417,9.242424242424022
19.422,13.030303030305731
19.428,12.5
19.434,7.440476190477966
19.442,12.202380952378007
19.448,12.5
19.454,8.333333333335759
19.46,9.242424242422203
19.465,9.242424242424022
19.471,9.242424242422203
19.476,9.242424242424022
19.482,8.333333333335759
19.488,12.5
19.494,13.030303030300274
19.499,9.242424242425841
19.505,9.242424242424022
19.51,9.242424242424022
19.516,9.242424242422203
19.521,9.242424242418565
19.527,9.242424242422203
19.532,11.785714285715585
19.539,11.785714285717404
19.544,9.242424242425841
19.55,9.242424242422203
19.555,9.24242424242766
19.561,9.242424242422203
19.566,9.242424242424022
19.572,9.242424242420384
19.577,13.03030303030755
19.583,12.500000000007276
19.589,8.33333333333212
19.595,8.33333333333394
19.601,9.242424242420384
19.606,9.242424242425841
19.612,9.242424242422203
19.617,13.030303030298455
19.623,12.5
19.629,8.33333333333394
19.635,9.242424242424022
19.64,9.242424242425841
19.646,9.242424242424022
19.651,9.242424242425841
19.657,9.24242424242766
19.662,13.030303030305731
19.668,12.499999999996362
19.674,8.33333333333212
19.68,8.333333333335759
19.686,9.242424242422203
19.691,9.242424242424022
19.697,9.242424242420384
19.702,13.03030303030755
19.708,12.500000000007276
19.714,8.33333333333212
19.72,8.33333333333212
19.726,9.242424242422203
19.731,9.242424242424022
19.737,9.242424242420384
19.742,13.030303030298455
19.748,12.5
19.754,8.333333333335759
19.76,8.333333333335759
19.766,9.242424242422203
19.771,9.242424242420384
19.777,9.242424242422203
19.782,11.785714285713766
19.789,11.080586080586727
19.795,8.333333333335759
19.801,9.242424242422203
19.806,9.242424242422203
19.812,9.242424242424022
19.817,11.785714285710128
19.824,11.080586080586727
19.83,9.242424242424022
19.835,9.242424242420384
19.841,9.242424242422203
19.846,9.242424242425841
19.852,9.242424242424022
19.857,11.785714285717404
19.864,11.785714285713766
19.869,9.242424242425841
19.875,8.33333333333212
19.881,9.24242424242766
19.886,9.24242424242766
19.892,9.242424242424022
19.897,11.785714285715585
19.904,11.785714285713766
19.909,9.242424242425841
19.915,8.33333333333212
19.921,9.242424242424022
19.926,9.242424242424022
19.932,9.242424242422203
19.937,11.785714285715585
19.944,11.080586080586727
19.95,9.242424242422203
19.955,9.24242424242766
19.961,9.242424242420384
19.966,9.242424242420384
19.972,9.242424242424022
19.977,11.785714285713766
19.984,11.080586080584908
19.99,9.242424242424022
19.995,9.242424242420384
20.001,9.242424242424022
20.006,9.24242424242766
20.012,8.33333333333212
20.018,12.499999999998181
20.024,13.030303030303912
20.029,9.242424242429479
20.035,8.33333333333394
20.041,8.33333333333212
20.047,9.242424242424022
20.052,10.000000000001819
20.057,13.030303030303912
20.063,12.271062271061965
20.07,8.809523809522943
20.075,9.24242424242766
20.081,8.333333333335759
20.087,9.242424242422203
20.092,11.785714285710128
20.099,11.080586080584908
20.105,9.24242424242766
20.11,9.24242424242766
20.116,8.33333333333212
20.122,9.242424242422203
20.127,13.030303030303912
20.133,12.5
20.139,8.33333333333212
20.145,8.33333333333394
20.151,9.242424242425841
20.156,9.24242424242766
20.162,11.080586080584908
20.169,11.785714285710128
20.174,9.242424242425841
20.18,8.33333333333394
20.186,9.242424242420384
20.191,9.242424242424022
20.197,9.242424242420384
20.202,13.030303030305731
20.208,12.500000000007276
20.214,8.33333333333212
20.22,8.33333333333212
20.226,8.33333333333212
20.232,14.696969696971792
20.237,14.642857142860521
20.244,7.783882783882291
20.25,8.33333333333212
20.256,9.24242424242766
20.261,9.242424242425841
20.267,11.08058608058127
20.274,11.785714285717404
20.279,9.24242424242766
20.285,9.242424242424022
20.29,9.242424242425841
20.296,9.242424242424022
20.301,9.242424242425841
20.307,12.5
20.313,12.5
20.319,8.33333333333212
20.325,9.242424242424022
20.33,9.24242424242766
20.336,9.242424242420384
20.341,9.242424242420384
20.347,8.33333333333394
20.353,12.5
20.359,13.030303030303912
20.364,9.242424242425841
20.37,8.33333333333212
20.376,9.242424242424022
20.381,9.242424242429479
20.387,8.33333333333212
20.393,12.499999999998181
20.399,12.5
20.405,9.24242424242766
20.41,9.242424242424022
20.416,8.33333333333212
20.422,9.242424242424022
20.427,13.030303030303912
20.433,12.5
20.439,8.33333333333212
20.445,9.242424242424022
20.45,9.24242424242766
20.456,9.242424242424022
20.461,9.242424242425841
20.467,12.499999999998181
20.473,12.5
20.479,8.33333333333394
20.485,9.242424242424022
20.49,9.242424242425841
20.496,8.33333333333212
20.502,9.242424242420384
20.507,9.242424242424022
20.513,12.500000000005457
20.519,12.500000000003638
20.525,9.242424242420384
20.53,9.242424242424022
20.536,9.242424242424022
20.541,9.242424242425841
20.547,8.33333333333212
20.553,12.5
20.559,13.030303030303912
20.564,9.24242424242766
20.57,9.242424242424022
20.575,9.242424242424022
20.581,9.24242424242766
20.586,9.24242424242766
20.592,11.080586080583089
20.599,11.785714285713766
20.604,9.242424242429479
20.61,8.33333333333212
20.616,9.242424242424022
20.621,9.242424242425841
20.627,8.33333333333212
20.633,12.5
20.639,12.5
20.645,9.242424242424022
20.65,9.24242424242766
20.656,9.242424242424022
20.661,9.242424242422203
20.667,9.242424242424022
20.672,13.030303030305731
20.678,12.5
20.684,8.33333333333394
20.69,8.33333333333212
20.696,9.242424242424022
20.701,9.242424242424022
20.707,8.33333333333394
20.713,12.5
20.719,13.030303030300274
20.724,9.242424242424022
20.73,9.242424242424022
20.735,9.242424242425841
20.741,9.242424242424022
20.746,9.242424242424022
20.752,9.242424242424022
20.757,11.785714285715585
20.764,11.785714285717404
20.769,9.242424242425841
20.775,8.33333333333212
20.781,9.242424242424022
20.786,9.242424242422203
20.792,9.242424242424022
20.797,11.785714285721042
20.804,11.785714285717404
20.809,9.242424242420384
20.815,9.242424242424022
20.82,9.242424242425841
20.826,9.242424242424022
20.831,9.242424242431298
20.837,9.242424242424022
20.842,13.030303030300274
20.848,12.5
20.854,8.333333333335759
20.86,9.242424242424022
20.865,9.242424242425841
20.871,8.33333333333212
20.877,9.242424242420384
20.882,13.030303030303912
20.888,12.5
20.894,8.333333333335759
20.9,9.242424242420384
20.905,9.242424242422203
20.911,9.242424242424022
20.916,9.24242424242766
20.922,9.242424242424022
20.927,13.030303030302093
20.933,12.5
20.939,8.33333333333394
20.945,9.242424242424022
20.95,9.242424242425841
20.956,8.333333333335759
20.962,9.242424242424022
20.967,13.030303030303912
20.973,12.5
20.979,8.333333333335759
20.985,8.33333333333212
20.991,9.242424242424022
20.996,9.242424242425841
21.002,9.242424242424022
21.007,13.030303030302093
21.013,12.5
21.019,8.333333333335759
21.025,8.33333333333394
21.031,9.242424242424022
21.036,9.242424242420384
21.042,12.500000000003638
21.048,12.500000000005457
21.054,8.333333333335759
21.06,8.33333333333212
21.066,9.242424242420384
21.071,9.242424242420384
21.077,9.242424242424022
21.082,12.272727272729753
21.088,11.66666666666788
21.094,7.5
21.1,7.499999999998181
21.106,7.5
21.112,11.757575757565064
21.117,11.11904761903861
21.124,4.670329670329011
21.13,5.54545454545223
21.135,5.545454545454049
21.141,4.454545454544132
21.146,3.6969696969681536
21.152,2.5
21.158,2.5
21.164,1.6666666666660603
21.17,-1.0909090909117367
21.175,-1.8484848484822578
21.181,-1.8484848484877148
21.186,-1.8484848484858958
21.192,-5.0
21.198,-6.66666666666606
21.204,-4.999999999998181
21.21,-5.545454545459506
21.215,-6.303030303031846
21.221,-6.666666666667879
21.227,-7.393939393939945
21.232,-10.42424242424022
21.238,-10.476190476190823
21.245,-7.783882783880472
21.251,-8.151515151515923
21.256,-8.151515151514104
21.262,-9.24242424242766
21.267,-13.030303030303912
21.273,-12.5
21.279,-8.33333333333212
21.285,-9.24242424242766
21.29,-9.242424242425841
21.296,-9.24242424242766
21.301,-9.242424242424022
21.307,-8.33333333333212
21.313,-12.5
21.319,-12.5
21.325,-9.24242424242766
21.33,-9.242424242424022
21.336,-9.242424242420384
21.341,-9.242424242418565
21.347,-12.5
21.353,-12.5
21.359,-8.333333333335759
21.365,-9.24242424242766
21.37,-9.242424242422203
21.376,-8.33333333333212
21.382,-9.24242424242766
21.387,-9.242424242422203
21.393,-12.5
21.399,-12.5
21.405,-9.24242424242766
21.41,-9.242424242424022
21.416,-9.24242424242766
21.421,-9.242424242425841
21.427,-8.33333333333212
21.433,-12.499999999998181
21.439,-13.03030303030755
21.444,-9.242424242429479
21.45,-9.242424242424022
21.455,-9.242424242420384
21.461,-9.242424242420384
21.466,-9.242424242422203
21.472,-9.24242424242766
21.477,-10.96153846154266
21.485,-10.119047619047706
21.491,-8.33333333333212
21.497,-9.24242424242766
21.502,-13.030303030302093
21.508,-12.271062271060146
21.515,-7.783882783882291
21.521,-9.24242424242766
21.526,-9.242424242425841
21.532,-9.24242424242766
21.537,-13.030303030303912
21.543,-12.5
21.549,-8.33333333333212
21.555,-9.24242424242766
21.56,-9.242424242424022
21.566,-9.242424242420384
21.571,-9.242424242422203
21.577,-9.24242424242766
21.582,-13.030303030302093
21.588,-12.5
21.594,-8.333333333335759
21.6,-8.33333333333212
21.606,-9.24242424242766
21.611,-9.242424242424022
21.617,-9.242424242424022
21.622,-13.030303030303912
21.628,-12.5
21.634,-8.33333333333212
21.64,-8.33333333333394
21.646,-9.242424242431298
21.651,-9.242424242422203
21.657,-9.24242424242766
21.662,-9.242424242425841
21.668,-12.5
21.674,-13.030303030303912
21.679,-9.242424242424022
21.685,-9.242424242416746
21.69,-9.242424242418565
21.696,-9.24242424242766
21.701,-9.242424242422203
21.707,-8.33333333333212
21.713,-12.5
21.719,-13.030303030303912
21.724,-9.242424242424022
21.73,-8.33333333333212
21.736,-9.24242424242766
21.741,-9.242424242422203
21.747,-8.33333333333394
21.753,-12.5
21.759,-13.030303030303912
21.764,-9.242424242422203
21.77,-9.24242424242766
21.775,-9.242424242425841
21.781,-9.242424242420384
21.786,-9.242424242418565
21.792,-9.242424242424022
21.797,-11.785714285717404
21.804,-11.785714285713766
21.809,-9.242424242422203
21.815,-8.33333333333212
21.821,-9.242424242431298
21.826,-9.242424242425841
21.832,-9.24242424242766
21.837,-11.785714285715585
21.844,-11.785714285717404
21.849,-9.242424242422203
21.855,-9.24242424242766
21.86,-9.242424242424022
21.866,-9.24242424242766
21.871,-9.24242424242766
21.877,-9.242424242416746
21.882,-13.030303030298455
21.888,-12.500000000001819
21.894,-8.333333333337578
21.9,-9.242424242416746
21.905,-9.242424242418565
21.911,-8.33333333333212
21.917,-9.24242424242766
21.922,-9.242424242424022
21.928,-12.5
21.934,-12.499999999998181
21.94,-9.24242424242766
21.945,-9.242424242425841
21.951,-9.242424242424022
21.956,-9.242424242424022
21.962,-8.33333333333212
21.968,-12.5
21.974,nan
21.979,nan
