time,value
1.4e-05,10,
0.007794,10,
0.0135,10,
0.018967,10,
0.024696,10,
0.030193,10,
0.035672,10,
0.04276,10,
0.048845,10,
0.054655,10,
0.0602,10,
0.066051,10,
0.072805,10,
0.078466,10,
0.083896,10,
0.08971,10,
0.095198,10,
0.10086,10,
0.10752,10,
0.11296,10,
0.1186,10,
0.12402,10,
0.12976,10,
0.1352,10,
0.14061,10,
0.14603,10,
0.15257,10,
0.15803,10,
0.16359,10,
0.16901,10,
0.17494,10,
0.18055,10,
0.18598,10,
0.19266,10,
0.19851,10,
0.20394,10,
0.20966,10,
0.21521,10,
0.22076,10,
0.22694,10,
0.23257,10,
0.238,10,
0.24363,10,
0.24919,10,
0.25497,10,
0.26062,10,
0.26605,10,
0.27266,10,
0.27873,10,
0.28417,10,
0.28976,10,
0.2952,10,
0.30075,10,
0.30694,10,
0.31257,10,
0.31804,10,
0.32362,10,
0.32904,10,
0.33495,10,
0.34064,10,
0.34701,10,
0.35267,10,
0.35857,10,
0.364,10,
0.36975,10,
0.3752,10,
0.38061,10,
0.38602,10,
0.39255,10,
0.3982,10,
0.40362,10,
0.40906,10,
0.41494,10,
0.42064,10,
0.42722,10,
0.43267,10,
0.43858,10,
0.44401,10,
0.44976,10,
0.4552,10,
0.46076,10,
0.46695,10,
0.47258,10,
0.47801,10,
0.48367,10,
0.48941,10,
0.49519,10,
0.50074,10,
0.50699,10,
0.51267,10,
0.5182,10,
0.52362,10,
0.52927,10,
0.53495,10,
0.54062,10,
0.54604,10,
0.55258,10,
0.55805,10,
0.56362,10,
0.56905,10,
0.57496,10,
0.58068,10,
0.58698,10,
0.59266,10,
0.59855,10,
0.60399,10,
0.60966,10,
0.61522,10,
0.62078,10,
0.62695,10,
0.63258,10,
0.63804,10,
0.64362,10,
0.64905,10,
0.65495,10,
0.66066,10,
0.66699,10,
0.67266,10,
0.67819,10,
0.68362,10,
0.68927,10,
0.69496,10,
0.70066,10,
0.70697,10,
0.71258,10,
0.71804,10,
0.72362,10,
0.72903,10,
0.73456,10,
0.73999,10,
0.74565,10,
0.75192,10,
0.75761,10,
0.76304,10,
0.76892,10,
0.77489,10,
0.78084,10,
0.78756,10,
0.79302,10,
0.79886,10,
0.80455,10,
0.81002,10,
0.81567,10,
0.82202,10,
0.82768,10,
0.83332,10,
0.83905,10,
0.84481,10,
0.85047,10,
0.85591,10,
0.86289,10,
0.86865,10,
0.8742,10,
0.87984,10,
0.88544,10,
0.89097,10,
0.89766,10,
0.90319,10,
0.90861,10,
0.91404,10,
0.91968,10,
0.92518,10,
0.93058,10,
0.936,10,
0.94259,10,
0.94802,10,
0.95367,10,
0.95923,10,
0.96466,10,
0.97022,10,
0.97576,10,
0.98191,10,
0.98757,10,
0.993,10,
0.9986,10,
1.004,10,
1.0098,10,
1.0152,10,
1.0208,10,
1.0269,10,
1.0326,10,
1.038,10,
1.0436,10,
1.049,10,
1.0548,10,
1.0602,10,
1.0657,10,
1.0719,10,
1.0776,10,
1.083,10,
1.0887,10,
1.0945,10,
1.0999,10,
1.1057,10,
1.1119,10,
1.1175,10,
1.1229,10,
1.1286,10,
1.134,10,
1.1397,10,
1.1452,10,
1.152,10,
1.1576,10,
1.163,10,
1.1687,10,
1.1745,10,
1.18,10,
1.1857,10,
1.1919,10,
1.1975,10,
1.203,10,
1.2086,10,
1.214,10,
1.2196,10,
1.2252,10,
1.231,10,
1.2376,10,
1.243,10,
1.2487,10,
1.2543,10,
1.2597,10,
1.2652,10,
1.271,10,
1.2776,10,
1.283,10,
1.2887,10,
1.2943,10,
1.2997,10,
1.3052,10,
1.311,10,
1.3176,10,
1.323,10,
1.3287,10,
1.3343,10,
1.3397,10,
1.3452,10,
1.351,10,
1.3576,10,
1.363,10,
1.3687,10,
1.3742,10,
1.3797,10,
1.3852,10,
1.391,10,
1.3976,10,
1.403,10,
1.4088,10,
1.4143,10,
1.4198,10,
1.4252,10,
1.431,10,
1.4376,10,
1.443,10,
1.4487,10,
1.4542,10,
1.4596,10,
1.4652,10,
1.471,10,
1.4776,10,
1.483,10,
1.4888,10,
1.4944,10,
1.4998,10,
1.5054,10,
1.512,10,
1.5176,10,
1.523,10,
1.5286,10,
1.534,10,
1.5396,10,
1.5452,10,
1.5506,10,
1.556,10,
1.5626,10,
1.568,10,
1.5736,10,
1.579,10,
1.5848,10,
1.5905,10,
1.597,10,
1.6027,10,
1.6083,10,
1.6137,10,
1.6192,10,
1.6248,10,
1.6307,10,
1.637,10,
1.6427,10,
1.6482,10,
1.6542,10,
1.6598,10,
1.6657,10,
1.6725,10,
1.678,10,
1.6836,10,
1.6892,10,
1.695,10,
1.7006,10,
1.706,10,
1.7127,10,
1.7182,10,
1.7236,10,
1.729,10,
1.7349,10,
1.7405,10,
1.7459,10,
1.7525,10,
1.7579,10,
1.7636,10,
1.769,10,
1.7749,10,
1.7805,10,
1.7872,10,
1.7928,10,
1.7985,10,
1.8039,10,
1.8097,10,
1.8152,10,
1.8208,10,
1.8269,10,
1.8326,10,
1.8382,10,
1.8436,10,
1.849,10,
1.8549,10,
1.8605,10,
1.866,10,
1.8727,10,
1.8782,10,
1.8836,10,
1.8893,10,
1.8949,10,
1.9005,10,
1.9059,10,
1.9125,10,
1.918,10,
1.9236,10,
1.929,10,
1.9349,10,
1.9405,10,
1.946,10,
1.9527,10,
1.9582,10,
1.9636,10,
1.969,10,
1.9749,10,
1.9805,10,
1.9859,10,
1.9925,10,
1.9979,10,
2.0036,10,
2.009,10,
2.0149,10,
2.0205,10,
2.026,10,
2.0327,10,
2.0382,10,
2.0436,10,
2.0492,10,
2.055,10,
2.0607,10,
2.067,10,
2.0726,10,
2.078,10,
2.0837,10,
2.0892,10,
2.095,10,
2.1007,10,
2.107,10,
2.1127,10,
2.1184,10,
2.1238,10,
2.1293,10,
2.1352,10,
2.1407,10,
2.1469,10,
2.1526,10,
2.158,10,
2.1636,10,
2.169,10,
2.1749,10,
2.1805,10,
2.186,10,
2.1927,10,
2.1982,10,
2.2037,10,
2.2093,10,
2.215,10,
2.2207,10,
2.227,10,
2.2326,10,
2.238,10,
2.2436,10,
2.249,10,
2.2549,10,
2.2605,10,
2.266,10,
2.2727,10,
2.2785,10,
2.2839,10,
2.2897,10,
2.2952,10,
2.3008,10,
2.3069,10,
2.3126,10,
2.318,10,
2.3236,10,
2.329,10,
2.3349,10,
2.3406,10,
2.346,10,
2.3527,10,
2.3586,10,
2.364,10,
2.3697,10,
2.3752,10,
2.3807,10,
2.387,10,
2.3929,10,
2.3988,10,
2.4045,10,
2.4099,10,
2.4156,10,
2.4222,10,
2.4277,10,
2.4332,10,
2.439,10,
2.4447,10,
2.4502,10,
2.4557,10,
2.462,10,
2.4677,10,
2.4732,10,
2.479,10,
2.4846,10,
2.49,10,
2.4957,10,
2.5022,10,
2.5077,10,
2.5132,10,
2.5192,10,
2.5248,10,
2.5302,10,
2.5357,10,
2.542,10,
2.5477,10,
2.5532,10,
2.5592,10,
2.5648,10,
2.5705,10,
2.5759,10,
2.5826,10,
2.5882,10,
2.5938,10,
2.5995,10,
2.605,10,
2.6107,10,
2.6173,10,
2.623,10,
2.6288,10,
2.6342,10,
2.6398,10,
2.6482,10,
2.6537,10,
2.6592,10,
2.6648,10,
2.6704,10,
2.676,10,
2.6826,10,
2.6882,10,
2.6943,10,
2.6997,10,
2.7052,10,
2.711,10,
2.7176,10,
2.723,10,
2.7287,10,
2.7342,10,
2.7396,10,
2.7452,10,
2.7506,10,
2.756,10,
2.7626,10,
2.768,10,
2.7736,10,
2.779,10,
2.7847,10,
2.7906,10,
2.796,10,
2.8026,10,
2.808,10,
2.8136,10,
2.819,10,
2.8247,10,
2.8302,10,
2.8356,10,
2.842,10,
2.8476,10,
2.853,10,
2.8587,10,
2.8643,10,
2.87,10,
2.8756,10,
2.881,10,
2.8875,10,
2.893,10,
2.8986,10,
2.904,10,
2.9097,10,
2.9152,10,
2.9207,10,
2.9269,10,
2.9325,10,
2.938,10,
2.9436,10,
2.949,10,
2.9547,10,
2.9602,10,
2.966,10,
2.9726,10,
2.978,10,
2.9836,10,
2.9892,10,
2.9947,10,
3.0002,-10,
3.0057,-10,
3.0119,-10,
3.0177,-10,
3.0232,-10,
3.0286,-10,
3.034,-10,
3.0397,-10,
3.0452,-10,
3.0506,-10,
3.057,-10,
3.0626,-10,
3.068,-10,
3.0737,-10,
3.0793,-10,
3.0847,-10,
3.0902,-10,
3.0957,-10,
3.1019,-10,
3.1076,-10,
3.1207,-10,
3.1275,-10,
3.1338,-10,
3.1392,-10,
3.1448,-10,
3.1502,-10,
3.1557,-10,
3.162,-10,
3.1676,-10,
3.1732,-10,
3.1786,-10,
3.184,-10,
3.19,-10,
3.1957,-10,
3.202,-10,
3.2076,-10,
3.213,-10,
3.2186,-10,
3.2242,-10,
3.2297,-10,
3.2352,-10,
3.2407,-10,
3.247,-10,
3.2526,-10,
3.2582,-10,
3.2637,-10,
3.2692,-10,
3.2747,-10,
3.2802,-10,
3.2856,-10,
3.291,-10,
3.2977,-10,
3.3032,-10,
3.3087,-10,
3.3142,-10,
3.3197,-10,
3.3252,-10,
3.3307,-10,
3.337,-10,
3.3428,-10,
3.3485,-10,
3.3539,-10,
3.3596,-10,
3.3652,-10,
3.3706,-10,
3.3772,-10,
3.3829,-10,
3.3885,-10,
3.394,-10,
3.3996,-10,
3.405,-10,
3.4107,-10,
3.4172,-10,
3.423,-10,
3.4288,-10,
3.4342,-10,
3.4397,-10,
3.4452,-10,
3.4507,-10,
3.4577,-10,
3.4632,-10,
3.4688,-10,
3.4745,-10,
3.4802,-10,
3.4857,-10,
3.492,-10,
3.4978,-10,
3.5034,-10,
3.5089,-10,
3.5146,-10,
3.5202,-10,
3.527,-10,
3.5327,-10,
3.5382,-10,
3.5438,-10,
3.5492,-10,
3.5548,-10,
3.5605,-10,
3.5672,-10,
3.5727,-10,
3.5782,-10,
3.5838,-10,
3.5895,-10,
3.5949,-10,
3.6009,-10,
3.6077,-10,
3.6132,-10,
3.6187,-10,
3.6242,-10,
3.6298,-10,
3.6354,-10,
3.6409,-10,
3.6476,-10,
3.6532,-10,
3.6588,-10,
3.6644,-10,
3.6733,-10,
3.6792,-10,
3.6846,-10,
3.6902,-10,
3.6957,-10,
3.7022,-10,
3.7076,-10,
3.7133,-10,
3.7189,-10,
3.7246,-10,
3.7302,-10,
3.7356,-10,
3.741,-10,
3.7476,-10,
3.753,-10,
3.7589,-10,
3.7645,-10,
3.77,-10,
3.7756,-10,
3.781,-10,
3.7876,-10,
3.793,-10,
3.7989,-10,
3.8045,-10,
3.8099,-10,
3.8155,-10,
3.821,-10,
3.8276,-10,
3.833,-10,
3.8389,-10,
3.8445,-10,
3.8499,-10,
3.8556,-10,
3.861,-10,
3.8676,-10,
3.873,-10,
3.8789,-10,
3.8845,-10,
3.8899,-10,
3.8955,-10,
3.9009,-10,
3.9076,-10,
3.913,-10,
3.919,-10,
3.9247,-10,
3.9302,-10,
3.9356,-10,
3.941,-10,
3.9476,-10,
3.953,-10,
3.9589,-10,
3.9645,-10,
3.9699,-10,
3.9755,-10,
3.981,-10,
3.9876,-10,
3.993,-10,
3.9989,-10,
4.0046,-10,
4.01,-10,
4.0156,-10,
4.021,-10,
4.0276,-10,
4.033,-10,
4.0389,-10,
4.0446,-10,
4.0502,-10,
4.0556,-10,
4.061,-10,
4.0676,-10,
4.073,-10,
4.0789,-10,
4.0846,-10,
4.0902,-10,
4.0956,-10,
4.101,-10,
4.1076,-10,
4.113,-10,
4.1189,-10,
4.1245,-10,
4.1299,-10,
4.1356,-10,
4.141,-10,
4.1476,-10,
4.1538,-10,
4.1595,-10,
4.1649,-10,
4.1705,-10,
4.177,-10,
4.1826,-10,
4.1882,-10,
4.1938,-10,
4.1992,-10,
4.2048,-10,
4.2102,-10,
4.2156,-10,
4.221,-10,
4.2276,-10,
4.2332,-10,
4.2389,-10,
4.2446,-10,
4.2502,-10,
4.2557,-10,
4.2628,-10,
4.2683,-10,
4.2738,-10,
4.2792,-10,
4.2848,-10,
4.2902,-10,
4.2956,-10,
4.301,-10,
4.3076,-10,
4.3132,-10,
4.319,-10,
4.3245,-10,
4.3299,-10,
4.3356,-10,
4.341,-10,
4.3476,-10,
4.3532,-10,
4.3589,-10,
4.3646,-10,
4.37,-10,
4.3756,-10,
4.381,-10,
4.3876,-10,
4.3932,-10,
4.399,-10,
4.4048,-10,
4.4105,-10,
4.416,-10,
4.4228,-10,
4.4284,-10,
4.4339,-10,
4.4395,-10,
4.445,-10,
4.4506,-10,
4.4572,-10,
4.4629,-10,
4.4687,-10,
4.4742,-10,
4.4795,-10,
4.485,-10,
4.4907,-10,
4.4972,-10,
4.5029,-10,
4.5087,-10,
4.5142,-10,
4.5197,-10,
4.5252,-10,
4.5307,-10,
4.5372,-10,
4.5429,-10,
4.5487,-10,
4.5542,-10,
4.5597,-10,
4.5652,-10,
4.5707,-10,
4.5778,-10,
4.5835,-10,
4.589,-10,
4.5947,-10,
4.6003,-10,
4.6058,-10,
4.6123,-10,
4.6178,-10,
4.6236,-10,
4.629,-10,
4.6348,-10,
4.6402,-10,
4.6472,-10,
4.6527,-10,
4.6582,-10,
4.6638,-10,
4.6694,-10,
4.6749,-10,
4.6807,-10,
4.6872,-10,
4.6927,-10,
4.6982,-10,
4.7038,-10,
4.7094,-10,
4.7149,-10,
4.7209,-10,
4.7277,-10,
4.7332,-10,
4.7386,-10,
4.7442,-10,
4.7498,-10,
4.7555,-10,
4.7609,-10,
4.7676,-10,
4.7732,-10,
4.7788,-10,
4.7842,-10,
4.7902,-10,
4.7957,-10,
4.8025,-10,
4.808,-10,
4.8137,-10,
4.8192,-10,
4.8248,-10,
4.8304,-10,
4.836,-10,
4.8426,-10,
4.8482,-10,
4.8542,-10,
4.8598,-10,
4.8652,-10,
4.871,-10,
4.8777,-10,
4.8832,-10,
4.8888,-10,
4.8944,-10,
4.8999,-10,
4.9058,-10,
4.9127,-10,
4.9182,-10,
4.9238,-10,
4.9297,-10,
4.9355,-10,
4.9422,-10,
4.9477,-10,
4.9532,-10,
4.9592,-10,
4.9648,-10,
4.9704,-10,
4.9759,-10,
4.9832,-10,
4.9888,-10,
4.9945,-10,
5.0002,-10,
5.0057,-10,
5.012,-10,
5.0178,-10,
5.0235,-10,
5.029,-10,
5.0347,-10,
5.0402,-10,
5.046,-10,
5.0526,-10,
5.0582,-10,
5.0638,-10,
5.0695,-10,
5.0749,-10,
5.0806,-10,
5.0872,-10,
5.0927,-10,
5.0982,-10,
5.1038,-10,
5.1092,-10,
5.1148,-10,
5.1208,-10,
5.1275,-10,
5.133,-10,
5.1387,-10,
5.1442,-10,
5.1496,-10,
5.155,-10,
5.1606,-10,
5.166,-10,
5.1727,-10,
5.1782,-10,
5.1838,-10,
5.1894,-10,
5.1949,-10,
5.2009,-10,
5.2077,-10,
5.2132,-10,
5.2186,-10,
5.2242,-10,
5.2297,-10,
5.2352,-10,
5.2407,-10,
5.2472,-10,
5.2527,-10,
5.2582,-10,
5.2638,-10,
5.2692,-10,
5.2748,-10,
5.2808,-10,
5.2875,-10,
5.293,-10,
5.2987,-10,
5.3042,-10,
5.3096,-10,
5.3152,-10,
5.3207,-10,
5.3272,-10,
5.3327,-10,
5.3382,-10,
5.3438,-10,
5.3494,-10,
5.3549,-10,
5.3607,-10,
5.3674,-10,
5.3729,-10,
5.3786,-10,
5.384,-10,
5.3896,-10,
5.395,-10,
5.4006,-10,
5.4072,-10,
5.4127,-10,
5.4182,-10,
5.4238,-10,
5.4294,-10,
5.4348,-10,
5.4408,-10,
5.4472,-10,
5.4527,-10,
5.4582,-10,
5.4638,-10,
5.4695,-10,
5.4748,-10,
5.4805,-10,
5.4872,-10,
5.4927,-10,
5.4982,-10,
5.5038,-10,
5.5095,-10,
5.515,-10,
5.5208,-10,
5.5276,-10,
5.5332,-10,
5.5388,-10,
5.5448,-10,
5.5502,-10,
5.5557,-10,
5.5626,-10,
5.5682,-10,
5.5742,-10,
5.5796,-10,
5.5852,-10,
5.591,-10,
5.5977,-10,
5.6032,-10,
5.6088,-10,
5.6145,-10,
5.6199,-10,
5.6258,-10,
5.6328,-10,
5.6384,-10,
5.6439,-10,
5.65,-10,
5.6557,-10,
5.6622,-10,
5.6677,-10,
5.6732,-10,
5.6792,-10,
5.6846,-10,
5.6902,-10,
5.6956,-10,
5.701,-10,
5.7077,-10,
5.7132,-10,
5.7204,-10,
5.7259,-10,
5.7326,-10,
5.7382,-10,
5.7438,-10,
5.7495,-10,
5.7549,-10,
5.7607,-10,
5.7674,-10,
5.7729,-10,
5.7786,-10,
5.784,-10,
5.7896,-10,
5.795,-10,
5.8008,-10,
5.8077,-10,
5.8132,-10,
5.8187,-10,
5.8241,-10,
5.8299,-10,
5.8355,-10,
5.8419,-10,
5.8476,-10,
5.853,-10,
5.8587,-10,
5.8642,-10,
5.8697,-10,
5.8752,-10,
5.8806,-10,
5.8872,-10,
5.8927,-10,
5.8982,-10,
5.9037,-10,
5.9091,-10,
5.9147,-10,
5.9202,-10,
5.9256,-10,
5.931,-10,
5.9377,-10,
5.9434,-10,
5.9488,-10,
5.9545,-10,
5.9599,-10,
5.9656,-10,
5.9722,-10,
5.9777,-10,
5.9834,-10,
5.9888,-10,
5.9944,-10,
6,-10,
6.006,10,
6.0126,10,
6.0182,10,
6.0237,10,
6.0292,10,
6.0347,10,
6.0401,10,
6.0456,10,
6.051,10,
6.0577,10,
6.0634,10,
6.0688,10,
6.0744,10,
6.0798,10,
6.0854,10,
6.0909,10,
6.0977,10,
6.1032,10,
6.1087,10,
6.1142,10,
6.1197,10,
6.1259,10,
6.1325,10,
6.1379,10,
6.1436,10,
6.1492,10,
6.1547,10,
6.1601,10,
6.1656,10,
6.171,10,
6.1777,10,
6.1832,10,
6.1887,10,
6.1942,10,
6.1997,10,
6.2052,10,
6.2106,10,
6.2162,10,
6.2226,10,
6.2282,10,
6.2338,10,
6.2392,10,
6.2447,10,
6.2502,10,
6.2556,10,
6.261,10,
6.2676,10,
6.273,10,
6.2789,10,
6.2846,10,
6.2902,10,
6.2956,10,
6.302,10,
6.3076,10,
6.3132,10,
6.319,10,
6.3245,10,
6.3299,10,
6.3355,10,
6.341,10,
6.3476,10,
6.3532,10,
6.359,10,
6.3646,10,
6.3702,10,
6.3756,10,
6.3822,10,
6.3876,10,
6.3932,10,
6.399,10,
6.4045,10,
6.4107,10,
6.4162,10,
6.4226,10,
6.4282,10,
6.4338,10,
6.4392,10,
6.4448,10,
6.4502,10,
6.4556,10,
6.4612,10,
6.4676,10,
6.473,10,
6.479,10,
6.4846,10,
6.4902,10,
6.4956,10,
6.5019,10,
6.5076,10,
6.513,10,
6.519,10,
6.5246,10,
6.5302,10,
6.5357,10,
6.5412,10,
6.5477,10,
6.5532,10,
6.5592,10,
6.5647,10,
6.5704,10,
6.5759,10,
6.5828,10,
6.5886,10,
6.5942,10,
6.5996,10,
6.6052,10,
6.6107,10,
6.6173,10,
6.6232,10,
6.6288,10,
6.6345,10,
6.6402,10,
6.6456,10,
6.6525,10,
6.6579,10,
6.6636,10,
6.669,10,
6.6747,10,
6.6804,10,
6.6859,10,
6.6927,10,
6.6982,10,
6.7038,10,
6.7094,10,
6.715,10,
6.7208,10,
6.7276,10,
6.7332,10,
6.7387,10,
6.7442,10,
6.7496,10,
6.7552,10,
6.7607,10,
6.7672,10,
6.7727,10,
6.7782,10,
6.7838,10,
6.7894,10,
6.795,10,
6.8009,10,
6.8077,10,
6.8133,10,
6.8187,10,
6.8242,10,
6.83,10,
6.8356,10,
6.8412,10,
6.8478,10,
6.8532,10,
6.8587,10,
6.8642,10,
6.8696,10,
6.875,10,
6.8808,10,
6.8876,10,
6.8932,10,
6.8987,10,
6.9042,10,
6.9098,10,
6.9154,10,
6.9209,10,
6.9278,10,
6.9334,10,
6.9388,10,
6.9446,10,
6.9506,10,
6.9562,10,
6.9627,10,
6.9682,10,
6.9738,10,
6.9794,10,
6.9849,10,
6.9905,10,
6.9973,10,
7.0028,10,
7.0082,10,
7.0142,10,
7.0196,10,
7.0252,10,
7.0308,10,
7.0375,10,
7.043,10,
7.0486,10,
7.0542,10,
7.0597,10,
7.0654,10,
7.0728,10,
7.0784,10,
7.0839,10,
7.0899,10,
7.0956,10,
7.1012,10,
7.1077,10,
7.1132,10,
7.119,10,
7.1246,10,
7.1304,10,
7.1359,10,
7.1426,10,
7.1482,10,
7.1539,10,
7.1596,10,
7.1652,10,
7.1707,10,
7.1772,10,
7.1829,10,
7.1887,10,
7.1942,10,
7.1996,10,
7.2052,10,
7.2107,10,
7.2178,10,
7.2232,10,
7.2288,10,
7.2345,10,
7.2402,10,
7.2456,10,
7.2525,10,
7.2579,10,
7.2637,10,
7.2692,10,
7.2748,10,
7.2806,10,
7.2877,10,
7.2932,10,
7.2988,10,
7.3044,10,
7.31,10,
7.3156,10,
7.3224,10,
7.3279,10,
7.3342,10,
7.3397,10,
7.3454,10,
7.3525,10,
7.3579,10,
7.3637,10,
7.3692,10,
7.3746,10,
7.3802,10,
7.3859,10,
7.3928,10,
7.3986,10,
7.4042,10,
7.4097,10,
7.4152,10,
7.4207,10,
7.427,10,
7.4327,10,
7.4383,10,
7.4438,10,
7.4494,10,
7.4555,10,
7.4622,10,
7.4677,10,
7.4731,10,
7.479,10,
7.4846,10,
7.4904,10,
7.4958,10,
7.5026,10,
7.5083,10,
7.5138,10,
7.5196,10,
7.525,10,
7.5306,10,
7.5374,10,
7.5432,10,
7.5488,10,
7.5544,10,
7.5599,10,
7.5656,10,
7.5712,10,
7.5778,10,
7.5836,10,
7.5892,10,
7.5948,10,
7.6004,10,
7.6077,10,
7.6132,10,
7.6188,10,
7.6245,10,
7.63,10,
7.6356,10,
7.6424,10,
7.6479,10,
7.6539,10,
7.6597,10,
7.6652,10,
7.6708,10,
7.6775,10,
7.6829,10,
7.6885,10,
7.694,10,
7.6996,10,
7.7052,10,
7.7107,10,
7.7173,10,
7.7228,10,
7.7284,10,
7.7344,10,
7.74,10,
7.746,10,
7.7527,10,
7.7581,10,
7.7637,10,
7.7694,10,
7.7752,10,
7.7806,10,
7.7872,10,
7.793,10,
7.799,10,
7.8046,10,
7.8102,10,
7.8157,10,
7.8212,10,
7.8276,10,
7.8332,10,
7.839,10,
7.8446,10,
7.85,10,
7.8557,10,
7.8612,10,
7.8676,10,
7.8732,10,
7.8789,10,
7.8845,10,
7.8902,10,
7.8956,10,
7.901,10,
7.9076,10,
7.913,10,
7.9189,10,
7.9246,10,
7.9302,10,
7.9357,10,
7.9411,10,
7.9476,10,
7.9532,10,
7.959,10,
7.9646,10,
7.97,10,
7.9756,10,
7.9812,10,
7.9876,10,
7.993,10,
7.9989,10,
8.0045,10,
8.0099,10,
8.0156,10,
8.021,10,
8.0276,10,
8.033,10,
8.0389,10,
8.0445,10,
8.05,10,
8.0557,10,
8.0612,10,
8.0676,10,
8.073,10,
8.0789,10,
8.0846,10,
8.0902,10,
8.0956,10,
8.1012,10,
8.1076,10,
8.1132,10,
8.119,10,
8.1246,10,
8.1302,10,
8.1357,10,
8.1411,10,
8.1476,10,
8.153,10,
8.1589,10,
8.1646,10,
8.1702,10,
8.1757,10,
8.1811,10,
8.1876,10,
8.1932,10,
8.199,10,
8.2046,10,
8.21,10,
8.2157,10,
8.2211,10,
8.2276,10,
8.233,10,
8.2389,10,
8.2445,10,
8.2502,10,
8.2556,10,
8.2612,10,
8.2676,10,
8.273,10,
8.2789,10,
8.2845,10,
8.2902,10,
8.2956,10,
8.3012,10,
8.3076,10,
8.313,10,
8.3242,10,
8.3298,10,
8.3355,10,
8.341,10,
8.3476,10,
8.353,10,
8.359,10,
8.3646,10,
8.37,10,
8.3756,10,
8.381,10,
8.3876,10,
8.393,10,
8.3989,10,
8.4047,10,
8.4102,10,
8.4156,10,
8.4212,10,
8.4276,10,
8.4332,10,
8.439,10,
8.4446,10,
8.4502,10,
8.4556,10,
8.4612,10,
8.4676,10,
8.4732,10,
8.4792,10,
8.4847,10,
8.4902,10,
8.4956,10,
8.5012,10,
8.5076,10,
8.513,10,
8.519,10,
8.5247,10,
8.5302,10,
8.5357,10,
8.5412,10,
8.5477,10,
8.5532,10,
8.5592,10,
8.5647,10,
8.5705,10,
8.5759,10,
8.5832,10,
8.5888,10,
8.5945,10,
8.6002,10,
8.6057,10,
8.6125,10,
8.618,10,
8.6235,10,
8.629,10,
8.6346,10,
8.6404,10,
8.6476,10,
8.6533,10,
8.6588,10,
8.6645,10,
8.6702,10,
8.6757,10,
8.6825,10,
8.6879,10,
8.694,10,
8.6996,10,
8.7052,10,
8.7107,10,
8.7173,10,
8.7227,10,
8.7282,10,
8.7338,10,
8.7395,10,
8.745,10,
8.7506,10,
8.7562,10,
8.7627,10,
8.7682,10,
8.7745,10,
8.78,10,
8.7858,10,
8.7926,10,
8.7982,10,
8.8038,10,
8.8097,10,
8.8155,10,
8.8211,10,
8.8276,10,
8.8332,10,
8.839,10,
8.8446,10,
8.85,10,
8.8556,10,
8.861,10,
8.8676,10,
8.873,10,
8.8789,10,
8.8845,10,
8.8902,10,
8.8956,10,
8.9033,10,
8.9087,10,
8.9142,10,
8.9196,10,
8.9252,10,
8.9306,10,
8.9362,10,
8.9426,10,
8.9482,10,
8.9538,10,
8.9595,10,
8.9649,10,
8.9705,10,
8.9759,10,
8.983,10,
8.9887,10,
8.9942,10,
8.9997,10,
9.0052,10,
9.0106,-10,
9.0162,-10,
9.0228,-10,
9.0284,-10,
9.0338,-10,
9.0395,-10,
9.0449,-10,
9.0505,-10,
9.0562,-10,
9.0632,-10,
9.0687,-10,
9.0742,-10,
9.0795,-10,
9.085,-10,
9.0906,-10,
9.0961,-10,
9.1026,-10,
9.1082,-10,
9.1138,-10,
9.1192,-10,
9.1247,-10,
9.1302,-10,
9.1356,-10,
9.1412,-10,
9.1476,-10,
9.153,-10,
9.1589,-10,
9.1645,-10,
9.1702,-10,
9.1756,-10,
9.1812,-10,
9.1876,-10,
9.193,-10,
9.1989,-10,
9.2046,-10,
9.2102,-10,
9.2156,-10,
9.2212,-10,
9.2276,-10,
9.2332,-10,
9.239,-10,
9.2446,-10,
9.25,-10,
9.2556,-10,
9.261,-10,
9.2677,-10,
9.2732,-10,
9.279,-10,
9.2846,-10,
9.2901,-10,
9.2956,-10,
9.3012,-10,
9.3076,-10,
9.313,-10,
9.3189,-10,
9.3254,-10,
9.3309,-10,
9.3377,-10,
9.3432,-10,
9.3488,-10,
9.3544,-10,
9.3599,-10,
9.3655,-10,
9.371,-10,
9.3777,-10,
9.3834,-10,
9.3888,-10,
9.3945,-10,
9.4,-10,
9.4056,-10,
9.4111,-10,
9.4177,-10,
9.4234,-10,
9.4288,-10,
9.4345,-10,
9.4402,-10,
9.4456,-10,
9.4512,-10,
9.4577,-10,
9.4634,-10,
9.4688,-10,
9.4745,-10,
9.48,-10,
9.4856,-10,
9.4912,-10,
9.4978,-10,
9.5034,-10,
9.5088,-10,
9.5145,-10,
9.52,-10,
9.5256,-10,
9.5312,-10,
9.5379,-10,
9.5435,-10,
9.549,-10,
9.5546,-10,
9.5604,-10,
9.566,-10,
9.5727,-10,
9.5782,-10,
9.5838,-10,
9.5894,-10,
9.5958,-10,
9.6027,-10,
9.6082,-10,
9.6138,-10,
9.6195,-10,
9.625,-10,
9.6306,-10,
9.6362,-10,
9.6426,-10,
9.6481,-10,
9.654,-10,
9.6596,-10,
9.665,-10,
9.6706,-10,
9.676,-10,
9.6826,-10,
9.6882,-10,
9.6937,-10,
9.6991,-10,
9.7045,-10,
9.7099,-10,
9.7156,-10,
9.721,-10,
9.7277,-10,
9.7332,-10,
9.7387,-10,
9.7441,-10,
9.7495,-10,
9.7549,-10,
9.7608,-10,
9.7662,-10,
9.7726,-10,
9.7782,-10,
9.7836,-10,
9.7891,-10,
9.7946,-10,
9.8,-10,
9.8056,-10,
9.8111,-10,
9.8177,-10,
9.8234,-10,
9.8288,-10,
9.8345,-10,
9.8402,-10,
9.8456,-10,
9.8512,-10,
9.8577,-10,
9.8634,-10,
9.8688,-10,
9.8745,-10,
9.8802,-10,
9.8856,-10,
9.8912,-10,
9.8977,-10,
9.9034,-10,
9.909,-10,
9.9146,-10,
9.9202,-10,
9.9256,-10,
9.9312,-10,
9.9377,-10,
9.9434,-10,
9.949,-10,
9.9546,-10,
9.96,-10,
9.9656,-10,
9.9711,-10,
9.9777,-10,
9.9834,-10,
9.9889,-10,
9.9945,-10,
9.9999,-10,
10.006,-10,
10.011,-10,
10.018,-10,
10.023,-10,
10.029,-10,
10.035,-10,
10.04,-10,
10.046,-10,
10.051,-10,
10.058,-10,
10.063,-10,
10.069,-10,
10.075,-10,
10.08,-10,
10.086,-10,
10.091,-10,
10.098,-10,
10.103,-10,
10.109,-10,
10.115,-10,
10.12,-10,
10.126,-10,
10.131,-10,
10.138,-10,
10.144,-10,
10.149,-10,
10.155,-10,
10.16,-10,
10.166,-10,
10.171,-10,
10.178,-10,
10.183,-10,
10.189,-10,
10.195,-10,
10.2,-10,
10.206,-10,
10.211,-10,
10.218,-10,
10.224,-10,
10.229,-10,
10.235,-10,
10.24,-10,
10.246,-10,
10.251,-10,
10.258,-10,
10.263,-10,
10.269,-10,
10.275,-10,
10.28,-10,
10.286,-10,
10.291,-10,
10.298,-10,
10.303,-10,
10.309,-10,
10.315,-10,
10.32,-10,
10.326,-10,
10.331,-10,
10.338,-10,
10.344,-10,
10.349,-10,
10.355,-10,
10.361,-10,
10.366,-10,
10.373,-10,
10.378,-10,
10.384,-10,
10.39,-10,
10.395,-10,
10.401,-10,
10.408,-10,
10.413,-10,
10.419,-10,
10.425,-10,
10.43,-10,
10.436,-10,
10.441,-10,
10.448,-10,
10.453,-10,
10.459,-10,
10.465,-10,
10.471,-10,
10.477,-10,
10.483,-10,
10.488,-10,
10.494,-10,
10.5,-10,
10.505,-10,
10.511,-10,
10.517,-10,
10.523,-10,
10.529,-10,
10.535,-10,
10.54,-10,
10.546,-10,
10.553,-10,
10.558,-10,
10.564,-10,
10.569,-10,
10.575,-10,
10.581,-10,
10.588,-10,
10.593,-10,
10.599,-10,
10.605,-10,
10.61,-10,
10.616,-10,
10.623,-10,
10.629,-10,
10.634,-10,
10.64,-10,
10.646,-10,
10.651,-10,
10.658,-10,
10.663,-10,
10.669,-10,
10.675,-10,
10.68,-10,
10.686,-10,
10.691,-10,
10.698,-10,
10.704,-10,
10.709,-10,
10.715,-10,
10.72,-10,
10.726,-10,
10.732,-10,
10.738,-10,
10.743,-10,
10.749,-10,
10.755,-10,
10.76,-10,
10.766,-10,
10.771,-10,
10.778,-10,
10.784,-10,
10.789,-10,
10.795,-10,
10.8,-10,
10.806,-10,
10.811,-10,
10.818,-10,
10.823,-10,
10.829,-10,
10.835,-10,
10.841,-10,
10.846,-10,
10.853,-10,
10.858,-10,
10.864,-10,
10.869,-10,
10.875,-10,
10.88,-10,
10.886,-10,
10.892,-10,
10.898,-10,
10.903,-10,
10.909,-10,
10.915,-10,
10.92,-10,
10.926,-10,
10.931,-10,
10.938,-10,
10.943,-10,
10.949,-10,
10.955,-10,
10.96,-10,
10.966,-10,
10.972,-10,
10.978,-10,
10.984,-10,
10.989,-10,
10.995,-10,
11,-10,
11.006,-10,
11.011,-10,
11.018,-10,
11.023,-10,
11.029,-10,
11.035,-10,
11.04,-10,
11.046,-10,
11.051,-10,
11.058,-10,
11.063,-10,
11.069,-10,
11.075,-10,
11.08,-10,
11.086,-10,
11.091,-10,
11.098,-10,
11.103,-10,
11.109,-10,
11.114,-10,
11.12,-10,
11.125,-10,
11.131,-10,
11.136,-10,
11.143,-10,
11.149,-10,
11.154,-10,
11.16,-10,
11.165,-10,
11.171,-10,
11.176,-10,
11.183,-10,
11.189,-10,
11.194,-10,
11.2,-10,
11.205,-10,
11.211,-10,
11.216,-10,
11.223,-10,
11.229,-10,
11.234,-10,
11.24,-10,
11.245,-10,
11.251,-10,
11.256,-10,
11.263,-10,
11.269,-10,
11.274,-10,
11.28,-10,
11.285,-10,
11.291,-10,
11.296,-10,
11.303,-10,
11.309,-10,
11.314,-10,
11.32,-10,
11.325,-10,
11.331,-10,
11.336,-10,
11.343,-10,
11.349,-10,
11.354,-10,
11.36,-10,
11.365,-10,
11.371,-10,
11.378,-10,
11.383,-10,
11.389,-10,
11.395,-10,
11.4,-10,
11.406,-10,
11.413,-10,
11.418,-10,
11.424,-10,
11.429,-10,
11.435,-10,
11.44,-10,
11.446,-10,
11.453,-10,
11.458,-10,
11.464,-10,
11.47,-10,
11.475,-10,
11.481,-10,
11.487,-10,
11.493,-10,
11.499,-10,
11.504,-10,
11.51,-10,
11.516,-10,
11.521,-10,
11.528,-10,
11.534,-10,
11.539,-10,
11.545,-10,
11.551,-10,
11.556,-10,
11.563,-10,
11.568,-10,
11.574,-10,
11.58,-10,
11.585,-10,
11.591,-10,
11.596,-10,
11.603,-10,
11.608,-10,
11.614,-10,
11.619,-10,
11.625,-10,
11.63,-10,
11.636,-10,
11.641,-10,
11.648,-10,
11.653,-10,
11.659,-10,
11.664,-10,
11.67,-10,
11.676,-10,
11.683,-10,
11.688,-10,
11.694,-10,
11.7,-10,
11.705,-10,
11.712,-10,
11.718,-10,
11.724,-10,
11.729,-10,
11.735,-10,
11.741,-10,
11.746,-10,
11.753,-10,
11.758,-10,
11.764,-10,
11.769,-10,
11.775,-10,
11.78,-10,
11.786,-10,
11.792,-10,
11.798,-10,
11.804,-10,
11.809,-10,
11.815,-10,
11.82,-10,
11.826,-10,
11.832,-10,
11.838,-10,
11.844,-10,
11.849,-10,
11.855,-10,
11.86,-10,
11.866,-10,
11.872,-10,
11.878,-10,
11.884,-10,
11.889,-10,
11.895,-10,
11.901,-10,
11.906,-10,
11.913,-10,
11.918,-10,
11.924,-10,
11.929,-10,
11.935,-10,
11.94,-10,
11.946,-10,
11.952,-10,
11.958,-10,
11.964,-10,
11.969,-10,
11.975,-10,
11.98,-10,
11.986,-10,
11.992,-10,
11.998,-10,
12.004,-10,
12.009,-10,
12.015,10,
12.021,10,
12.026,10,
12.033,10,
12.038,10,
12.044,10,
12.05,10,
12.055,10,
12.061,10,
12.068,10,
12.073,10,
12.079,10,
12.085,10,
12.09,10,
12.096,10,
12.101,10,
12.108,10,
12.113,10,
12.119,10,
12.125,10,
12.13,10,
12.136,10,
12.141,10,
12.148,10,
12.153,10,
12.159,10,
12.165,10,
12.17,10,
12.176,10,
12.181,10,
12.188,10,
12.193,10,
12.199,10,
12.205,10,
12.21,10,
12.216,10,
12.222,10,
12.228,10,
12.233,10,
12.239,10,
12.245,10,
12.25,10,
12.256,10,
12.263,10,
12.269,10,
12.274,10,
12.28,10,
12.285,10,
12.291,10,
12.296,10,
12.303,10,
12.309,10,
12.314,10,
12.321,10,
12.328,10,
12.334,10,
12.339,10,
12.345,10,
12.351,10,
12.356,10,
12.363,10,
12.368,10,
12.374,10,
12.38,10,
12.385,10,
12.393,10,
12.398,10,
12.404,10,
12.41,10,
12.415,10,
12.421,10,
12.428,10,
12.433,10,
12.439,10,
12.445,10,
12.45,10,
12.456,10,
12.462,10,
12.468,10,
12.473,10,
12.479,10,
12.485,10,
12.49,10,
12.496,10,
12.501,10,
12.508,10,
12.513,10,
12.519,10,
12.525,10,
12.53,10,
12.536,10,
12.541,10,
12.548,10,
12.553,10,
12.559,10,
12.565,10,
12.57,10,
12.576,10,
12.581,10,
12.588,10,
12.593,10,
12.599,10,
12.605,10,
12.61,10,
12.616,10,
12.622,10,
12.628,10,
12.633,10,
12.639,10,
12.645,10,
12.65,10,
12.656,10,
12.661,10,
12.668,10,
12.673,10,
12.679,10,
12.685,10,
12.69,10,
12.696,10,
12.701,10,
12.708,10,
12.713,10,
12.719,10,
12.725,10,
12.73,10,
12.736,10,
12.741,10,
12.748,10,
12.753,10,
12.759,10,
12.765,10,
12.771,10,
12.776,10,
12.783,10,
12.788,10,
12.794,10,
12.799,10,
12.805,10,
12.811,10,
12.816,10,
12.823,10,
12.829,10,
12.834,10,
12.84,10,
12.845,10,
12.851,10,
12.856,10,
12.863,10,
12.868,10,
12.874,10,
12.879,10,
12.885,10,
12.891,10,
12.896,10,
12.903,10,
12.909,10,
12.914,10,
12.92,10,
12.925,10,
12.931,10,
12.936,10,
12.943,10,
12.948,10,
12.954,10,
12.959,10,
12.965,10,
12.971,10,
12.976,10,
12.983,10,
12.989,10,
12.994,10,
13,10,
13.005,10,
13.011,10,
13.016,10,
13.023,10,
13.028,10,
13.034,10,
13.039,10,
13.045,10,
13.051,10,
13.058,10,
13.064,10,
13.069,10,
13.075,10,
13.08,10,
13.086,10,
13.091,10,
13.098,10,
13.104,10,
13.109,10,
13.115,10,
13.121,10,
13.128,10,
13.133,10,
13.139,10,
13.145,10,
13.15,10,
13.156,10,
13.161,10,
13.168,10,
13.174,10,
13.179,10,
13.185,10,
13.191,10,
13.197,10,
13.203,10,
13.209,10,
13.214,10,
13.22,10,
13.225,10,
13.231,10,
13.237,10,
13.243,10,
13.249,10,
13.254,10,
13.26,10,
13.266,10,
13.272,10,
13.278,10,
13.284,10,
13.289,10,
13.295,10,
13.3,10,
13.306,10,
13.312,10,
13.318,10,
13.324,10,
13.329,10,
13.335,10,
13.34,10,
13.346,10,
13.352,10,
13.358,10,
13.363,10,
13.369,10,
13.375,10,
13.38,10,
13.386,10,
13.393,10,
13.398,10,
13.404,10,
13.409,10,
13.415,10,
13.42,10,
13.426,10,
13.432,10,
13.438,10,
13.444,10,
13.449,10,
13.455,10,
13.46,10,
13.466,10,
13.472,10,
13.478,10,
13.484,10,
13.489,10,
13.495,10,
13.5,10,
13.506,10,
13.512,10,
13.518,10,
13.523,10,
13.529,10,
13.535,10,
13.54,10,
13.546,10,
13.553,10,
13.558,10,
13.564,10,
13.569,10,
13.575,10,
13.58,10,
13.586,10,
13.592,10,
13.598,10,
13.604,10,
13.609,10,
13.615,10,
13.62,10,
13.626,10,
13.632,10,
13.638,10,
13.644,10,
13.649,10,
13.655,10,
13.66,10,
13.666,10,
13.672,10,
13.678,10,
13.684,10,
13.689,10,
13.695,10,
13.7,10,
13.706,10,
13.712,10,
13.718,10,
13.724,10,
13.729,10,
13.735,10,
13.74,10,
13.746,10,
13.752,10,
13.758,10,
13.764,10,
13.769,10,
13.775,10,
13.78,10,
13.786,10,
13.792,10,
13.798,10,
13.804,10,
13.809,10,
13.815,10,
13.82,10,
13.826,10,
13.832,10,
13.838,10,
13.843,10,
13.849,10,
13.855,10,
13.86,10,
13.866,10,
13.872,10,
13.878,10,
13.884,10,
13.889,10,
13.895,10,
13.9,10,
13.906,10,
13.913,10,
13.919,10,
13.924,10,
13.93,10,
13.935,10,
13.941,10,
13.948,10,
13.953,10,
13.959,10,
13.964,10,
13.97,10,
13.976,10,
13.981,10,
13.988,10,
13.994,10,
14,10,
14.005,10,
14.011,10,
14.018,10,
14.024,10,
14.029,10,
14.035,10,
14.04,10,
14.046,10,
14.051,10,
14.058,10,
14.063,10,
14.069,10,
14.075,10,
14.08,10,
14.086,10,
14.091,10,
14.098,10,
14.104,10,
14.109,10,
14.115,10,
14.12,10,
14.126,10,
14.131,10,
14.138,10,
14.143,10,
14.149,10,
14.155,10,
14.16,10,
14.166,10,
14.171,10,
14.178,10,
14.183,10,
14.189,10,
14.195,10,
14.2,10,
14.206,10,
14.211,10,
14.218,10,
14.223,10,
14.229,10,
14.235,10,
14.24,10,
14.246,10,
14.251,10,
14.258,10,
14.263,10,
14.269,10,
14.275,10,
14.28,10,
14.286,10,
14.291,10,
14.298,10,
14.303,10,
14.309,10,
14.315,10,
14.32,10,
14.326,10,
14.331,10,
14.338,10,
14.344,10,
14.349,10,
14.355,10,
14.36,10,
14.366,10,
14.371,10,
14.378,10,
14.383,10,
14.389,10,
14.395,10,
14.4,10,
14.406,10,
14.411,10,
14.418,10,
14.423,10,
14.429,10,
14.434,10,
14.44,10,
14.445,10,
14.451,10,
14.456,10,
14.463,10,
14.468,10,
14.474,10,
14.479,10,
14.485,10,
14.491,10,
14.496,10,
14.503,10,
14.509,10,
14.514,10,
14.52,10,
14.525,10,
14.531,10,
14.536,10,
14.543,10,
14.548,10,
14.554,10,
14.559,10,
14.565,10,
14.571,10,
14.576,10,
14.583,10,
14.589,10,
14.594,10,
14.6,10,
14.605,10,
14.611,10,
14.616,10,
14.624,10,
14.63,10,
14.636,10,
14.641,10,
14.648,10,
14.653,10,
14.659,10,
14.665,10,
14.67,10,
14.676,10,
14.681,10,
14.688,10,
14.693,10,
14.699,10,
14.704,10,
14.71,10,
14.716,10,
14.723,10,
14.728,10,
14.734,10,
14.739,10,
14.745,10,
14.75,10,
14.756,10,
14.761,10,
14.768,10,
14.774,10,
14.779,10,
14.785,10,
14.791,10,
14.796,10,
14.803,10,
14.809,10,
14.814,10,
14.82,10,
14.825,10,
14.831,10,
14.837,10,
14.843,10,
14.849,10,
14.855,10,
14.86,10,
14.866,10,
14.872,10,
14.878,10,
14.884,10,
14.889,10,
14.895,10,
14.9,10,
14.906,10,
14.912,10,
14.918,10,
14.924,10,
14.929,10,
14.935,10,
14.941,10,
14.947,10,
14.953,10,
14.958,10,
14.964,10,
14.97,10,
14.975,10,
14.981,10,
14.988,10,
14.993,10,
14.999,10,
15.005,10,
15.01,10,
15.016,-10,
15.021,-10,
15.028,-10,
15.033,-10,
15.039,-10,
15.044,-10,
15.05,-10,
15.055,-10,
15.061,-10,
15.068,-10,
15.074,-10,
15.079,-10,
15.085,-10,
15.091,-10,
15.096,-10,
15.103,-10,
15.108,-10,
15.114,-10,
15.119,-10,
15.125,-10,
15.131,-10,
15.136,-10,
15.142,-10,
15.148,-10,
15.154,-10,
15.159,-10,
15.165,-10,
15.17,-10,
15.176,-10,
15.181,-10,
15.188,-10,
15.193,-10,
15.199,-10,
15.205,-10,
15.21,-10,
15.216,-10,
15.221,-10,
15.228,-10,
15.233,-10,
15.239,-10,
15.244,-10,
15.25,-10,
15.255,-10,
15.261,-10,
15.268,-10,
15.273,-10,
15.279,-10,
15.285,-10,
15.29,-10,
15.296,-10,
15.301,-10,
15.308,-10,
15.313,-10,
15.319,-10,
15.325,-10,
15.33,-10,
15.336,-10,
15.341,-10,
15.348,-10,
15.353,-10,
15.359,-10,
15.365,-10,
15.37,-10,
15.376,-10,
15.381,-10,
15.388,-10,
15.393,-10,
15.399,-10,
15.405,-10,
15.41,-10,
15.416,-10,
15.421,-10,
15.428,-10,
15.433,-10,
15.439,-10,
15.445,-10,
15.45,-10,
15.456,-10,
15.461,-10,
15.468,-10,
15.473,-10,
15.479,-10,
15.484,-10,
15.49,-10,
15.496,-10,
15.502,-10,
15.508,-10,
15.514,-10,
15.519,-10,
15.525,-10,
15.531,-10,
15.536,-10,
15.543,-10,
15.549,-10,
15.554,-10,
15.56,-10,
15.565,-10,
15.571,-10,
15.576,-10,
15.583,-10,
15.589,-10,
15.594,-10,
15.6,-10,
15.605,-10,
15.611,-10,
15.618,-10,
15.624,-10,
15.629,-10,
15.635,-10,
15.64,-10,
15.646,-10,
15.651,-10,
15.658,-10,
15.664,-10,
15.669,-10,
15.675,-10,
15.68,-10,
15.686,-10,
15.691,-10,
15.698,-10,
15.703,-10,
15.709,-10,
15.715,-10,
15.72,-10,
15.726,-10,
15.731,-10,
15.738,-10,
15.743,-10,
15.749,-10,
15.755,-10,
15.76,-10,
15.766,-10,
15.771,-10,
15.778,-10,
15.783,-10,
15.789,-10,
15.795,-10,
15.8,-10,
15.806,-10,
15.811,-10,
15.818,-10,
15.824,-10,
15.829,-10,
15.835,-10,
15.84,-10,
15.846,-10,
15.851,-10,
15.858,-10,
15.864,-10,
15.869,-10,
15.875,-10,
15.88,-10,
15.886,-10,
15.892,-10,
15.898,-10,
15.903,-10,
15.909,-10,
15.915,-10,
15.92,-10,
15.926,-10,
15.933,-10,
15.938,-10,
15.944,-10,
15.95,-10,
15.955,-10,
15.961,-10,
15.966,-10,
15.972,-10,
15.978,-10,
15.984,-10,
15.989,-10,
15.995,-10,
16,-10,
16.006,-10,
16.011,-10,
16.018,-10,
16.024,-10,
16.029,-10,
16.035,-10,
16.04,-10,
16.046,-10,
16.051,-10,
16.058,-10,
16.063,-10,
16.069,-10,
16.075,-10,
16.08,-10,
16.086,-10,
16.091,-10,
16.098,-10,
16.104,-10,
16.109,-10,
16.115,-10,
16.12,-10,
16.126,-10,
16.131,-10,
16.138,-10,
16.144,-10,
16.149,-10,
16.155,-10,
16.16,-10,
16.166,-10,
16.171,-10,
16.178,-10,
16.184,-10,
16.189,-10,
16.195,-10,
16.2,-10,
16.206,-10,
16.212,-10,
16.218,-10,
16.224,-10,
16.229,-10,
16.235,-10,
16.24,-10,
16.246,-10,
16.251,-10,
16.258,-10,
16.263,-10,
16.269,-10,
16.275,-10,
16.28,-10,
16.286,-10,
16.291,-10,
16.298,-10,
16.304,-10,
16.309,-10,
16.315,-10,
16.32,-10,
16.326,-10,
16.331,-10,
16.338,-10,
16.343,-10,
16.349,-10,
16.355,-10,
16.36,-10,
16.366,-10,
16.371,-10,
16.378,-10,
16.384,-10,
16.389,-10,
16.395,-10,
16.4,-10,
16.407,-10,
16.413,-10,
16.419,-10,
16.424,-10,
16.43,-10,
16.435,-10,
16.441,-10,
16.447,-10,
16.453,-10,
16.459,-10,
16.464,-10,
16.471,-10,
16.477,-10,
16.483,-10,
16.489,-10,
16.494,-10,
16.5,-10,
16.505,-10,
16.511,-10,
16.516,-10,
16.523,-10,
16.528,-10,
16.534,-10,
16.539,-10,
16.545,-10,
16.55,-10,
16.556,-10,
16.563,-10,
16.568,-10,
16.574,-10