time,value
1.4e-05,-1.861599328249743
0.00579,-1.593975566535706
0.011236,-1.3263518048216691
0.018679,-1.0587280431076322
0.024252,-0.7911042813935953
0.029839,-0.5234805196795584
0.035252,-0.25585675796552154
0.041161,0.011767003748515359
0.046773,0.27939076546255226
0.053738,0.5470145271765894
0.059272,0.8146382888906261
0.064843,1.0822620506046627
0.070263,1.3498858123186999
0.07607,1.617509574032737
0.083193,1.8851333357467737
0.088833,2.1527570974608103
0.094249,2.4203808591748475
0.10002,2.6880046208888846
0.10561,2.9556283826029217
0.111,3.223252144316958
0.11646,3.490875906030995
0.1221,3.758499667745032
0.12851,4.026123429459068
0.1339,4.2937471911731055
0.13945,4.561370952887143
0.14485,4.8734018218093675
0.15025,5.056236731201372
0.15593,5.241785924709585
0.16132,5.490953950392942
0.16688,5.739267245008669
0.1736,5.923939766743243
0.17903,6.106323359748349
0.18473,6.28888290821662
0.19013,6.474240038496355
0.19563,6.656820257273394
0.20102,6.839223250451397
0.20648,7.020856175430346
0.21187,7.24341827710032
0.21808,7.463745507908389
0.22351,7.616869457724025
0.22894,7.776160530876261
0.23484,7.941167647971926
0.24024,8.087549401850957
0.24589,8.251593962497429
0.25129,8.468980282350495
0.257,8.63572373629526
0.26346,8.732265763500765
0.26887,8.866992349157373
0.27431,8.998018810274917
0.27985,9.08792109743692
0.28557,9.177089774276247
0.29108,9.270493958426924
0.29651,9.406066951088397
0.30186,9.53934960928531
0.30808,9.567299785832985
0.3135,9.595170708704865
0.31891,9.652024335760943
0.32447,9.689430723995903
0.32987,9.7245554531573
0.33526,9.837653958795054
0.34083,9.923709322308206
0.34623,9.927065209545509
0.35185,9.880031054307036
0.35831,9.813787051070394
0.36392,9.829979626655184
0.3699,9.853967139035412
0.3753,9.85731338288242
0.38091,9.91826838084682
0.38632,9.98007855076652
0.39193,9.896204466937851
0.39853,9.817972608846938
0.40397,9.82749783540381
0.4095,9.823689256693141
0.41488,9.822393229463486
0.42029,9.8277169278391
0.42589,9.882086859304398
0.4313,9.933031828145648
0.43683,9.927065315251202
0.44315,9.858195821464212
0.44879,9.792285520026487
0.45419,9.790193217068952
0.45978,9.7928263499989
0.46519,9.795283527465724
0.47079,9.85830688208236
0.47619,9.921422747931354
0.48205,9.919794704241792
0.48874,9.91688340195294
0.49415,9.855360424391435
0.49973,9.799577034488317
0.50513,9.811847573902158
0.51073,9.9002365950519
0.51613,9.976521031085976
0.52179,9.965868523939932
0.52813,9.968595339953826
0.53371,9.91535211335562
0.53915,9.855253281142032
0.54481,9.850161620523323
0.55023,9.845683442045521
0.5559,9.901348676600612
0.5613,9.960612319357864
0.56683,9.958091300221316
0.57359,9.956392556139184
0.57903,9.889336927274165
0.58474,9.822290725142633
0.59014,9.901742365848916
0.59571,9.973742208121113
0.6011,9.95361496626978
0.60652,9.948899190754638
0.61191,9.94491473051945
0.61814,9.865184251609936
0.62377,9.795633898989218
0.62921,9.902389918009504
0.63498,9.991128655726607
0.64048,9.972305799930073
0.64588,9.967577837949394
0.65128,9.963451179905858
0.657,9.962619774735503
0.66348,9.902048652170269
0.66889,9.90108412044319
0.67433,9.960706475124859
0.67986,9.954943025564422
0.6856,9.953433897509054
0.69115,9.957752007148626
0.69678,9.959553721874723
0.70317,9.959378680399928
0.7088,9.909016495585707
0.71433,9.914990795613372
0.71984,9.977239727283191
0.72564,9.981448064965258
0.73122,9.981546269664102
0.73701,9.975860819050721
0.74385,9.969688637743054
0.74957,9.969514795356877
0.75515,9.906320765781599
0.76081,9.906984157626246
0.76625,9.966921654732614
0.77179,9.960814852518924
0.77721,9.964001590088262
0.78387,9.957984210996436
0.78959,9.95011395102374
0.79516,9.870079314785142
0.80084,9.858085328148263
0.80627,9.930346185793386
0.81186,9.92716394304265
0.81823,9.924797531938275
0.8239,9.924093358722857
0.82969,9.928584748075336
0.83509,9.929039409985746
0.84051,9.963239615681053
0.84604,9.993672516138432
0.85145,9.979113427857957
0.85702,9.970461311956168
0.86348,9.968836816700495
0.86888,9.976475606963067
0.87432,9.899210365293692
0.87984,9.8913533289804
0.88564,9.973495898231338
0.89105,9.978388836253032
0.89646,9.980878466045978
0.90185,9.981000273080971
0.90815,9.97926429248022
0.91409,9.878916411509383
0.91975,9.883645638774691
0.92516,9.991616669907057
0.93106,9.976042173942263
0.93648,9.978674001543697
0.94187,9.976159162867045
0.94818,9.970465537704042
0.95382,9.911956167468091
0.95923,9.91702226334266
0.96495,9.986394824137424
0.97054,9.989167509045584
0.97596,9.984766963887196
0.98171,9.982525295790001
0.98711,9.981604374268027
0.99396,9.974924264735419
0.99952,10.01009710709117
1.0056,10.039793049363144
1.011,10.023595762269798
1.0165,10.021538165889252
1.0219,10.025086999221822
1.0282,10.02975958306568
1.0338,10.023602049254697
1.0392,10.109633411204012
1.0449,10.130262390368697
1.0503,10.058699604104074
1.056,10.068023215566097
1.0617,10.06910879207731
1.0671,10.072052644194079
1.074,10.070176315472816
1.0797,10.156377406808168
1.0851,10.176930111481923
1.091,10.09534993526391
1.0965,10.094641163785198
1.1019,10.09108088008881
1.1082,10.090612743652235
1.1138,10.094058249942172
1.1192,10.160929637224108
1.1249,10.129635425035193
1.1303,10.040116044327076
1.1359,10.05587848380837
1.1417,10.063813591828
1.1471,10.070309182245179
1.1539,10.06381092839412
1.1593,10.151511617193352
1.165,10.171904786955345
1.1704,10.09342927672911
1.1759,10.093309026608837
1.1816,10.09468360693081
1.1871,10.097757133905832
1.1938,10.097757133905795
1.1992,10.193536354684909
1.2048,10.185783181393742
1.2102,10.086331373577373
1.2159,10.109880584769558
1.2216,10.11295411174447
1.2271,10.11878568004929
1.234,10.124853001237055
1.2397,10.123274304704351
1.2451,10.057482659965277
1.2511,10.048118214766797
1.2565,10.103094383379318
1.2619,10.098521892633869
1.2682,10.095763851304033
1.2738,10.099010604550747
1.2792,10.108649164552258
1.2849,10.015660575874024
1.2903,10.01607054325599
1.2959,10.114749416406264
1.3016,10.099529348808426
1.3071,10.101024179250633
1.314,10.102692235964641
1.3195,10.105945318165066
1.325,10.016665932833055
1.3305,9.933194605668904
1.3359,10.041004139729155
1.3416,10.13095122967621
1.3471,10.119046467771403
1.3535,10.119046467771474
1.3589,10.124051472776443
1.3643,10.033277257002299
1.3698,9.94058818712139
1.3752,10.053879233745098
1.3808,10.145321154134399
1.3862,10.138941568807457
1.3919,10.142971914943116
1.3985,10.138230331254197
1.404,10.071022634736037
1.4099,10.00263835422411
1.4153,10.092637444223257
1.4207,10.17918229836243
1.4261,10.163962230764666
1.4317,10.160595227397645
1.4372,10.156400654912177
1.4439,10.058007139776308
1.4495,10.022132315538254
1.4549,10.088710309921368
1.4603,10.08710155831264
1.4659,10.08904781181685
1.4713,10.08929511866794
1.4768,10.087422945743162
1.4822,9.998143560411188
1.4888,9.915543222296181
1.4942,10.0213773403125
1.4999,10.108307839007683
1.5053,10.095754822677046
1.511,10.092681295702024
1.5168,10.087761738383817
1.5222,10.086032736654781
1.5288,10.08282995963782
1.5342,10.12319051975741
1.5399,10.158161441092016
1.5453,10.152324000374863
1.5511,10.156576872146907
1.5567,10.153330118900158
1.5622,10.148588535211275
1.5689,10.147093704769105
1.5745,10.055599784327752
1.5801,10.034529730008764
1.5861,10.11622098170752
1.5917,10.116220981707523
1.5985,10.112974228460663
1.604,10.1112452267317
1.6096,10.111124976611466
1.6149,10.111124976611501
1.6205,10.016104214159531
1.6261,10.02043321848854
1.6315,10.121795016032772
1.6369,10.102987388529542
1.6423,10.102987388529579
1.6488,10.106060915504568
1.6542,10.115638697859428
1.6599,10.022650109181228
1.6655,9.979191088330841
1.671,10.038895188708118
1.6768,10.038661017421362
1.6822,10.040155847863458
1.6888,10.04464542661764
1.6942,10.052615929905219
1.6998,9.964195536438924
1.7052,9.879025262621683
1.7109,9.9617902992924
1.7163,10.030133656318133
1.722,10.03924778612188
1.7282,10.044109044153734
1.7338,9.991041012560924
1.7392,9.942524751179663
1.7448,9.944133502788391
1.7503,9.94218724928418
1.7558,10.00641138453102
1.7612,10.074754741556792
1.7668,10.074754741556792
1.7722,10.071507988309971
1.7791,9.97566864247063
1.7848,9.882580508307475
1.7902,9.89064394588415
1.7957,9.895385529573105
1.8011,9.996144432730617
1.8067,10.08746255707669
1.8136,10.072719152618122
1.8191,9.978235733497609
1.8247,9.885377761329222
1.8301,9.89437164101288
1.8356,9.895950337545658
1.841,9.990971099997589
1.8465,10.082413020386777
1.852,10.072003088924248
1.8582,10.072003088924284
1.8638,10.006528289104173
1.8692,9.941551935445387
1.8751,9.935160128690624
1.8805,10.023785127828306
1.886,10.110204113616165
1.8915,10.091884896601368
1.897,10.090306200068518
1.9032,10.087395317847333
1.9088,9.99209364983908
1.9142,9.904462617583558
1.9198,10.01904116980506
1.9252,10.109993035886692
1.931,10.089974872218809
1.9364,10.088396175685995
1.9418,10.084143303913992
1.9472,10.033402363045248
1.954,9.987181721105486
1.9597,10.08837118550248
1.9651,10.182916183362071
1.9709,10.161896474911375
1.9763,10.15882294793635
1.9818,10.15433336918235
1.9872,10.151542737081435
1.9938,10.087071294983504
1.9992,10.121555403992785
2.0049,10.21622919396362
2.0103,10.207693294127305
2.0159,10.211946165899274
2.0217,10.210367469366421
2.0272,10.208992889044453
2.0341,10.204193581846443
2.0397,10.134776439848752
2.0451,10.121038106485207
2.0509,10.17352367970721
2.0562,10.17179467797821
2.0618,10.168427674611262
2.0672,10.171338556832522
2.0741,10.172754608611429
2.0797,10.254664151396682
2.0851,10.239642742932627
2.091,10.138148858410712
2.0964,10.15609503988624
2.1019,10.156095039886203
2.1072,10.159005922107463
2.114,10.155524997573886
2.1197,10.151035418819813
2.1251,10.107477417329177
2.1309,10.06899308834345
2.1363,10.079403019806016
2.1418,10.075978292929976
2.1471,10.079299126756014
2.1538,10.081125130139954
2.1592,10.084149933527733
2.1648,10.054657931023103
2.1702,10.031477412075473
2.1759,10.04842204876837
2.1815,10.046927218326235
2.1871,10.053084853794243
2.1938,10.055689124059207
2.1993,10.055441817208083
2.2049,10.037908801362573
2.2105,10.016654877880246
2.2159,10.014823437523626
2.2216,10.011912555302368
2.2272,10.01467059663213
2.2338,10.009501365277208
2.2392,10.09595423112925
2.2449,10.081543792158186
2.2503,9.970283896258548
2.2559,9.987995906447356
2.2617,9.982124109957804
2.2671,9.977668365247153
2.2739,9.982157944001191
2.2793,10.034399579104244
2.285,9.987424689658326
2.2906,9.892630649567216
2.2959,9.906998117708353
2.3015,9.908576814241169
2.3071,9.910155510773947
2.3135,9.911650341216264
2.3189,9.913202895167524
2.3246,9.984661491216212
2.33,10.001515063602785
2.3354,9.94902949038078
2.3409,9.950758492109781
2.3463,9.954125495476692
2.3522,9.954125495476692
2.3589,9.955620325918863
2.3647,9.870464029886971
2.3701,9.84088411280689
2.3758,9.906609206347458
2.3817,9.911350790036414
2.3872,9.912845620478802
2.3939,9.906453813723964
2.3995,9.90993473825747
2.405,9.912845620478727
2.411,9.951381949516579
2.4165,9.984969212252214
2.4219,9.973675271086028
2.4286,9.97859482840427
2.4341,9.97037701826557
2.4396,9.965640132660445
2.445,9.972253889274178
2.4505,9.916367645887911
2.4559,9.95508959281382
2.4615,10.051418793062624
2.4671,10.041008861599986
2.4732,10.03626727791092
2.4788,10.033193750935897
2.4842,10.03161505440312
2.4898,9.947083454551029
2.4952,9.971317080585868
2.5008,10.081535078024643
2.5062,10.072541198341094
2.5118,10.074036028783373
2.5185,10.083458131910337
2.5239,9.99393173908331
2.5293,9.907386884944172
2.5349,9.924101782984255
2.5407,10.020106878989356
2.5461,10.11742059586828
2.5517,10.112882460895273
2.5572,10.112882460895198
2.5639,10.060640825792253
2.5693,10.008155252570177
2.5749,10.00827550269045
2.5807,10.006696806157562
2.5861,10.099394203900811
2.5915,10.187272543007529
2.5969,10.172845206469828
2.6022,10.177790906369664
2.6088,10.10957906356765
2.6142,10.043066167418763
2.6199,10.043066167418761
2.6253,10.043066167418763
2.6309,10.138905513258177
2.6368,10.229082765200108
2.6422,10.21810844540221
2.6488,10.215197563180878
2.6542,10.159261935426363
2.6598,10.107020300323454
2.6652,10.107020300323526
2.6709,10.104109418102196
2.6763,10.17674459814494
2.6819,10.247747073047938
2.6873,10.24774707304801
2.6939,10.157747983048827
2.6993,10.072697959351787
2.7048,10.08123385918814
2.7102,10.073445337766605
2.7158,10.079837144521443
2.7212,10.144257491853823
2.7268,10.202520203718196
2.7322,10.202520203718194
2.7391,10.102288791681131
2.7445,10.00408741850748
2.75,10.014263178683326
2.7555,10.011060401666294
2.7609,10.10554382078677
2.7665,10.19529560626448
2.7719,10.186369229645969
2.7773,10.092203489725032
2.7838,10.003835096310793
2.7892,10.017318554748488
2.795,10.015589553019415
2.8005,10.01222254965243
2.8059,10.081808972776413
2.8113,10.151395395900359
2.8171,10.151395395900359
2.8232,10.055624471182016
2.8288,9.96418255079268
2.8342,9.977666009230301
2.8398,9.977666009230372
2.8452,9.976087312697485
2.8511,10.02732533299262
2.8567,10.081145664628416
2.8621,10.08439241787524
2.8685,9.990116323599212
2.8739,9.892870766538145
2.8793,9.903045231303732
2.8849,9.90146653477088
2.8905,9.952824805186356
2.896,10.005066440289228
2.9018,10.005066440289193
2.9072,10.003337438560193
2.9139,9.909076789253703
2.9195,9.877737757914726
2.925,9.921156443837823
2.9304,9.888694993246132
2.9359,9.870457872717193
2.9415,9.847655029960148
2.9471,9.82318413048924
2.9532,9.789707326322747
2.9588,9.727877518139717
2.9642,9.643558376443467
2.9699,9.570783003668037
2.9753,9.497110732627403
2.9808,9.404419442567775
2.9862,9.300140733789885
2.9918,9.180898389501307
2.9985,9.034879825989918
3.0039,8.823841400278177
3.0093,8.574799097634202
3.0149,8.353876842501375
3.0208,8.135849690263564
3.0262,7.921472751748734
3.0318,7.689539183608249
3.0385,7.366743944059927
3.0439,6.931623850062097
3.0495,6.558443836447842
3.055,6.267884440371418
3.0604,5.949661947112728
3.0669,5.623996370508285
3.0742,5.296124360839968
3.0799,4.914218894531405
3.0855,4.5125069700921445
3.0911,4.099963782958765
3.0967,3.6941068291881307
3.1021,3.3380184867328366
3.1082,2.982028260053013
3.1138,2.565380996785353
3.1192,2.1423533788036746
3.1249,1.775319121861176
3.1303,1.4114422579842716
3.1358,1.0012469311304442
3.1411,0.5868028178182054
3.147,0.22293228289505232
3.1535,-0.23454484563466543
3.159,-0.6805802780370156
3.1647,-1.024417992060409
3.1701,-1.386565854208203
3.1759,-1.798427656179812
3.1817,-2.2128717694920135
3.1872,-2.573495551168381
3.1939,-2.9937096935714376
3.1993,-3.4182982506141713
3.205,-3.8410133350939946
3.2109,-4.237334565096026
3.2163,-4.559447289405143
3.222,-4.8974785430725385
3.2286,-5.243378013971923
3.2341,-5.589277484871418
3.2397,-6.0126060081999455
3.2456,-6.470648222659365
3.2512,-6.799761110837135
3.257,-7.087609519738107
3.2635,-7.374561030373952
3.269,-7.640827046872836
3.2744,-7.897998333583674
3.28,-8.231581683689729
3.2857,-8.539387074002297
3.2912,-8.741830215373847
3.2969,-8.916679411275691
3.3023,-9.061385942824199
3.3089,-9.20574082402116
3.3145,-9.345373910568997
3.32,-9.5648675899085
3.3257,-9.68610592298064
3.3312,-9.688410269620146
3.3369,-9.767364074918333
3.3433,-9.819713772906763
3.3489,-9.85938627002397
3.3543,-9.902423007075996
3.3599,-10.035845903656812
3.3657,-10.10584008497379
3.3711,-10.05184924943613
3.3765,-10.071274518861392
3.3819,-10.094019018282415
3.3873,-10.100078537975024
3.394,-10.104741343000825
3.3997,-10.136394824086493
3.4052,-10.159378484037735
3.4109,-10.141084889465018
3.4165,-10.139355887735945
3.4218,-10.145854141586893
3.4272,-10.150685920320171
3.4338,-10.152210000791598
3.4392,-10.055242732771802
3.4449,-10.024428639457726
3.4503,-10.101724382650278
3.456,-10.101958553937145
3.4617,-10.103716805695438
3.4672,-10.110216641142577
3.474,-10.116716476589753
3.4797,-10.061896949581277
3.4851,-10.002763952948262
3.491,-10.054001973243393
3.4964,-10.10782230487919
3.5018,-10.117460864880776
3.5072,-10.120371747101926
3.5139,-10.109336472433714
3.5193,-10.101836847414997
3.5249,-10.005997501575584
3.5305,-9.967483736393005
3.536,-10.039840494713461
3.5416,-10.046340330160708
3.5472,-10.049593412361064
3.5539,-10.054512969679344
3.5595,-10.05426566282833
3.565,-9.959107007421881
3.5704,-9.869159917474827
3.5759,-9.975340773655628
3.5815,-10.066782694044852
3.5871,-10.05637276258247
3.5935,-10.057867593024676
3.5989,-10.064367428471888
3.6046,-9.975088043139731
3.61,-9.890233726936893
3.6154,-9.983096930697974
3.6208,-10.049406575954997
3.6262,-10.041754685822196
3.6318,-10.0460075575942
3.6385,-10.042760804347523
3.6439,-9.945426628065904
3.6493,-9.85418001214595
3.6549,-9.866968783754235
3.6608,-9.961244878030373
3.6662,-10.05478913333929
3.6718,-10.04554381527039
3.6785,-10.045777986557221
3.6839,-9.958364445196382
3.6893,-9.879387424206035
3.6949,-9.89768101877882
3.7003,-9.89941002050782
3.7058,-9.992107418251143
3.7112,-10.07998575735768
3.7168,-10.065231722617751
3.7222,-10.070177422517515
3.7288,-10.014291179131247
3.7342,-9.952781714020126
3.7398,-9.954276544462367
3.7452,-9.957350071437281
3.7508,-10.049124080642462
3.7562,-10.136054579337683
3.7622,-10.121833506293111
3.7688,-10.118922624071889
3.7742,-10.06298699631752
3.7798,-10.009046414561414
3.7852,-10.00567941119443
3.7909,-10.00725810772732
3.7963,-10.076556094260011
3.8019,-10.139941962664922
3.8073,-10.13994196266496
3.8138,-10.088703942369902
3.8192,-10.027095089312459
3.8249,-10.019595464293703
3.8303,-10.019595464293706
3.8358,-10.075986884321502
3.8412,-10.131980245360682
3.8468,-10.131980245360646
3.8522,-10.13048541491844
3.8591,-10.029709485195127
3.8646,-9.936509313047681
3.87,-9.94668507322334
3.8754,-9.946685073223305
3.881,-10.005523293826263
3.8864,-10.063095351398404
3.8919,-10.059842269197977
3.8973,-9.984925246912495
3.9038,-9.918615601655398
3.9092,-9.92726728135967
3.915,-9.927147031239434
3.9205,-10.022167793691294
3.926,-10.113609714080555
3.9315,-10.084681264099489
3.9369,-10.068894986018165
3.9433,-9.971251888375006
3.9489,-9.966993347351778
3.9543,-10.058785604525
3.9599,-10.040980625066657
3.9658,-10.036083648754099
3.9712,-10.031137948854154
3.9768,-10.026192248954283
3.9833,-10.026192248954318
3.9888,-9.993425619789376
3.9942,-9.963101580783004
3.9999,-9.974665059933724
4.0056,-9.971591532958666
4.0111,-9.971591532958774
4.0167,-9.971591532958737
4.0221,-9.969862531229627
4.0286,-9.969862531229737
4.0341,-9.936351233889036
4.0398,-9.905306978580082
4.0452,-9.916281298377905
4.0509,-9.919192180599163
4.0564,-9.920522784691382
4.0619,-9.917276031444706
4.0673,-9.914029278197921
4.0739,-10.002449671664106
4.0805,-10.026219405468435
4.0861,-9.955181646930757
4.0917,-9.953686816488515
4.0973,-9.94568773066643
4.1039,-9.950565369866816
4.1097,-9.95806499488557
4.1153,-9.961311748132356
4.1209,-10.000759673943937
4.1265,-10.03293940184958
4.1319,-10.012824278632179
4.1383,-10.012824278632177
4.1439,-10.017829283637257
4.1496,-10.019587535395402
4.155,-10.021316537124402
4.1604,-10.115592631400503
4.166,-10.1467015007446
4.1715,-10.077224681267724
4.1769,-10.078982933025834
4.1833,-10.078982933025726
4.1889,-10.078982933025872
4.1943,-10.07573617977916
4.1999,-10.074361599457117
4.2055,-10.030803597966479
4.2111,-9.99231926898079
4.2167,-10.022742549404137
4.2222,-10.035161824118475
4.2288,-10.036799825756498
4.2342,-9.949152113108793
4.2399,-9.954252886652139
4.2457,-10.054370633927936
4.2511,-10.04885767877793
4.2565,-10.050729851702743
4.2619,-10.052602024627594
4.2673,-10.05110719418535
4.274,-9.983097893626981
4.2797,-9.922470066551721
4.2851,-9.978852384831296
4.2908,-10.031809976234833
4.2962,-10.028563222988046
4.3018,-10.025196219621062
4.3072,-10.0251962196211
4.3138,-10.021888521359285
4.3192,-10.046297767166793
4.3249,-10.067982707909065
4.3303,-10.05607794600433
4.336,-10.054583115562195
4.3417,-10.056455288487047
4.3471,-10.059822291853994
4.3539,-10.056797488466216
4.3593,-9.963887516245958
4.3649,-9.930071078291764
4.3705,-9.992070798110689
4.376,-9.991836626823897
4.3816,-9.998106710916945
4.3872,-10.000897343017968
4.3938,-9.99592158804222
4.3992,-10.078593545714103
4.4049,-10.063572137250013
4.4103,-9.961915589867603
4.416,-9.97895718611002
4.4217,-9.978957186109984
4.4271,-9.978957186109984
4.4339,-9.973952181105014
4.4393,-9.972457350662847
4.4449,-9.929644017348075
4.4505,-9.891159688362242
4.456,-9.903064450267049
4.4616,-9.904559280709329
4.4672,-9.904559280709439
4.4738,-9.901134553833256
4.4792,-9.997633479279576
4.4849,-10.083982625924692
4.4903,-10.018891015510018
4.4959,-9.967428254548686
4.5017,-9.96406125118163
4.5071,-9.965699252819578
4.5139,-9.964175172348224
4.5194,-10.05518355940927
4.525,-10.053954832549351
4.5305,-9.952834437228557
4.536,-9.963244368691118
4.5416,-9.960486327361357
4.5472,-9.954192636382029
4.5538,-9.957513470208138
4.5592,-10.060750657594614
4.5649,-10.152422739978824
4.5703,-10.089985659219671
4.576,-10.038522898258377
4.5817,-10.03679389652934
4.5871,-10.038431898167437
4.5939,-10.036793896529417
4.5993,-10.124441609177047
4.6049,-10.119078615781692
4.6103,-10.023459733399978
4.616,-10.033635493575677
4.6216,-10.035130324017773
4.6271,-10.03662515445998
4.6339,-10.033258151092959
4.6393,-10.129649047846904
4.6449,-10.217839128983686
4.6505,-10.154471606117585
4.656,-10.102881817761224
4.6617,-10.103115989048055
4.6672,-10.10484499077702
4.6741,-10.097176719475646
4.6798,-10.09465284943264
4.6852,-10.057933525200097
4.6911,-10.02631497451097
4.6967,-10.038219736415703
4.702,-10.037985565128874
4.7074,-10.041059092103895
4.7139,-10.039643040324881
4.7193,-10.13476787490981
4.7249,-10.221312729048876
4.7304,-10.153135070047536
4.736,-10.099943307357316
4.7416,-10.091343690363173
4.7472,-10.080970942285528
4.7539,-10.084291776111566
4.7594,-10.181810732633057
4.765,-10.177090841549541
4.7704,-10.074650215398323
4.776,-10.085025982651203
4.7816,-10.07895866146351
4.7871,-10.072903561703605
4.7937,-10.168232828085529
4.7991,-10.2614330002329
4.8048,-10.156367336819494
4.8102,-10.069948351031746
4.8158,-10.086997726776861
4.8217,-10.086997726776826
4.8271,-10.089755768106587
4.834,-10.186823674860134
4.8394,-10.2702768703919
4.845,-10.161634756547901
4.8505,-10.071457504605933
4.8559,-10.077512267085513
4.8617,-10.074259184885086
4.8672,-10.072735104413697
4.8739,-10.163743491474634
4.8795,-10.252389693757252
4.885,-10.154566220933887
4.8911,-10.074010503410502
4.8967,-10.083891891098684
4.902,-10.082367810627256
4.9075,-10.080638808898255
4.9141,-10.174914903174319
4.9198,-10.268228996488428
4.9253,-10.16632514458455
4.9312,-10.08104594566899
4.9369,-10.092950707573797
4.9423,-10.088920361438138
4.9489,-10.084890015302479
4.9545,-10.089900125981801
4.96,-10.194425999342673
4.9657,-10.288625961061769
4.9711,-10.227521812470913
4.9768,-10.176827595342584
4.9823,-10.173574513142121
4.9889,-10.173574513142192
4.9943,-10.168628813242394
4.9999,-10.257458406382284
5.0056,-10.24896536868091
5.0111,-10.145475877848984
5.0168,-10.162190775888956
5.0223,-10.159666905845874
5.0289,-10.162199201652289
5.0343,-10.174150646262818
5.0399,-10.268163988718293
5.0456,-10.265511679462138
5.0511,-10.168327718641772
5.0567,-10.18591402859008
5.0621,-10.185800107423631
5.0687,-10.190138426882289
5.0741,-10.197831528280215
5.0797,-10.19014997454607
5.0851,-10.18033484603529
5.0911,-10.177681656981544
5.0965,-10.179410658710545
5.1018,-10.181168910468763
5.1072,-10.181168910468767
5.1138,-10.184242437443862
5.1192,-10.18171538886421
5.1249,-10.177552884701655
5.1304,-10.176516883665608
5.136,-10.17478788193661
5.1416,-10.17634043588787
5.1472,-10.177864516359259
5.1541,-10.17938859683065
5.1597,-10.176027922417308
5.1651,-10.170880684937984
5.171,-10.162482988897173
5.1765,-10.160988158455002
5.1819,-10.161654844001278
5.1873,-10.15711940478017
5.1939,-10.160674409893037
5.1993,-10.158997714820035
5.2049,-10.154897716234736
5.2105,-10.156807705962564
5.216,-10.1568077059626
5.2216,-10.153440702595542
5.2272,-10.157236877444372
5.2341,-10.15950897182174
5.2397,-10.24377824647443
5.2451,-10.231730878593952
5.2508,-10.123344321511722
5.2562,-10.135249083416456
5.2617,-10.133833031637405
5.2673,-10.134175231616647
5.2738,-10.137482929878425
5.2793,-10.22374973325048
5.2849,-10.215085899078261
5.2905,-10.124959165464936
5.296,-10.141903802157797
5.3016,-10.14040897171559
5.3072,-10.144661843487631
5.3141,-10.145809607357117
5.3198,-10.237831175477117
5.3252,-10.231448865277164
5.3311,-10.125018738861145
5.3367,-10.136803250645682
5.342,-10.138381947178496
5.3475,-10.141748950545443
5.3539,-10.14011094890746
5.3593,-10.227758661555162
5.3649,-10.222657888011746
5.3705,-10.130621164670737
5.376,-10.147565801363633
5.3817,-10.14607097092139
5.3872,-10.146070970921429
5.3941,-10.14106596591646
5.3997,-10.233087534036425
5.4051,-10.235924319901097
5.4109,-10.141178775694645
5.4163,-10.154119538635388
5.4218,-10.152481536997401
5.4275,-10.154119538635387
5.4339,-10.154119538635424
5.4393,-10.241767251283127
5.445,-10.236666477739746
5.4504,-10.1446297543987
5.456,-10.163437381902
5.4617,-10.163437381902
5.4671,-10.169268950206822
5.474,-10.170990150440627
5.4795,-10.16491127528483
5.485,-10.12377463704306
5.4904,-10.088022503595493
5.496,-10.096288274043399
5.5016,-10.096288274043363
5.5072,-10.099655277410385
5.5138,-10.096464721821214
5.5192,-10.10007903203936
5.5249,-10.068469922746083
5.5303,-10.040056994964363
5.536,-10.060075158632355
5.5417,-10.059954908512085
5.5471,-10.062745540613035
5.5539,-10.06723511936711
5.5593,-10.068903176081006
5.5649,-9.98600337607601
5.5705,-9.959986519624657
5.576,-10.023801623437395
5.5816,-10.026875150412343
5.5872,-10.028249730734387
5.5938,-10.023552123275039
5.5992,-10.023774073134009
5.6049,-9.928444806752122
5.6103,-9.890225791407865
5.6158,-9.960529159512625
5.6217,-9.96222810616564
5.6271,-9.960529159512589
5.6339,-9.960408909392319
5.6394,-9.965354609292264
5.645,-9.879435898373522
5.6504,-9.7986179609982
5.656,-9.86198548386434
5.6617,-9.91357527222077
5.667,-9.910372495203703
5.6736,-9.903868239823824
5.679,-9.905448517952754
5.6845,-9.806928695981696
5.69,-9.769967601923309
5.6955,-9.839873507653756
5.7009,-9.84145220418657
5.7063,-9.843090205824554
5.7119,-9.839899650235418
5.7186,-9.840133821522212
5.724,-9.75272028016134
5.7295,-9.721974486154469
5.735,-9.786364821281278
5.7408,-9.780493024791616
5.7463,-9.771214515513133
5.7519,-9.76163673315827
5.7586,-9.856329053483753
5.764,-9.945271909314545
5.7695,-9.877326111884214
5.775,-9.827110903849753
5.7805,-9.82277258439095
5.7859,-9.81851971261898
5.7915,-9.81851971261898
5.7969,-9.913438359936189
5.8037,-9.997931448121488
5.8092,-9.917392774136893
5.815,-9.853327196438254
5.8207,-9.850019498176405
5.8263,-9.84688666609625
5.832,-9.940607180869444
5.8386,-10.028780269814305
5.844,-10.003610182665941
5.8495,-9.995821661244406
5.8551,-9.944583640949237
5.8608,-9.890763309313511
5.8662,-9.889184612780733
5.8719,-9.976967200563227
5.8786,-10.063119233226965
5.8841,-10.054033170652612
5.8901,-10.054033170652614
5.8958,-9.999542068157094
5.9016,-10.03087803255326
5.9071,-10.108809981320551
5.914,-10.087164959675606
5.9195,-10.087164959675606
5.925,-10.068476546491652
5.9309,-10.049621327636448
5.9363,-10.030766108781242
5.9419,-9.964031582548118
5.9474,-9.97273893343619
5.9542,-10.013006526465391
5.9601,-9.954723746005545
5.9657,-9.884316207485204
5.9712,-9.811787279175148
5.9769,-9.687479479871396
5.9823,-9.542606218960387
5.989,-9.432495941877786
5.9949,-9.32506188444371
6.0005,-9.200721581252001
6.0059,-9.034578827213444
6.0115,-8.836602758184634
6.0169,-8.568877897163436
6.0225,-8.298739606288688
6.0289,-8.088453515567851
6.0345,-7.86204551810719
6.04,-7.565547249431877
6.0457,-7.152054525426467
6.0513,-6.776263050266137
6.059,-6.482789376778384
6.0645,-6.156616313763189
6.07,-5.844840005174993
6.0754,-5.451994364839995
6.081,-5.041384236950508
6.0864,-4.597503055251656
6.0918,-4.167336406894248
6.0972,-3.8486361025355644
6.1038,-3.4959147634472543
6.1092,-3.1371339046664075
6.1151,-2.776510122989931
6.1207,-2.223193648620764
6.126,-1.679617909319097
6.1315,-1.3534506574252394
6.1369,-0.9973623149698335
6.1425,-0.6363963333141867
6.1489,-0.2735450431694689
6.1543,0.09069304872508022
6.1599,0.6358325149172028
6.1655,1.17134105594043
6.1711,1.5104599299857728
6.1767,1.8711129616914333
6.1821,2.226817186049703
6.1887,2.6741213442295715
6.1941,3.1157798516774724
6.1997,3.5438101547077894
6.2051,3.9878945333272355
6.2108,4.321032831099765
6.2169,4.666054476121389
6.2224,5.011076121143014
6.2288,5.362927972994875
6.2342,5.782696263452816
6.2399,6.177445505440299
6.2455,6.530016671647825
6.2511,6.874843495963066
6.2567,7.164518627458418
6.2621,7.458294417123068
6.2675,7.733454826245723
6.2741,7.99217391955033
6.2797,8.251897834943447
6.2851,8.48651483831043
6.2909,8.777030211982638
6.2962,9.031187961866271
6.3019,9.164623336481998
6.3073,9.310847482706121
6.3138,9.44928310750878
6.3192,9.571725762432322
6.3249,9.63110527181179
6.3305,9.752137874772703
6.336,9.902168124294581
6.3416,9.944150801203644
6.3472,9.98161410182481
6.354,10.02591833419668
6.3594,9.99096768423758
6.365,9.94581311675785
6.3704,9.957386585467791
6.3758,10.070971879642054
6.3816,10.183457293156312
6.3871,10.175849976725544
6.3937,10.179216980092493
6.3991,10.179216980092495
6.4045,10.08337763425308
6.41,9.993430544306062
6.4155,10.082639014230697
6.4208,10.14745382904544
6.4262,10.138459949361783
6.4318,10.139485523093933
6.4372,10.140950298460229
6.4439,10.049176037191135
6.4493,9.955631781882145
6.4549,9.963239098313021
6.4608,10.05473301875434
6.4662,10.14549966743434
6.4718,10.137233896986324
6.4775,10.137468068273115
6.4839,10.050054526912279
6.4894,9.971305458582354
6.4949,9.98651300456844
6.5005,9.98651300456844
6.506,10.030765048820538
6.5114,10.074543850663867
6.5169,10.077454732885052
6.5223,10.082152340344363
6.5288,10.027176171731806
6.5342,9.970899115454884
6.5398,9.967652362208137
6.5452,10.056072755674322
6.5508,10.141047321997466
6.5562,10.12007500960164
6.5622,10.115064898922391
6.5688,10.115064898922391
6.5742,10.020788804646253
6.5798,9.931037019168507
6.5851,10.033824880775974
6.5907,10.11851486483494
6.5963,10.107863919121261
6.6019,10.112116790893193
6.6074,10.11536354413998
6.6138,10.034918776721096
6.6192,9.957543649854305
6.6249,9.96936087674512
6.6303,10.060269967654238
6.6358,10.147846060745065
6.6412,10.132365997409575
6.6468,10.12608969341734
6.6538,10.122781995155414
6.6592,10.022841675385274
6.6648,9.93116959300117
6.6702,9.987080806890802
6.6758,10.03055545952043
6.6812,10.03043520940016
6.6868,10.032013905933084
6.6923,10.03359260246579
6.6991,9.958441408893517
6.7047,9.893626594078736
6.7101,9.993193693645875
6.7157,10.074648118850378
6.7211,10.055613050401913
6.7267,10.050876164796787
6.7322,10.054243168163806
6.7391,10.0576101715309
6.7447,9.967611081531757
6.7501,9.971763080169039
6.7555,10.067037051261615
6.761,10.056627119799087
6.7665,10.052596773663463
6.772,10.041903947326755
6.7775,10.040325250793941
6.7839,10.040325250793941
6.7897,10.090349300817945
6.7952,10.133270835674995
6.8008,10.121366073770224
6.8065,10.117113201998182
6.8119,10.11286033022625
6.819,10.114439026758955
6.8245,10.114318776638683
6.83,10.025898383172425
6.8354,10.0326978260545
6.8409,10.136143419834516
6.8465,10.126148647657464
6.8519,10.12465381721522
6.8575,10.119734259897049
6.8639,10.1163672565301
6.8697,10.023001163163972
6.8751,9.938311179105039
6.8807,10.015588866843135
6.8861,10.074427087446164
6.8917,10.072759030732195
6.8972,10.071060084079072
6.9038,10.07106008407907
6.9092,10.07275903073212
6.9152,9.980475359501103
6.9208,9.979784564171275
6.9262,10.077321394098615
6.9318,10.068390152104618
6.9372,10.07011915383369
6.9438,10.075038711151935
6.9492,10.076533541594069
6.9551,10.028229644135205
6.9605,9.98475499150565
6.966,10.080714587465225
6.9715,10.169580541228715
6.9769,10.158007072518958
6.9824,10.158241243805751
6.9888,10.156746413363617
6.9942,10.070662772234174
6.9999,10.084229109481567
7.0055,10.192439453749486
7.0111,10.171096499919205
7.0167,10.174343253165954
7.0221,10.175921949698662
7.0286,10.175801699578425
7.034,10.176591450368198
7.0395,10.17715934281443
7.045,10.177126627708187
7.0505,10.180922802556982
7.0559,10.185117375042484
7.0616,10.18186429284213
7.0672,10.180135291113128
7.074,10.085859196837026
7.0794,10.049732438525695
7.085,10.115457532066301
7.0904,10.118215573396135
7.096,10.120973614725862
7.1016,10.116484035971826
7.107,10.11021247933726
7.1124,10.108633782804516
7.1188,10.075818244322452
7.1242,10.04880937356358
7.1299,10.062050898987307
7.1353,10.065124425962406
7.1408,10.06992373316034
7.1462,10.073170486407015
7.1551,10.071839882314725
7.1605,10.160464881452445
7.1659,10.186480977052469
7.1714,10.114013906996131
7.1769,10.112435210463355
7.1824,10.11255546058359
7.1888,10.114254407236785
7.1943,10.10942262850347
7.1999,10.107664376745142
7.2056,10.07748424932566
7.2111,10.053433540739878
7.2167,10.070309143439971
7.2221,10.071887839972714
7.2288,10.073466536505567
7.2342,10.076713289752279
7.2399,10.083327046366085
7.2453,10.083327046366085
7.2511,10.081763794802773
7.2567,10.081070929984143
7.2621,10.078276930552803
7.2686,10.078276930552803
7.274,10.071772675172925
7.2794,10.067283096418851
7.2849,9.972262333966993
7.2904,9.963284518715302
7.2959,10.064421630312792
7.3017,10.050200557268218
7.3072,10.048621860735402
7.314,10.04874211085571
7.3194,9.961200023313612
7.325,9.878599685198532
7.3304,9.890537162209549
7.3359,9.98654225821465
7.3416,10.081408905480094
7.3471,10.072757225775677
7.3537,10.074486227504641
7.3591,10.074486227504677
7.3645,10.02066589586888
7.37,9.966845564233084
7.3754,10.041762586518566
7.3808,10.108072231775697
7.3862,10.099078352092183
7.3918,10.105470158846982
7.3972,10.105470158846945
7.4039,10.046631938244026
7.4093,9.987793717641141
7.415,9.984546964394431
7.4208,10.072967357860652
7.4262,10.157777592039745
7.4318,10.139458375024914
7.4375,10.14415598248426
7.444,10.054036152904372
7.4494,9.961182750879415
7.455,9.971900718111536
7.4604,10.025721049747297
7.4658,10.079541381383166
7.4712,10.077962684850204
7.4768,10.081215767050702
7.4822,10.082974018808995
7.4888,10.023078292878267
7.4942,9.966801236601164
7.4998,10.05121682101671
7.5052,10.130754819236932
7.5108,10.118201802906293
7.5162,10.118201802906329
7.5222,10.116533746192324
7.5288,10.116413496072052
7.5342,10.023716098328803
7.5398,9.933964312851092
7.5452,9.993241153556225
7.5508,10.043935370684554
7.5562,10.050439626064323
7.5618,10.051855677843374
7.5673,10.051855677843337
7.5742,9.969832213891639
7.5798,9.892948938345686
7.5852,9.993922348142547
7.5909,10.07877666434553
7.5967,10.061178161927234
7.6021,10.057931408680448
7.6088,10.0546846554337
7.6142,10.054684655433702
7.6198,9.960408561157603
7.6252,9.960460561209512
7.6309,10.057055307173217
7.6365,10.036752849227815
7.6419,10.035258018785644
7.6475,10.035258018785644
7.654,10.035258018785646
7.6594,9.961835826942373
7.6648,9.979044476079256
7.6703,10.067500711518807
7.6758,10.055595949614071
7.6812,10.057174646146848
7.6868,10.058753342679774
7.6937,10.062000095926521
7.6991,10.065246849173233
7.7048,9.973752928731917
7.7102,9.982663209325946
7.7158,10.091279928403017
7.7212,10.080305608605117
7.7268,10.076275262469458
7.7323,10.075160218487689
7.7391,10.07807110070902
7.7447,10.024250769073259
7.7501,10.060429527436392
7.7557,10.145973612980491
7.7611,10.134999293182702
7.7667,10.132241251852902
7.7722,10.13290793739914
7.7791,10.134486633931957
7.7848,10.048402992802513
7.7902,9.968864994582436
7.7958,10.070628155169107
7.8012,10.153228493284114
7.8068,10.139712319740319
7.8125,10.141411266393407
7.8191,10.143079323107376
7.8245,10.140168440886082
7.83,10.090769489568011
7.8354,10.043148799414812
7.8408,10.131395966609379
7.8462,10.214007491804622
7.8519,10.203033172006798
7.8573,10.203033172006764
7.8638,10.2013041702778
7.8692,10.111184830158527
7.8752,10.02460151222658
7.8808,10.038833011277818
7.8862,10.087648171098733
7.8918,10.136463330919613
7.8973,10.134734329190577
7.9038,10.13461407907034
7.9092,10.046193685604045
7.9151,9.958592819323963
7.9205,10.067520276407118
7.926,10.154294305764846
7.9314,10.142389543860004
7.9369,10.140894713417797
7.9424,10.139399882975665
7.9488,10.05737641902382
7.9543,9.974433138734275
7.9597,10.074962899776729
7.9651,10.15823851944686
7.9709,10.143030973460592
7.9763,10.141362916746731
7.9818,10.137995913379747
7.9874,10.139370493701792
7.9939,10.04404122731987
7.9993,10.035887439329638
8.0049,10.123413232662314
8.0104,10.117033647335374
8.0159,10.124652946696877
8.0215,10.123158116254634
8.0271,10.11890524448263
8.0339,10.021117633062023
8.0395,10.467920829865362
8.045,11.365907774188052
8.0505,11.348001554453113
8.0559,11.35383312275786
8.0617,11.353833122757935
8.0672,11.353833122757898
8.0738,11.35383312275786
8.0792,11.308638317563018
8.0849,11.26981678129141
8.0903,11.280259427860182
8.0959,11.27718590088516
8.1017,11.275517844171299
8.1072,11.280007422925335
8.114,11.282918305146595
8.1194,11.367258319532336
8.1249,11.361061700303289
8.1304,11.26323010751017
8.1359,11.27420442730814
8.1415,11.274204427308103
8.1472,11.274204427308065
8.1538,11.272595675699263
8.1592,11.318576721680323
8.1649,11.368969280137495
8.1703,11.318659289874374
8.1762,11.268349299611288
8.1818,11.27007830134029
8.1874,11.270198551460632
8.2195,11.270198551460705
8.225,11.36813019613375
8.2304,11.368782205850547
8.2359,11.263500759029917
8.2413,11.273676519205797
8.2468,11.275051099527767
8.2538,11.274816928240867
8.2592,11.274816928240938
8.2649,11.326145629087582
8.2703,11.280995282579491
8.2758,11.196020716256278
8.2812,11.209529315589421
8.2868,11.209529315589311
8.2924,11.211228262242434
8.2991,11.211228262242395
8.3047,11.299709600723755
8.3101,11.298241854295329
8.3157,11.204975482720466
8.3212,11.215151242896235
8.3268,11.214917071609515
8.3338,11.206039153974043
8.3392,11.297303694018293
8.3449,11.390939306801657
8.3503,10.848597252277278
8.3559,9.961584627752345
8.3613,9.982014717530328
8.3668,9.982014717530326
8.3722,9.982014717530364
8.3793,9.980315770877278
8.3849,10.065489411096713
8.3904,10.100451093026022
8.3959,10.036710639895826
8.4015,10.038205470338108
8.4069,10.038205470338033
8.414,10.035131943363046
8.4195,10.032058416388026
8.425,10.075052394214143
8.4305,10.036159238385663
8.4359,9.954108690420181
8.4414,9.96932875801802
8.4469,9.970907454550801
8.4525,9.972486151083615
8.4592,9.975793849345504
8.4648,10.0642751878269
8.4703,10.100578861098185
8.4759,10.036838407968027
8.482,10.03833323841027
8.4875,10.039828068852513
8.4939,10.038099067123548
8.4993,10.036370065394403
8.5049,10.079043413113649
8.5104,10.031048205751938
8.5158,9.940276366455182
8.5213,9.958783783918115
8.5268,9.960512785647007
8.5324,9.960633035767279
8.5391,9.963940734029238
8.5447,10.046840534034272
8.5501,10.078455113477176
8.5558,10.019194182766295
8.5612,10.019314432886642
8.5669,10.022681436253626
8.5739,10.024349492967596
8.5793,10.026017549681457
8.585,10.027716496334582
8.5904,10.031753000371173
8.5959,10.036476481763458
8.6013,10.037405101722106
8.6068,10.034214546132825
8.6124,10.031023990543654
8.6191,10.041396738621298
8.6247,9.954385070348978
8.6301,9.958537068986368
8.6357,10.053811040078868
8.6412,10.038024761997582
8.6468,10.036386760359488
8.6538,10.031441060459692
8.6592,10.028133362197803
8.6649,10.02652461058915
8.6703,10.029771363835934
8.6759,10.034494845228181
8.6813,10.033623433319917
8.6868,10.030370351119382
8.6925,10.030136179832589
8.6991,10.031631010274724
8.7047,10.033125840716895
8.7101,9.988402861161775
8.7155,9.99894936364366
8.7209,10.059282414688859
8.7263,10.05652437335906
8.7318,10.050692805054132
8.7373,10.052360861768173
8.7439,10.054028918482032
8.7495,9.967276581729637
8.7552,9.886720864206325
8.7608,9.9597128185234
8.7662,10.015989874800539
8.7718,10.017568571333317
8.7773,10.020876269595094
8.7839,10.019694389102947
8.7895,9.970744737391646
8.7951,9.925297878834275
8.8007,10.010646385235372
8.8062,10.089396092424062
8.8118,10.079401320247195
8.8173,10.077906489804914
8.8239,10.074832962829856
8.8296,9.995179916071573
8.8351,9.914375570764786
8.8407,10.018193411230897
8.8461,10.102883395289755
8.8517,10.08119717490783
8.8572,10.077950421661116
8.8637,10.0704507966424
8.8691,10.064619228337506
8.875,9.977077140795338
8.8804,9.975651617838668
8.8858,10.068692772666692
8.8912,10.061674852973956
8.8968,10.066474160171895
8.9022,10.066353910051586
8.9088,10.066233659931386
8.9142,9.97298148773185
8.9197,9.884449206615901
8.9251,9.96051439424082
8.9309,10.005302978224465
8.9364,9.985079187826667
8.9418,9.963217395790888
8.9475,9.946091178664537
8.9539,9.833783927093208
8.9593,9.70951457602965
8.965,9.748041396367952
8.9704,9.752873780465487
8.9758,9.675830546113064
8.9817,9.604002391257415
8.9872,9.513485823217886
8.9941,9.40545383360688
8.9997,9.219101765675875
9.0051,9.014712799522128
9.011,8.87341492574345
9.0164,8.702915656345464
9.0218,8.483900539094135
9.0275,8.262626633609651
9.0339,8.045900332448
9.0394,7.80897649638617
9.0449,7.4804531678628
9.0504,7.1037855245916965
9.0559,6.780227680380633
9.0616,6.468585262316303
9.0671,6.146609432808693
9.0735,5.836249136095177
9.0789,5.516731243682009
9.0848,5.047633350660801
9.0902,4.563860917396708
9.0958,4.228543357419114
9.1015,3.886644982626023
9.107,3.525991950920327
9.1124,3.1652601405515117
9.1188,2.8085470306678353
9.1242,2.3028182727703483
9.1297,1.801765851612474
9.1351,1.4580574565998194
9.1408,1.094180592723025
9.1462,0.7329779040853096
9.1518,0.37660699418091087
9.1572,0.014402934375611853
9.1639,-0.4897190254879747
9.1693,-0.989688986714427
9.175,-1.3416283735802788
9.1808,-1.7036559856079108
9.1862,-2.0656835976355437
9.1918,-2.426073208025155
9.1986,-2.781777432383388
9.204,-3.236001478712679
9.2095,-3.7503345040750724
9.2152,-4.144658628770668
9.2216,-4.473970379084932
9.2271,-4.801315686256204
9.2337,-5.164834532994938
9.2391,-5.574102947252251
9.2448,-5.917051227042685
9.2503,-6.27718694768053
9.2559,-6.637723556136188
9.2617,-6.921099182202524
9.2671,-7.299900227976176
9.2738,-7.6543772185665135
9.2793,-7.881612053321113
9.2849,-8.102925236805385
9.2903,-8.321251355131498
9.2958,-8.541156169990462
9.3015,-8.817033229449624
9.3071,-9.046596154526451
9.3136,-9.182451093988638
9.319,-9.326690774482593
9.3246,-9.45073292007648
9.3301,-9.545610264953792
9.3357,-9.59234329508341
9.3413,-9.634241011282064
9.347,-9.688054153627307
9.3524,-9.7858825263783
9.3589,-9.893539706685369
9.3643,-9.937982544239674
9.3708,-9.915120360611944
9.3763,-9.869568785750014
9.385,-9.885222435251123
9.3925,-9.908952847139405
9.4,-9.998344186530847
9.4057,-10.08529171080896
9.4113,-10.071487694990171
9.4168,-10.017667363354336
9.4224,-9.962270907911003
9.4289,-9.949098926718943
9.4353,-9.999922652612511
9.4409,-10.057182176682616
9.4463,-10.063682012129865
9.4518,-10.068601569448182
9.4574,-10.010481147691351
9.4638,-9.953221623621172
9.4692,-9.958231734300458
9.475,-9.9617867394134
9.4804,-10.049434452061105
9.4858,-10.1333571729514
9.4912,-10.121561832229636
9.4968,-10.027961567576785
9.5022,-9.934873433413632
9.5087,-9.942936870990305
9.5141,-9.955489887320873
9.5198,-10.051330450266724
9.5252,-10.11008812529606
9.531,-10.030450936332382
9.5364,-10.010660366541815
9.5418,-10.035342020170756
9.5474,-10.041840274021817
9.5541,-10.038871668291579
9.5597,-9.951093757806992
9.5651,-9.966714414993184
9.5709,-10.08305248841487
9.5771,-10.074758740884754
9.5836,-10.06523410204976
9.589,-10.06074452329576
9.5944,-9.975570883076214
9.6,-9.980868794624037
9.6055,-10.071681504176302
9.6109,-10.060698031594034
9.6162,-10.063488663694987
9.6218,-10.060121660327965
9.6274,-10.05845360361414
9.6341,-10.056958773171969
9.6397,-10.0554639427298
9.6451,-10.08827948121183
9.6509,-10.115288351970776
9.6563,-10.097984649881981
9.6618,-10.09522660855222
9.6675,-10.098137490773516
9.6739,-10.09612881567653
9.6794,-10.089628980229282
9.685,-10.096987405018844
9.6904,-10.106608939437503
9.6959,-10.110383074536768
9.7017,-10.111961771069693
9.707,-10.118119406537662
9.7124,-10.1330203894588
9.7193,-10.082196663565265
9.7251,-10.023358442962417
9.7309,-10.0713497100108
9.7363,-10.125170041646525
9.7418,-10.128477739908304
9.7474,-10.125170041646596
9.754,-10.115240373649028
9.7595,-10.110161288064626
9.765,-10.022513575416886
9.7705,-10.02398132184531
9.7759,-10.117951096631803
9.7816,-10.106013619620823
9.787,-10.108804251721809
9.7925,-10.11159488382272
9.7989,-10.111594883822868
9.8048,-10.031941837064583
9.8102,-9.954686960318137
9.8158,-10.052543148247857
9.8215,-10.135388844729892
9.827,-10.124414524932105
9.8324,-10.124414524932032
9.8389,-10.130690828924124
9.8444,-10.131716402656307
9.8498,-10.03497905071708
9.8552,-9.942611132856397
9.8608,-10.006503197299422
9.8662,-10.069803689910328
9.8718,-10.07562462504167
9.8785,-10.076955981418866
9.8839,-9.993113697576623
9.8894,-9.91520581311135
9.895,-9.932010220824884
9.9007,-9.971803760618494
9.9062,-10.025699864514607
9.9118,-10.042182736043285
9.9175,-10.046587619395428
9.9239,-10.05099250274772
9.9294,-9.962248796572856
9.9349,-9.879311758121037
9.9404,-9.901020343562084
9.9458,-10.01727417733502
9.9512,-10.128192888253725
9.9568,-10.106851669311109
9.9624,-10.113014804421727
9.9689,-10.020904094879805
9.9743,-9.933636895847883
9.9798,-9.949487711698637
9.9852,-10.05990997716675
9.9908,-10.167581934838815
9.9962,-10.14132115857799
10.002,-10.14423121148811
10.009,-10.147141264398046
10.014,-10.098813297012926
10.02,-10.047903018287212
10.025,-10.085997611427807
10.031,-10.141502466932575
10.036,-10.149332077160867
10.042,-10.155495212271413
10.049,-10.160134266910497
10.054,-10.081020855868772
10.059,-10.006676032032262
10.065,-10.13061447104428
10.07,-10.241653432083258
10.076,-10.215512905942669
10.081,-10.216844262319755
10.087,-10.216507561983018
10.092,-10.219417614893066
10.099,-10.136408956884445
10.105,-10.167293224132338
10.11,-10.28918625484883
10.116,-10.261346782055263
10.121,-10.262678138432564
10.127,-10.265588191342648
10.132,-10.268498244252621
10.139,-10.274319179383927
10.145,-10.344505494505718
10.15,-10.401648351648653
10.156,-10.372477522477707
10.161,-10.372477522477741
10.167,-10.372477522477705
10.174,-10.372477522477778
10.179,-10.372477522477743
10.185,-10.444805194805264
10.19,-10.50194805194809
10.196,-10.457625707625738
10.201,-10.45762570762581
10.207,-10.45762570762581
10.212,-10.457625707625738
10.219,-10.457625707625702
10.225,-10.45762570762574
10.23,-10.399400599400689
10.236,-10.342257742257718
10.241,-10.371428571428552
10.247,-10.371428571428588
10.252,-10.371428571428623
10.259,-10.371428571428586
10.265,-10.371428571428588
10.27,-10.371428571428623
10.276,-10.371428571428625
10.281,-10.391941391941439
10.287,-10.391941391941401
10.292,-10.391941391941474
10.299,-10.391941391941511
10.305,-10.391941391941474
10.31,-10.355178155178148
10.316,-10.304312354312389
10.321,-10.355178155178256
10.327,-10.406043956044014
10.332,-10.406043956043941
10.339,-10.387862137862141
10.345,-10.387862137862212
10.35,-10.278771228771294
10.356,-10.170762570762562
10.361,-10.25079920079923
10.367,-10.301665001665134
10.372,-10.301665001665205
10.379,-10.30166500166517
10.384,-10.301665001665132
10.39,-10.17439227439241
10.395,-10.066383616383899
10.401,-10.146420246420638
10.406,-10.197286047286358
10.412,-10.19728604728632
10.417,-10.197286047286429
10.424,-10.197286047286465
10.429,-10.070013320013599
10.435,-9.96200466200476
10.44,-10.0420412920415
10.446,-10.09290709290733
10.451,-10.092907092907403
10.457,-10.09290709290733
10.462,-10.092907092907367
10.469,-9.983816183816522
10.474,-9.875807525807973
10.48,-10.01406926406969
10.486,-10.122077922078237
10.491,-10.113419913420287
10.497,-10.11341991342036
10.502,-10.11341991342036
10.509,-10.113419913420252
10.514,-10.044372294372584
10.52,-9.993506493506898
10.525,-10.044372294372767
10.531,-10.095238095238454
10.537,-10.095238095238418
10.542,-10.09523809523849
10.549,-10.095238095238564
10.554,-9.967965367965771
10.56,-9.859956709957002
10.565,-9.919480519480855
10.571,-9.970346320346687
10.577,-9.970346320346684
10.582,-9.97034632034661
10.589,-9.970346320346648
10.594,-9.952164502164846
10.6,-9.952164502164884
10.605,-9.95216450216492
10.611,-9.938061938062306
10.616,-9.938061938062306
10.622,-9.956243756244143
10.627,-9.938061938062269
10.634,-9.974825174825378
10.639,-10.02569097569121
10.645,-9.974825174825488
10.65,-9.905777555777819
10.656,-9.905777555777819
10.662,-9.905777555777856
10.667,-10.014868464868739
10.674,-10.141058941059233
10.679,-10.132400932401138
10.685,-10.081535131535237
10.69,-10.030669330669477
10.696,-10.030669330669516
10.702,-10.030669330669442
10.707,-10.030669330669406
10.714,-10.04885114885117
10.719,-10.099716949717003
10.725,-10.099716949716855
10.73,-10.048851148851025
10.736,-10.048851148851025
10.742,-10.048851148851023
10.747,-10.030669330669221
10.754,-10.03066933066922
10.76,-10.081535131534904
10.765,-10.023310023309817
10.771,-9.91530136530127
10.777,-9.923959373959184
10.784,-9.923959373959148
10.789,-9.905777555777417
10.795,-9.905777555777455
10.801,-9.974825174825195
10.806,-10.025690975690956
10.812,-9.989976689976645
10.817,-9.939110889110848
10.824,-9.939110889110884
10.829,-9.939110889110848
10.835,-9.920929070928937
10.84,-9.939110889110703
10.846,-9.989976689976498
10.851,-9.98997668997646
10.857,-9.939110889110628
10.862,-9.93911088911059
10.869,-9.939110889110628
10.874,-9.920929070928828
10.88,-9.939110889110703
10.885,-9.989976689976388
10.891,-9.989976689976316
10.897,-9.96836496836469
10.902,-9.968364968364726
10.909,-9.9683649683648
10.914,-9.986546786546674
10.92,-9.949783549783456
10.925,-9.898917748917736
10.931,-10.008008658008581
10.937,-10.134199134198969
10.942,-10.105028305028059
10.949,-10.086846486846257
10.954,-9.977755577755337
10.959,-9.869746919746719
10.965,-9.987495837495587
10.97,-10.095504495504281
10.976,-10.086846486846186
10.982,-10.086846486846111
10.987,-10.086846486846149
10.994,-10.08684648684615
10.999,-10.086846486846259
11.005,-10.035980685980503
11.01,-10.09420579420559
11.016,-10.202214452214248
11.022,-10.193556443556188
11.027,-10.193556443556188
11.034,-10.211738261738027
11.039,-10.211738261737992
11.044,-10.142690642690395
11.05,-10.15697635697612
11.055,-10.222127872127603
11.061,-10.222127872127638
11.066,-10.222127872127636
11.072,-10.240309690309402
11.077,-10.240309690309438
11.084,-10.18944388944357
11.09,-10.138578088577775
11.096,-10.14095904095871
11.101,-10.158491508491185
11.107,-10.15849150849111
11.112,-10.15849150849104
11.119,-10.176673326672914
11.124,-10.227539127538817
11.13,-10.227539127538854
11.135,-10.176673326673061
11.141,-10.176673326673134
11.146,-10.17667332667317
11.152,-10.15849150849133
11.157,-10.176673326673097
11.164,-10.252430902430621
11.169,-10.266716616716383
11.175,-10.197668997668751
11.18,-10.182517482517195
11.186,-10.182517482517195
11.192,-10.182517482517158
11.198,-10.182517482517195
11.204,-10.291608391608113
11.209,-10.399617049616625
11.215,-10.281868131867682
11.22,-10.173859473859169
11.226,-10.203030303030003
11.231,-10.221212121211734
11.237,-10.221212121211806
11.245,-10.22121212121177
11.251,-10.221212121211808
11.256,-10.22121212121177
11.262,-10.221212121211773
11.267,-10.221212121211808
11.274,-10.203030303030044
11.279,-10.203030303030006
11.285,-10.203030303029898
11.29,-10.312121212120816
11.296,-10.311038961038735
11.302,-10.19437229437209
11.307,-10.203030303030113
11.313,-10.203030303030078
11.319,-10.203030303030042
11.325,-10.203030303030078
11.33,-10.22121212121188
11.336,-10.156060606060434
11.341,-10.141774891774725
11.347,-10.192640692640555
11.352,-10.207792207792076
11.359,-10.20779220779204
11.364,-10.20779220779204
11.37,-10.207792207792004
11.375,-10.18961038961024
11.381,-10.208841158841073
11.386,-10.242174492174321
11.392,-10.242174492174358
11.397,-10.242174492174502
11.404,-10.24217449217443
11.409,-10.173126873126725
11.415,-10.122261072260931
11.421,-10.173126873126726
11.426,-10.223992673992486
11.432,-10.223992673992413
11.437,-10.242174492174215
11.444,-10.24217449217425
11.449,-10.148235098234961
11.455,-10.083083583083368
11.46,-10.177022977022732
11.466,-10.24217449217425
11.471,-10.242174492174323
11.477,-10.242174492174248
11.482,-10.242174492174176
11.489,-10.133083583083293
11.494,-10.025074925074671
11.499,-10.033732933732766
11.505,-10.03373293373273
11.51,-10.084598734598508
11.516,-10.135464535464376
11.522,-10.135464535464411
11.529,-10.135464535464411
11.534,-10.026373626373566
11.54,-9.91836496836491
11.545,-9.927022977022931
11.551,-9.927022977023041
11.557,-9.996070596070584
11.562,-10.046936396936342
11.569,-10.046936396936413
11.574,-9.919663669663693
11.58,-9.811655011654928
11.585,-9.820313020312987
11.591,-9.82031302031295
11.597,-9.8711788211788
11.602,-9.922044622044556
11.608,-9.92204462204452
11.614,-9.922044622044593
11.619,-9.922044622044522
11.625,-9.871178821178745
11.63,-9.820313020312915
11.636,-9.805161505161394
11.641,-9.85602730602726
11.647,-9.906893106893017
11.652,-9.906893106893019
11.659,-9.92507492507482
11.664,-9.88831168831153
11.67,-9.81926406926397
11.675,-9.819264069264042
11.681,-9.870129870129782
11.686,-9.920995670995575
11.692,-9.954329004328933
11.697,-9.954329004328933
11.704,-9.885281385281301
11.709,-9.834415584415543
11.715,-9.83441558441558
11.721,-9.834415584415579
11.726,-9.885281385281429
11.732,-9.940226440226375
11.737,-9.940226440226448
11.744,-9.864468864468924
11.749,-9.799317349317404
11.755,-9.799317349317333
11.76,-9.799317349317331
11.766,-9.850183150183161
11.771,-9.901048951048956
11.777,-9.901048951048956
11.782,-9.901048951048956
11.789,-9.90104895104892
11.794,-9.832001332001344
11.8,-9.781135531135622
11.805,-9.832001332001381
11.811,-9.88286713286714
11.817,-9.882867132867105
11.822,-9.882867132867176
11.829,-9.882867132867213
11.834,-9.864685314685266
11.839,-9.813819513819453
11.845,-9.838711288711256
11.851,-9.903862803862774
11.856,-9.903862803862737
11.862,-9.903862803862808
11.867,-9.903862803862735
11.874,-9.885680985681006
11.88,-9.834815184815193
11.885,-9.85970695970696
11.891,-9.924858474858516
11.896,-9.906676656676714
11.902,-9.906676656676677
11.907,-9.906676656676678
11.914,-9.906676656676645
11.919,-9.906676656676572
11.925,-9.855810855810812
11.93,-9.855810855810848
11.936,-9.883343323343286
11.942,-9.861525141525089
11.947,-9.861525141525089
11.954,-9.86455544455537
11.959,-9.827585747585651
11.965,-9.739750249750118
11.97,-9.6873692973692
11.976,-9.67070263070252
11.982,-9.611914751914675
11.987,-9.541005661005594
11.993,-9.422823842823757
11.999,-9.311914751914676
12.005,-9.201005661005631
12.01,-9.017412587412505
12.016,-8.831038961038935
12.022,-8.634761904761866
12.027,-8.428095238095226
12.033,-8.221428571428548
12.039,-7.989437229437207
12.045,-7.706420246420201
12.05,-7.354039294039212
12.056,-7.018325008324935
12.061,-6.722567432567411
12.067,-6.411658341658294
12.072,-6.078931068931052
12.079,-5.703779553779569
12.084,-5.322594072594002
12.09,-4.944388944388812
12.095,-4.523826173826128
12.101,-4.169280719280687
12.106,-3.81473526473521
12.112,-3.445038295038249
12.118,-3.093523143523163
12.124,-2.6729603729604436
12.129,-2.176640026640126
12.135,-1.7417915417916081
12.141,-1.3902763902764852
12.146,-1.0205794205794878
12.152,-0.6690642690644015
12.157,-0.31754911754924214
12.164,0.10301365301349524
12.169,0.5993339993338127
12.175,1.0341824841823295
12.18,1.3856976356975612
12.187,1.755394605394486
12.193,2.106909756909682
12.199,2.4766067266066067
12.205,2.897169497169308
12.21,3.303629703629668
12.216,3.7060106560106223
12.221,4.10324009324002
12.227,4.451118881118782
12.234,4.820815850815743
12.24,5.22622710622696
12.245,5.609820179820108
12.251,5.94254745254735
12.256,6.292547452547312
12.262,6.66072927072915
12.267,6.971638361638339
12.274,7.252244422244381
12.279,7.554625374625316
12.285,7.850176490176487
12.29,8.108964368964367
12.296,8.345934065934085
12.302,8.566020646020657
12.307,8.739440559440515
12.314,8.90247086247087
12.319,9.116366966366984
12.325,9.304938394938363
12.33,9.391618381618246
12.336,9.441618381618282
12.342,9.526466866466725
12.347,9.600406260406126
12.354,9.659194139193968
12.36,9.747029637029426
12.366,9.76015651015632
12.371,9.730486180485984
12.377,9.772843822843587
12.382,9.77284382284362
12.389,9.824758574758357
12.394,9.890775890775744
12.4,9.890775890775744
12.406,9.89077589077578
12.411,9.839910089910093
12.417,9.78904428904419
12.422,9.864801864801715
12.429,9.925374625374545
12.435,9.896203796203748
12.44,9.91438561438555
12.446,9.914385614385587
12.451,9.845337995337971
12.457,9.794472194472178
12.462,9.809623709623697
12.469,9.860489510489474
12.474,9.911355311355234
12.48,9.929537129537
12.486,9.929537129537037
12.491,9.878671328671262
12.497,9.841908091907932
12.502,9.860089910089734
12.509,9.860089910089773
12.515,9.910955710955601
12.521,9.961821511821432
12.526,9.910955710955623
12.532,9.841908091908026
12.539,9.841908091908097
12.544,9.860089910089934
12.55,9.860089910089934
12.555,9.910955710955694
12.561,9.961821511821524
12.566,9.910955710955822
12.572,9.874192474192531
12.579,9.874192474192492
12.585,9.874192474192494
12.59,9.87419247419264
12.596,9.87419247419264
12.602,9.925058275058344
12.607,9.92505827505838
12.612,9.874192474192693
12.619,9.856010656010927
12.624,9.874192474192728
12.63,9.87419247419273
12.635,9.874192474192766
12.641,9.925058275058579
12.646,9.925058275058669
12.652,9.888295038295414
12.657,9.906476856477253
12.664,9.906476856477326
12.669,9.888295038295489
12.675,9.851531801532309
12.681,9.851531801532253
12.686,9.902397602398047
12.692,9.902397602398082
12.697,9.90239760239801
12.704,9.902397602398082
12.709,9.808458208458756
12.715,9.747885447885997
12.72,9.827922077922592
12.726,9.878787878788422
12.731,9.87878787878842
12.737,9.896969696970295
12.742,9.896969696970297
12.749,9.86363636363694
12.754,9.812770562771126
12.76,9.812770562771163
12.766,9.863636363636992
12.771,9.863636363636955
12.777,9.863636363636882
12.782,9.863636363636846
12.789,9.84545454545512
12.794,9.845454545455047
12.8,9.84545454545501
12.805,9.845454545455011
12.811,9.845454545455048
12.817,9.863636363636815
12.822,9.863636363636777
12.829,9.863636363636779
12.834,9.863636363636706
12.84,9.812770562770947
12.845,9.81277056277091
12.851,9.863636363636594
12.857,9.863636363636557
12.862,9.863636363636667
12.869,9.863636363636703
12.874,9.863636363636557
12.88,9.863636363636557
12.885,9.849533799534035
12.891,9.849533799533962
12.897,9.849533799533887
12.902,9.867715617715652
12.909,9.867715617715616
12.914,9.84953379953385
12.92,9.849533799533813
12.925,9.874425574425562
12.931,9.88871128871125
12.937,9.870529470529446
12.942,9.870529470529446
12.949,9.87052947052941
12.954,9.870529470529412
12.96,9.87052947052934
12.965,9.870529470529323
12.971,9.870529470529323
12.976,9.870529470529323
12.982,9.870529470529286
12.987,9.870529470529323
12.994,9.888711288711091
12.999,9.888711288711018
13.005,9.902997002996743
13.01,9.917282717282466
13.016,9.8991008991007
13.021,9.899100899100665
13.027,9.899100899100592
13.034,9.917282717282394
13.039,9.917282717282465
13.045,9.903180153179887
13.05,9.90318015317985
13.056,9.903180153179887
13.062,9.90318015317996
13.067,9.903180153179997
13.073,9.903180153179889
13.079,9.903180153179852
13.085,9.928071928071654
13.09,9.942357642357344
13.096,9.924175824175542
13.102,9.924175824175542
13.107,9.924175824175434
13.114,9.924175824175467
13.119,9.924175824175542
13.125,9.960939060938651
13.13,9.960939060938724
13.136,9.910073260073037
13.141,10.019164169164027
13.147,10.131141081140953
13.153,10.090737040736816
13.159,10.072555222555051
13.165,10.072555222555014
13.17,10.035791985791725
13.176,9.984926184925891
13.181,10.035791985791613
13.187,10.086657786657446
13.194,10.086657786657408
13.199,10.104839604839174
13.205,10.104839604839176
13.21,10.010900210899887
13.216,9.945748695748332
13.222,10.014796314795893
13.227,10.06566211566176
13.233,10.065662115661834
13.239,10.083843933843635
13.245,10.083843933843637
13.25,10.014796314796078
13.256,9.963930513930283
13.261,10.014796314796039
13.267,10.051559551559366
13.274,10.051559551559256
13.279,10.051559551559254
13.285,10.033377733377526
13.29,10.004989454989188
13.299,9.990703740703463
13.305,10.008885558885263
13.311,10.008885558885263
13.316,10.008885558885298
13.322,9.990703740703461
13.327,10.099794649794271
13.334,10.171040071039673
13.339,10.091003441003117
13.345,10.072821622821241
13.35,10.072821622821206
13.356,10.072821622821243
13.362,10.127766677766372
13.367,10.178632478632313
13.374,10.102874902874753
13.379,10.037723387723196
13.385,10.055905205905034
13.39,10.037723387723197
13.396,10.037723387723268
13.402,10.088589188589028
13.407,10.13945498945486
13.414,10.102691752691786
13.42,10.051825951825917
13.425,10.051825951825844
13.431,9.92455322455305
13.437,9.812576312576088
13.444,9.903846153845983
13.449,9.972893772893507
13.455,9.972893772893507
13.46,9.954711954711778
13.466,9.936530136530013
13.472,9.885664335664291
13.477,9.885664335664364
13.484,9.92242757242769
13.49,9.92242757242769
13.496,9.922427572427653
13.501,9.940609390609419
13.507,9.940609390609492
13.514,9.889743589743734
13.519,9.889743589743661
13.525,9.940609390609348
13.53,9.940609390609383
13.536,9.922427572427654
13.542,9.940609390609385
13.547,9.94060939060935
13.554,9.889743589743553
13.559,9.903846153845985
13.565,9.940609390609348
13.57,9.94060939060931
13.576,9.958791208791077
13.582,9.90384615384613
13.587,9.962071262071218
13.594,10.070079920079802
13.599,10.040909090909004
13.605,10.040909090908967
13.611,10.059090909090841
13.617,9.931818181818121
13.622,9.932900432900347
13.629,10.070079920079694
13.635,10.059090909090807
13.64,10.05909090909077
13.646,10.059090909090735
13.651,10.004145854145643
13.657,9.953280053279776
13.662,10.00414585414557
13.669,10.0550116550114
13.674,10.05501165501129
13.68,10.073193473193164
13.686,10.073193473193202
13.691,10.022327672327407
13.697,9.971461871461576
13.702,10.008225108224721
13.709,10.059090909090587
13.715,10.05909090909055
13.72,10.077272727272353
13.726,10.077272727272353
13.732,10.026406926406525
13.737,9.975541125540836
13.744,9.975541125540873
13.75,10.04458874458847
13.755,10.113636363636067
13.761,10.113636363636102
13.767,10.062770562770236
13.772,10.026007326006944
13.779,10.026007326006908
13.785,10.02600732600687
13.79,10.026007326006907
13.796,10.076873126872666
13.802,10.12773892773846
13.807,10.0768731268727
13.814,10.026007326006944
13.819,10.026007326006944
13.825,10.044189144188744
13.83,10.044189144188781
13.836,10.044189144188781
13.841,10.095054945054578
13.847,10.09505494505465
13.854,10.058291708291394
13.859,10.058291708291431
13.865,10.058291708291469
13.87,10.076473526473233
13.876,9.967382617382277
13.881,9.85937395937362
13.887,9.939410589410214
13.892,9.990276390276115
13.899,9.990276390276115
13.904,10.008458208457883
13.91,9.899367299366963
13.915,9.791358641358489
13.921,9.820529470529177
13.926,9.885680985680697
13.932,9.950832500832217
13.937,9.95083250083229
13.944,9.950832500832254
13.949,9.899966699966496
13.955,9.830919080918864
13.96,9.8309190809189
13.966,9.906676656676497
13.971,9.971828171827982
13.977,9.953646353646143
13.982,9.953646353646143
13.989,9.916883116882962
13.994,9.866017316017132
14.0,9.86601731601713
14.005,9.931168831168687
14.011,9.99632034632017
14.016,9.978138528138368
14.022,9.978138528138366
14.027,9.978138528138405
14.034,9.909090909090809
14.039,9.858225108225085
14.045,9.909090909090843
14.05,9.959956709956565
14.056,9.959956709956638
14.061,9.959956709956709
14.067,9.959956709956746
14.073,9.959956709956781
14.079,9.909090909090951
14.085,9.894988344988338
14.09,9.94585414585417
14.096,9.945854145854133
14.102,9.945854145854131
14.107,9.945854145854023
14.113,9.927672327672221
14.119,9.927672327672186
14.125,9.952564102563988
14.13,9.966849816849713
14.136,9.948667998667874
14.141,9.94866799866787
14.147,9.948667998667872
14.153,9.948667998667874
14.159,9.94866799866791
14.165,10.013819513819467
14.17,10.028105228105192
14.176,9.959057609057558
14.182,9.959057609057522
14.187,9.959057609057595
14.194,9.959057609057668
14.199,9.959057609057632
14.205,9.995820845820923
14.21,9.981535131535308
14.216,9.916383616383714
14.221,9.934565434565478
14.227,9.934565434565553
14.234,9.934565434565515
14.239,9.952747252747427
14.245,10.017898767898945
14.25,10.007292707292832
14.256,9.923959373959473
14.262,9.942141192141312
14.267,9.942141192141275
14.273,9.94214119214124
14.279,9.94214119214124
14.285,10.007292707292796
14.29,10.007292707292796
14.296,9.923959373959438
14.301,9.94214119214124
14.307,9.942141192141277
14.313,9.942141192141348
14.319,9.960323010323187
14.325,10.025474525474598
14.33,10.03976023976036
14.336,9.970712620712872
14.341,9.9707126207128
14.347,9.970712620712762
14.354,9.95253080253096
14.359,9.952530802530887
14.365,10.028288378288522
14.37,10.05667665667686
14.376,9.987629037629155
14.381,9.987629037629155
14.387,9.987629037629228
14.393,9.969447219447462
14.399,9.987629037629265
14.405,10.038494838495133
14.41,10.013603063603401
14.416,9.948451548451953
14.421,9.966633366633754
14.427,9.966633366633792
14.433,9.948451548451917
14.439,9.94845154845199
14.445,9.99931734931786
14.45,9.98503163503221
14.456,9.919880119880652
14.461,9.93806193806249
14.467,9.93806193806249
14.473,9.91988011988069
14.479,9.919880119880615
14.485,9.970745920746337
14.49,9.984848484848952
14.496,9.933982683983082
14.502,9.93398268398308
14.507,9.933982683983007
14.513,9.915800865801204
14.519,9.915800865801133
14.525,9.966666666666855
14.53,9.95238095238113
14.536,9.887229437229683
14.542,9.905411255411448
14.547,9.905411255411483
14.554,9.887229437229648
14.559,9.887229437229648
14.565,9.938095238095443
14.57,9.923809523809792
14.576,9.858658008658272
14.582,9.87683982684011
14.587,9.87683982684011
14.594,9.858658008658198
14.599,9.858658008658127
14.605,9.85865800865809
14.61,9.858658008658125
14.616,9.858658008658088
14.622,9.876839826839854
14.627,9.87683982683989
14.634,9.876839826839927
14.639,9.8950216450218
14.645,9.931784881784983
14.65,9.906893106893252
14.656,9.841741591741771
14.662,9.859923409923608
14.667,9.859923409923608
14.674,9.859923409923537
14.679,9.878105228105412
14.685,9.943256743256931
14.69,9.957542457542656
14.696,9.888494838494987
14.702,9.888494838494912
14.707,9.888494838494985
14.714,9.88849483849502
14.719,9.906676656676895
14.725,9.97182817182838
14.73,9.986113886114104
14.736,9.917066267066469
14.742,9.917066267066506
14.747,9.917066267066396
14.753,9.898884448884631
14.759,9.917066267066508
14.765,9.967932067932411
14.77,9.967932067932523
14.776,9.917066267066618
14.781,9.917066267066618
14.787,9.9170662670668
14.794,9.917066267066874
14.799,9.935248085248567
14.805,10.00039960040016
14.81,10.014685314685883
14.816,9.945637695638249
14.821,9.945637695638178
14.827,9.945637695638286
14.833,9.945637695638249
14.839,9.963819513820196
14.845,10.028971028971716
14.85,10.043256743257368
14.856,9.974209124209663
14.861,9.974209124209738
14.867,9.974209124209809
14.873,9.974209124209736
14.879,9.992390942391573
14.885,10.057542457543057
14.89,10.122693972694577
14.896,10.039360639361254
14.902,9.97420912420966
14.907,9.97420912420966
14.914,9.974209124209695
14.919,9.974209124209695
14.925,10.039360639361107
14.93,10.067748917749444
14.936,9.982034632035097
14.941,9.96688311688354
14.947,9.951731601732092
14.953,9.936580086580575
14.959,9.921428571429091
14.965,9.936580086580575
14.97,9.869913419913932
14.976,9.719913419913933
14.981,9.664155844156298
14.987,9.5902164502169
14.993,9.494458874459301
14.999,9.383549783550112
15.005,9.265367965368238
15.01,9.0653679653682
15.016,8.832034632034881
15.021,8.643549783550005
15.027,8.421731601731805
15.033,8.20354978355004
15.039,7.999913419913572
15.045,7.717489177489223
15.05,7.34844155844159
15.056,7.012727272727242
15.061,6.716969696969682
15.067,6.4060606060605645
15.073,6.087878787878582
15.079,5.755151515151303
15.085,5.361818181818127
15.09,4.895151515151485
15.096,4.478484848484769
15.101,4.148787878787881
15.107,3.8009090909091174
15.113,3.449393939393958
15.119,3.0796969696969243
15.125,2.634242424242256
15.13,2.1342424242422924
15.136,1.717575757575687
15.141,1.3660606060604916
15.147,0.9963636363634574
15.153,0.6266666666664218
15.159,0.2569696969695705
15.165,-0.17787878787890954
15.17,-0.6778787878788731
15.176,-1.0945454545455524
15.182,-1.446060606060638
15.187,-1.8157575757574895
15.193,-2.185454545454523
15.199,-2.5551515151515565
15.205,-2.961611721611772
15.21,-3.4332234432233966
15.216,-3.849890109890112
15.222,-4.18473859473852
15.227,-4.539284049283961
15.233,-4.893829503829475
15.239,-5.324132534132477
15.245,-5.743829503829473
15.25,-6.110496170496115
15.256,-6.460496170496114
15.262,-6.745344655344668
15.267,-7.041102231102228
15.273,-7.3368598068597155
15.279,-7.661665001664947
15.285,-7.971318681318584
15.29,-8.222833832833816
15.296,-8.43950049950046
15.301,-8.641015651015655
15.307,-8.804045954045938
15.313,-8.951924741924772
15.319,-9.154305694305837
15.325,-9.35305028305043
15.33,-9.440323010323079
15.336,-9.473656343656401
15.341,-9.558504828504955
15.347,-9.63244422244428
15.354,-9.691232101232124
15.36,-9.793613053613079
15.366,-9.881448551448555
15.371,-9.857812187812304
15.377,-9.80781218781234
15.382,-9.825994005994032
15.388,-9.84781218781223
15.394,-9.8696303696305
15.4,-9.938677988678169
15.406,-9.975441225441243
15.411,-9.899683649683643
15.417,-9.834532134532159
15.422,-9.834532134532159
15.429,-9.834532134532015
15.434,-9.885397935397881
15.44,-9.922161172161063
15.446,-9.922161172161026
15.451,-9.857009657009435
15.457,-9.791858141857913
15.462,-9.810039960039715
15.469,-9.81003996003986
15.474,-9.860905760905764
15.48,-9.897668997668836
15.486,-9.897668997668909
15.491,-9.860905760905727
15.497,-9.824142524142509
15.502,-9.842324342324275
15.509,-9.842324342324275
15.514,-9.893190143190033
15.52,-9.929953379953252
15.526,-9.836013986013853
15.531,-9.752680652680496
15.537,-9.807625707625625
15.542,-9.87667332667326
15.549,-9.876673326673187
15.555,-9.858491508491385
15.56,-9.858491508491385
15.566,-9.807625707625627
15.572,-9.75675990675983
15.577,-9.807625707625553
15.584,-9.876673326673187
15.59,-9.87667332667322
15.595,-9.87667332667333
15.601,-9.876673326673222
15.606,-9.807625707625482
15.612,-9.756759906759614
15.617,-9.807625707625519
15.624,-9.876673326673222
15.63,-9.876673326673114
15.635,-9.876673326673151
15.641,-9.876673326673153
15.646,-9.825807525807354
15.652,-9.77494172494156
15.657,-9.84009324009304
15.664,-9.923426573426362
15.67,-9.905244755244633
15.676,-9.905244755244741
15.682,-9.905244755244633
15.689,-9.854378954378802
15.694,-9.817615717615693
15.7,-9.882767232767213
15.706,-9.94791874791866
15.711,-9.94791874791877
15.717,-9.947918747918843
15.722,-9.897052947052938
15.729,-9.86028971028976
15.734,-9.860289710289832
15.74,-9.860289710289903
15.745,-9.911155511155735
15.751,-9.962021312021603
15.757,-9.962021312021566
15.762,-9.911155511155627
15.769,-9.874392274392518
15.774,-9.874392274392445
15.78,-9.874392274392372
15.785,-9.983483183483255
15.791,-10.091491841491875
15.796,-10.062321012321041
15.802,-10.011455211455354
15.808,-9.974691974692174
15.814,-9.992873792874013
15.82,-10.011055611055923
15.825,-9.974292374292705
15.831,-9.974292374292741
15.836,-10.025158175158536
15.842,-10.043339993340302
15.848,-10.043339993340448
15.854,-10.043339993340483
15.86,-10.043339993340481
15.865,-9.992474192474615
15.871,-9.941608391608893
15.876,-9.992474192474651
15.882,-10.0433399933403
15.887,-10.043339993340336
15.894,-10.061521811522319
15.899,-10.061521811522319
15.905,-10.010656010656453
15.91,-9.959790209790585
15.916,-9.959790209790622
15.921,-10.010656010656453
15.927,-10.061521811522248
15.932,-10.061521811522137
15.939,-10.06152181152221
15.945,-9.996370296370692
15.95,-9.913036963037335
15.956,-9.931218781219137
15.961,-10.006976356976661
15.967,-10.072127872128217
15.972,-10.053946053946378
15.979,-10.035764235764503
15.984,-9.970612720613058
15.99,-9.905461205461647
15.995,-9.92364302364345
16.001,-9.99940059940101
16.006,-10.06455211455253
16.012,-10.046370296370728
16.017,-10.028188478188927
16.024,-10.028188478188962
16.029,-9.977322677323132
16.035,-9.926456876457264
16.04,-10.002214452214826
16.046,-10.067365967366417
16.051,-10.049184149184542
16.057,-10.049184149184542
16.062,-10.049184149184507
16.069,-9.92191142191186
16.074,-9.813902763903167
16.08,-9.918831168831563
16.085,-9.98398268398301
16.091,-9.965800865801281
16.097,-9.965800865801283
16.102,-9.9658008658011
16.108,-9.947619047619227
16.114,-9.896753246753432
16.12,-9.921645021645235
16.126,-9.986796536796753
16.131,-9.968614718614841
16.137,-9.968614718614806
16.142,-9.968614718614806
16.148,-9.950432900433004
16.154,-9.950432900432968
16.16,-9.975324675324773
16.166,-9.989610389610569
16.171,-9.97142857142873
16.177,-9.97142857142862
16.182,-9.971428571428621
16.188,-9.953246753246784
16.194,-9.953246753246857
16.2,-10.029004329004417
16.205,-10.04329004329007
16.211,-9.974242424242437
16.217,-9.956060606060671
16.222,-9.956060606060635
16.228,-9.956060606060637
16.234,-9.974242424242401
16.24,-10.049999999999926
16.245,-10.039393939393884
16.251,-9.95606060606056
16.257,-9.956060606060559
16.262,-9.974242424242325
16.268,-9.974242424242252
16.274,-10.083333333333243
16.28,-10.192715617715525
16.285,-10.103263403263385
16.291,-10.053263403263422
16.297,-10.071445221445149
16.302,-10.089627039626988
16.308,-10.089627039626953
16.314,-10.08962703962699
16.32,-10.16538461538455
16.325,-10.154778554778474
16.331,-10.071445221445115
16.337,-10.08962703962699
16.342,-10.08962703962699
16.348,-10.089627039627027
16.354,-10.107808857808793
16.36,-10.107808857808758
16.366,-10.082917082917064
16.371,-10.068631368631412
16.377,-10.086813186813066
16.382,-10.086813186812993
16.388,-10.08681318681303
16.394,-10.104995004994905
16.4,-10.104995004994832
16.406,-10.094388944388681
16.411,-10.094388944388681
16.417,-10.094388944388754
16.422,-10.07620712620688
16.43,-10.058025308025043
16.435,-10.076207126206954
16.44,-10.12707292707275
16.446,-10.088078588078442
16.451,-10.004745254745083
16.457,-10.022927072926814
16.462,-10.022927072926704
16.468,-10.022927072926775
16.474,-10.09197469197448
16.48,-10.128737928737662
16.485,-10.052980352980027
16.491,-9.987828837828543
16.496,-10.006010656010382
16.502,-10.024192474192144
16.507,-10.024192474192109
16.514,-10.075058275057867
16.519,-10.125924075923662
16.525,-10.050166500166137
16.53,-9.985014985014617
16.536,-10.00319680319642
16.541,-10.021378621378366
16.547,-10.021378621378439
16.553,-10.021378621378366
16.559,-9.988045288044974
16.565,-9.94381451881421
16.571,-9.939327339326951
16.577,-9.924175824175359
16.582,-9.924175824175357
16.589,-9.905994005993556
16.595,-9.905994005993593
16.601,-9.981751581751155
16.606,-9.97114552114504
16.612,-9.887812187811681
16.617,-9.887812187811791
16.624,-9.887812187811718
16.63,-9.887812187811646
16.635,-9.88781218781172
16.641,-9.96356976356928
16.646,-10.02872127872091
16.652,-9.959673659673275
16.657,-9.908807858807481
16.664,-9.908807858807519
16.669,-9.908807858807664
16.675,-9.908807858807773
16.68,-9.908807858807627
16.686,-9.959673659673497
16.691,-9.945387945387917
16.697,-9.880236430236398
16.702,-9.898418248418091
16.708,-9.916600066599855
16.714,-9.916600066599928
16.72,-9.916600066599928
16.725,-9.941491841491622
16.731,-9.969880119879813
16.737,-9.969880119879813
16.742,-9.969880119879996
16.748,-9.969880119880068
16.754,-9.969880119880033
16.76,-9.919014319014165
16.766,-9.94740259740243
16.771,-10.012554112554021
16.777,-9.994372294372221
16.782,-9.994372294372257
16.788,-9.994372294372294
16.794,-9.994372294372402
16.8,-9.94350649350668
16.805,-9.957792207792407
16.811,-10.022943722943925
16.816,-10.004761904762121
16.822,-10.004761904762123
16.827,-10.004761904762013
16.834,-10.004761904761905
16.839,-10.004761904761907
16.845,-9.994155844155754
16.85,-9.994155844155681
16.856,-9.994155844155717
16.862,-9.994155844155754
16.867,-9.994155844155827
16.873,-9.99415584415579
16.879,-9.99415584415568
16.885,-9.994155844155644
16.89,-9.994155844155717
16.896,-9.994155844155717
16.901,-10.012337662337481
16.907,-10.012337662337519
16.913,-9.994155844155754
16.919,-10.030919080918972
16.925,-9.9919247419247
16.93,-9.92677322677318
16.936,-9.944955044954982
16.941,-9.94495504495491
16.947,-9.944955044954837
16.953,-9.9449550449548
16.959,-10.020712620712363
16.965,-10.085864135863952
16.97,-10.01681651681632
16.976,-9.947768897768615
16.981,-9.94776889776865
16.987,-9.96292041292028
16.993,-9.962920412920388
16.999,-9.981102231102154
17.005,-10.031968031967878
17.01,-10.007076257076147
17.016,-9.941924741924737
17.022,-9.960106560106539
17.027,-9.960106560106393
17.033,-9.941924741924591
17.039,-9.941924741924518
17.045,-10.01768231768208
17.05,-10.01768231768208
17.056,-9.934348984348796
17.062,-9.952530802530598
17.069,-9.95253080253056
17.075,-9.952530802530596
17.08,-9.952530802530488
17.086,-10.01768231768197
17.091,-10.017682317682045
17.097,-9.934348984348686
17.102,-9.952530802530488
17.108,-9.952530802530452
17.114,-9.934348984348615
17.12,-9.934348984348835
17.126,-10.010106560106506
17.131,-10.010106560106468
17.136,-9.92677322677311
17.142,-9.944955044954986
17.147,-9.944955044955021
17.154,-9.926773226773184
17.159,-9.944955044954986
17.165,-10.020712620712619
17.17,-10.010106560106575
17.176,-9.926773226773218
17.182,-9.944955044955092
17.187,-9.944955044955057
17.193,-9.926773226773255
17.199,-9.94495504495502
17.205,-9.959057609057451
17.21,-9.973160173159991
17.216,-9.973160173159991
17.221,-9.954978354978225
17.227,-9.954978354978152
17.233,-9.954978354978152
17.239,-9.97251082251059
17.245,-9.931135531135292
17.25,-9.865984015983736
17.256,-9.884165834165573
17.262,-9.902347652347377
17.267,-9.902347652347302
17.273,-9.93806193806158
17.279,-9.974825174824797
17.285,-9.974825174824835
17.29,-9.939110889110598
17.296,-9.888245088244766
17.302,-9.88824508824473
17.307,-9.888245088244732
17.313,-9.888245088244838
17.319,-9.98218448218424
17.325,-10.047335997335795
17.33,-9.953396603396394
17.336,-9.870063270063035
17.342,-9.88824508824491
17.347,-9.88824508824491
17.354,-9.888245088244945
17.359,-9.964002664002471
17.365,-10.029154179153991
17.371,-9.945820845820634
17.376,-9.88066933066915
17.382,-9.898851148850953
17.39,-9.880669330669079
17.395,-9.880669330669116
17.401,-9.974608724608588
17.406,-10.03976023976007
17.412,-9.945820845820672
17.417,-9.880669330669223
17.424,-9.898851148850987
17.43,-9.880669330669113
17.435,-9.880669330669148
17.44,-9.974608724608549
17.446,-10.039760239760069
17.451,-9.945820845820668
17.457,-9.862487512487311
17.462,-9.880669330669223
17.468,-9.88066933066926
17.474,-9.880669330669258
17.48,-9.974608724608585
17.486,-10.039760239760177
17.491,-9.970712620712689
17.497,-9.919846819846894
17.502,-9.919846819846896
17.508,-9.919846819846894
17.514,-9.919846819847004
17.52,-9.995604395604639
17.525,-10.043223443223685
17.531,-9.990659340659546
17.537,-9.972477522477782
17.542,-9.972477522477853
17.548,-9.972477522477892
17.554,-9.972477522477892
17.56,-9.997369297369694
17.565,-10.02575757575807
17.571,-10.007575757576193
17.577,-9.992424242424564
17.582,-9.992424242424528
17.588,-9.974242424242691
17.594,-9.974242424242764
17.6,-10.050000000000253
17.606,-10.039393939394136
17.611,-9.95606060606078
17.617,-9.956060606060888
17.622,-9.97424242424269
17.628,-9.97424242424251
17.634,-9.974242424242545
17.64,-10.050000000000072
17.645,-10.03939393939403
17.651,-9.956060606060708
17.657,-9.956060606060708
17.662,-9.956060606060708
17.668,-9.956060606060781
17.674,-9.974242424242618
17.68,-10.050000000000143
17.686,-10.039393939394028
17.691,-9.95606060606067
17.697,-9.956060606060632
17.702,-9.95606060606067
17.708,-9.956060606060745
17.714,-9.974242424242583
17.72,-10.050000000000107
17.725,-10.039393939394065
17.731,-9.956060606060708
17.737,-9.956060606060744
17.742,-9.974242424242656
17.748,-9.974242424242583
17.754,-9.974242424242473
17.76,-10.050000000000034
17.766,-10.03939393939403
17.771,-9.956060606060671
17.777,-9.956060606060634
17.782,-9.95606060606056
17.788,-9.95606060606049
17.794,-9.974242424242364
17.8,-10.049999999999924
17.806,-10.039393939393847
17.811,-9.95606060606049
17.817,-9.974242424242398
17.822,-9.992424242424164
17.828,-9.974242424242219
17.834,-9.974242424242254
17.84,-10.049999999999853
17.846,-10.039393939393738
17.851,-9.956060606060309
17.857,-9.956060606060309
17.862,-9.956060606060417
17.868,-9.956060606060527
17.874,-9.974242424242329
17.88,-10.049999999999818
17.886,-10.039393939393811
17.891,-9.95606060606056
17.897,-9.97424242424229
17.902,-9.992424242423983
17.908,-9.97424242424222
17.914,-9.974242424242219
17.92,-10.049999999999708
17.926,-10.039393939393664
17.931,-9.956060606060342
17.937,-9.939393939393662
17.942,-9.92272727272702
17.948,-9.900909090908787
17.954,-9.939696969696667
17.96,-9.97151515151483
17.965,-9.844242424242216
17.971,-9.720303030302816
17.977,-9.664545454545145
17.982,-9.608787878787656
17.988,-9.534848484848222
17.994,-9.456593406593159
18.0,-9.342440892440678
18.006,-9.115168165167992
18.011,-8.902137862137637
18.017,-8.757289377289158
18.022,-8.546986346986158
18.028,-8.303566433566173
18.034,-8.08758241758214
18.04,-7.852733932733697
18.045,-7.496370296370131
18.051,-7.135461205461049
18.057,-6.818794538794371
18.062,-6.485461205460941
18.068,-6.167279387279176
18.074,-5.849097569097447
18.08,-5.5309157509155735
18.086,-5.122430902430696
18.092,-4.660049950049833
18.097,-4.281002331002273
18.103,-3.9331235431234015
18.109,-3.563426573426513
18.115,-3.2119114219113905
18.12,-2.842214452214429
18.126,-2.396759906759978
18.131,-1.961911421911462
18.137,-1.53463869463867
18.144,-1.1179720279720278
18.15,-0.7664568764568682
18.156,-0.3967599067598352
18.161,-0.027062937062765385
18.167,0.4002097902098833
18.172,0.8350582750583639
18.179,1.262331002331193
18.185,1.6971794871795645
18.191,2.0486946386946876
18.196,2.4002097902098467
18.202,2.769906759906772
18.208,3.1971794871794565
18.214,3.668791208791155
18.22,4.071172161172146
18.226,4.406020646020662
18.232,4.722687312687304
18.237,5.070566100566139
18.244,5.479050949051087
18.249,5.880566100566246
18.255,6.249613719613915
18.26,6.61138861138879
18.266,6.907146187146351
18.271,7.2029037629039125
18.277,7.498661338661511
18.282,7.7901032301033375
18.288,8.045647685647813
18.294,8.263829503829651
18.3,8.561405261405339
18.305,8.8332234432235
18.311,8.956253746253855
18.317,9.082530802530869
18.322,9.236243756243836
18.328,9.352910422910478
18.334,9.442001332001434
18.34,9.591698301698468
18.345,9.69169830169843
18.351,9.69169830169832
18.357,9.743213453213516
18.364,9.794728604728785
18.369,9.846243756243947
18.375,9.883213453213628
18.381,9.855680985681172
18.386,9.903906093906297
18.392,9.990875790875977
18.397,9.972693972694175
18.404,9.972693972694177
18.409,9.972693972694248
18.415,9.972693972694358
18.42,9.972693972694358
18.426,10.006027306027644
18.431,10.048884448884854
18.437,10.037895437895893
18.442,10.037895437895818
18.448,10.037895437895711
18.454,10.056077256077513
18.46,10.056077256077515
18.465,9.980319680319916
18.471,9.990925740925993
18.477,10.074259074259277
18.482,10.056077256077439
18.488,10.056077256077367
18.494,10.07425907425917
18.5,10.037495837495952
18.505,9.986630036630048
18.511,9.986630036630011
18.516,10.080569430569446
18.522,10.14572094572089
18.527,10.127539127538979
18.533,10.127539127538943
18.539,10.076673326673221
18.545,10.02580752580739
18.55,10.025807525807354
18.556,10.025807525807354
18.561,10.076673326673093
18.567,10.127539127539034
18.572,10.12753912753907
18.579,10.109357309357232
18.585,10.0335997335996
18.59,9.968448218448152
18.596,9.986630036629881
18.601,10.062387612387406
18.607,10.127539127538888
18.612,10.127539127538924
18.618,10.109357309357122
18.624,10.033599733599452
18.63,9.968448218447861
18.635,9.986630036629698
18.641,10.062387612387296
18.646,10.127539127538707
18.652,10.109357309356868
18.657,10.091175491175031
18.663,10.091175491175141
18.669,10.015417915417654
18.675,9.950266400266171
18.68,10.044205794205643
18.686,10.104778554778402
18.691,10.075607725607494
18.697,10.075607725607457
18.702,10.075607725607457
18.709,9.966516816516576
18.714,9.934265734265443
18.72,10.024009324008999
18.726,10.015351315351051
18.731,10.015351315351086
18.737,10.01535131535116
18.742,10.015351315351197
18.748,10.015351315351161
18.754,10.015351315351198
18.76,10.015351315351236
18.766,10.015351315351234
18.771,9.997169497169434
18.777,9.997169497169399
18.782,9.997169497169399
18.788,9.997169497169436
18.794,10.04803529803523
18.8,10.009040959040886
18.806,9.943889443889404
18.811,9.96207126207135
18.817,9.962071262071243
18.822,9.962071262071133
18.828,9.96207126207117
18.835,10.012937062936928
18.841,10.049700299700254
18.846,9.998834498834405
18.852,9.9479686979685
18.857,9.9479686979685
18.863,9.96615051615041
18.87,9.966150516150444
18.875,10.01701631701613
18.881,10.053779553779457
18.886,9.97802197802204
18.892,9.912870462870593
18.897,9.93105228105243
18.903,9.949234099234305
18.909,9.949234099234378
18.915,10.024991674992085
18.921,10.090143190143605
18.926,9.996203796204167
18.932,9.931052281052612
18.937,9.949234099234522
18.944,9.96741591741625
18.95,9.96741591741607
18.955,9.967415917415996
18.961,10.043173493173596
18.966,10.032567432567479
18.972,9.95381285381292
18.977,9.964801864801954
18.984,9.964801864801917
18.99,9.964801864801954
18.995,9.964801864801881
19.001,9.964801864801846
19.006,9.969380619380605
19.012,9.959856809856825
19.017,9.941674991674951
19.024,9.941674991674915
19.03,9.941674991674917
19.035,9.941674991674917
19.041,9.94167499167488
19.046,9.94167499167488
19.052,9.941674991674878
19.057,9.941674991674915
19.063,9.941674991674988
19.069,9.941674991675026
19.075,9.941674991674988
19.08,9.966566766566753
19.086,9.994955044955018
19.091,9.976773226773144
19.097,9.958591408591271
19.102,9.958591408591309
19.108,9.958591408591271
19.114,9.958591408591307
19.12,9.983483183483148
19.126,10.011871461871376
19.131,9.993689643689612
19.137,9.975507825507846
19.142,9.975507825507846
19.148,9.97550782550781
19.154,9.975507825507846
19.16,10.00039960039972
19.166,10.028787878787988
19.171,10.010606060606111
19.177,9.9924242424242
19.182,9.992424242424129
19.188,9.992424242424129
19.194,9.992424242424056
19.2,9.992424242423947
19.206,9.992424242423946
19.211,9.992424242423983
19.217,9.97424242424218
19.222,9.974242424242146
19.228,9.974242424242327
19.234,9.974242424242364
19.24,10.049999999999924
19.246,10.03939393939381
19.251,9.956060606060523
19.257,9.956060606060488
19.262,9.974242424242291
19.268,9.974242424242291
19.274,9.97424242424222
19.28,10.049999999999889
19.286,10.039393939393848
19.291,9.938203463203408
19.297,10.015584415584252
19.302,10.098917748917607
19.308,10.080735930735845
19.314,10.080735930735772
19.32,10.080735930735772
19.326,10.004978354978135
19.331,9.939826839826617
19.337,9.939826839826688
19.342,10.02316017316001
19.348,10.098917748917499
19.354,10.0989177489175
19.36,10.098917748917573
19.366,10.023160173160013
19.371,9.958008658008454
19.377,9.976190476190183
19.382,9.994372294371914
19.388,10.045238095237817
19.394,10.096103896103758
19.4,10.096103896103758
19.406,10.020346320346125
19.411,9.955194805194713
19.417,9.973376623376515
19.422,9.991558441558318
19.428,9.991558441558244
19.434,10.067316017315877
19.442,10.132467532467542
19.448,10.038528138528068
19.454,9.955194805194749
19.46,9.973376623376476
19.465,9.99155844155835
19.471,9.99155844155835
19.476,10.067316017315767
19.482,10.132467532467322
19.488,10.038528138527996
19.494,9.973376623376476
19.499,9.991558441558277
19.505,10.009740259740116
19.51,10.009740259740116
19.516,10.009740259740116
19.521,10.085497835497824
19.527,10.074891774891709
19.532,9.99155844155835
19.539,9.99155844155835
19.544,10.009740259740154
19.55,10.009740259740191
19.555,10.009740259740155
19.561,10.085497835497824
19.566,10.074891774891855
19.572,9.991558441558498
19.577,10.00941558441558
19.583,9.950216450216466
19.589,9.885064935064946
19.595,9.903246753246638
19.601,9.979004329004162
19.606,10.044155844155682
19.612,10.025974025973952
19.617,10.007792207792187
19.623,10.025974025973918
19.629,9.960822510822327
19.635,9.885064935064765
19.64,9.935930735930523
19.646,9.972693972693776
19.651,9.954512154512011
19.657,9.954512154512011
19.662,9.954512154512086
19.668,9.954512154512123
19.674,9.954512154512013
19.68,9.940409590409399
19.686,9.940409590409363
19.691,9.940409590409326
19.697,9.940409590409216
19.702,9.940409590409288
19.708,9.940409590409288
19.714,9.991275391275227
19.72,9.96638361638335
19.726,9.901232101231722
19.731,9.901232101231722
19.737,9.919413919413596
19.742,9.919413919413742
19.748,9.919413919413705
19.754,9.970279720279574
19.76,9.945387945387878
19.766,9.880236430236396
19.771,9.88023643023636
19.777,9.88023643023636
19.782,9.880236430236323
19.789,9.880236430236286
19.795,9.931102231102082
19.801,9.967865467865265
19.806,9.892107892107594
19.812,9.82695637695622
19.817,9.845138195137986
19.824,9.863320013319676
19.83,9.863320013319711
19.835,9.914185814185506
19.841,9.950949050948797
19.846,9.875191475191127
19.852,9.810039960039388
19.857,9.828221778221225
19.864,9.846403596403135
19.869,9.828221778221334
19.875,9.893373293372818
19.881,9.96913086913049
19.886,9.89337329337311
19.892,9.81003996003979
19.897,9.810039960039717
19.904,9.828221778221481
19.909,9.843373293373075
19.915,9.919130869130745
19.921,9.97970362970354
19.926,9.920179820179724
19.932,9.88341658341654
19.937,9.88341658341654
19.944,9.88341658341654
19.95,9.9342823842823
19.955,9.97104562104552
19.961,9.92017982017987
19.966,9.883416583416686
19.972,9.865234765234849
19.977,9.865234765234888
19.984,9.940992340992523
19.99,10.006143856144005
19.995,9.987962037962166
20.001,9.918914418914499
20.006,9.86804861804874
20.012,9.868048618048777
20.018,9.922993672993831
20.024,9.97385947385948
20.029,9.973859473859445
20.035,9.955677655677643
20.041,9.904811854811738
20.047,9.853946053945943
20.052,9.853946053945833
20.057,9.947885447885305
20.063,10.01303696303697
20.07,9.994855144855133
20.075,9.976673326673334
20.081,9.907625707625664
20.087,9.979953379953365
20.092,10.08796203796213
20.099,10.058791208791224
20.105,10.040609390609458
20.11,10.040609390609605
20.116,10.040609390609639
20.122,10.02650682650699
20.127,10.04060939060964
20.133,10.040609390609713
20.139,10.040609390609784
20.145,10.04060939060982
20.151,10.040609390609749
20.156,10.058791208791623
20.162,10.058791208791659
20.169,10.048185148185581
20.174,10.030003330003634
20.18,10.048185148185436
20.186,10.066366966367346
20.191,10.066366966367275
20.197,10.051215451215645
20.202,9.957276057276246
20.208,9.961854811855005
20.214,10.046270396270627
20.22,10.046270396270588
20.226,10.046270396270517
20.232,10.046270396270552
20.237,9.995404595404938
20.244,9.940459540459884
20.25,10.005611055611295
20.256,10.070762570762742
20.261,10.088944388944654
20.267,10.088944388944691
20.274,9.995004995005255
20.279,9.929853479853735
20.285,10.023792873793171
20.29,10.107126207126491
20.296,10.088944388944617
20.301,10.088944388944544
20.307,10.052181152181397
20.313,10.001315351315673
20.319,10.001315351315673
20.325,10.08464868464896
20.33,10.149800199800552
20.336,10.131618381618752
20.341,10.131618381618823
20.347,10.055860805861226
20.353,9.972527472527725
20.359,9.990709290709491
20.364,10.008891108891328
20.37,10.092224442224795
20.376,10.048285048285432
20.381,9.940276390276626
20.387,9.969447219447462
20.393,9.987629037629299
20.399,9.987629037629262
20.405,9.969447219447389
20.41,9.997835497835764
20.416,10.022727272727494
20.422,10.022727272727494
20.427,10.022727272727492
20.433,10.022727272727455
20.439,10.02272727272753
20.445,10.022727272727566
20.45,9.994338994339229
20.456,9.980053280053504
20.461,9.99823509823545
20.467,9.98005328005361
20.473,9.98005328005354
20.479,9.98005328005365
20.485,9.961871461871885
20.49,10.045204795205207
20.496,10.045204795205208
20.502,9.96944721944761
20.507,9.969447219447645
20.513,9.987629037629484
20.519,9.987629037629448
20.525,9.987629037629338
20.53,10.08156843156881
20.536,10.081568431568847
20.541,9.998235098235524
20.547,9.980053280053612
20.553,9.980053280053612
20.559,9.998235098235453
20.564,9.98005328005365
20.57,9.969447219447572
20.575,9.980053280053577
20.581,9.998235098235414
20.586,9.998235098235412
20.592,9.998235098235376
20.599,9.998235098235375
20.604,9.99823509823534
20.61,9.933083583083857
20.616,9.918797868798167
20.621,9.987845487845838
20.627,9.987845487845874
20.633,9.969663669664001
20.639,9.987845487845838
20.645,9.987845487845876
20.65,9.987845487845878
20.656,9.973559773560188
20.661,9.959274059274463
20.667,9.959274059274463
20.672,9.959274059274462
20.678,9.959274059274499
20.684,9.959274059274463
20.69,9.977455877456446
20.696,9.912304362304926
20.701,9.912304362304853
20.707,9.977455877456299
20.713,9.959274059274533
20.719,9.959274059274534
20.724,9.959274059274499
20.73,9.941092241092589
20.735,9.904329004329334
20.741,9.929220779221138
20.746,9.994372294372548
20.752,9.994372294372619
20.757,9.994372294372548
20.764,9.994372294372475
20.769,10.012554112554314
20.775,9.947402597402867
20.781,9.882251082251347
20.786,9.958008658008907
20.792,10.023160173160354
20.797,10.004978354978553
20.804,10.00497835497859
20.809,10.004978354978626
20.815,9.911038961039226
20.82,9.845887445887708
20.826,9.939826839827107
20.831,10.023160173160464
20.837,10.004978354978698
20.842,9.986796536796861
20.848,10.004978354978663
20.854,9.93982683982718
20.86,9.864069264069657
20.865,9.93982683982722
20.871,10.004978354978736
20.877,9.986796536796934
20.882,9.968614718615134
20.888,9.968614718615132
20.894,9.968614718615061
20.9,9.982900432900822
20.905,9.997186147186582
20.911,9.979004329004779
20.916,9.979004329004779
20.922,9.979004329004706
20.927,9.97900432900467
20.933,9.97900432900467
20.939,9.988744588744845
20.945,9.986363636363857
20.95,9.951515151515448
20.956,9.91666666666693
20.962,9.881818181818412
20.967,9.932121212121233
20.973,9.96965367965338
20.979,9.87821178821148
20.985,9.72851481851452
20.991,9.589423909423601
20.996,9.511848151847769
21.002,9.40093906093865
21.007,9.266090576090132
21.013,9.149423909423492
21.019,8.997908757908409
21.025,8.715484515484093
21.031,8.428514818514447
21.036,8.224878454877977
21.042,8.003060273059852
21.048,7.7182117882114065
21.054,7.400029970029606
21.06,7.11518148518109
21.066,6.81942390942342
21.071,6.4327572427567405
21.077,6.049423909423384
21.082,5.734878454877906
21.088,5.341545121544622
21.094,4.94717282717229
21.1,4.624828504827965
21.106,4.276949716949165
21.112,3.8533133533128034
21.117,3.41846486846425
21.124,2.9911921411914566
21.13,2.5745254745248145
21.135,2.2230103230096914
21.141,1.8533133533126214
21.146,1.4836163836156235
21.152,1.0381618381610287
21.158,0.6033133533125488
21.164,0.269980019979191
21.17,-0.14668664668748638
21.175,-0.5815351315359675
21.181,-0.9512321012329287
21.186,-1.3860805860814815
21.192,-1.8209290709299975
21.198,-2.1724442224450837
21.204,-2.589110889111726
21.21,-3.023959373960134
21.215,-3.3754745254752563
21.221,-3.74517149517229
21.227,-4.175474525475329
21.232,-4.575474525475329
21.238,-4.910323010323881
21.245,-5.245171495172289
21.251,-5.6451714951722884
21.256,-6.13032301032359
21.262,-6.537552447552914
21.267,-6.815807525807974
21.273,-7.111565101565571
21.279,-7.407322677323168
21.285,-7.663080253080693
21.29,-7.987019647020019
21.296,-8.297625707626171
21.301,-8.53247419247476
21.307,-8.750656010656563
21.313,-8.913686313686735
21.319,-9.061565101565497
21.325,-9.209443889444186
21.33,-9.357322677323022
21.336,-9.476553446553876
21.341,-9.545601065601508
21.347,-9.612267732268187
21.353,-9.68620712620755
21.359,-9.820752580752956
21.365,-9.932840492840802
21.37,-9.94063936063965
21.376,-9.917002997003399
21.382,-9.892327672328099
21.387,-9.921498501499043
21.393,-10.019074259074802
21.399,-10.10604395604452
21.405,-10.087862137862608
21.41,-10.012104562105085
21.416,-9.946953046953565
21.421,-9.96513486513533
21.427,-9.96513486513522
21.433,-9.965134865135257
21.439,-10.040892440892746
21.444,-10.106043956044266
21.45,-10.106043956044338
21.455,-10.022710622710981
21.461,-9.957559107559534
21.466,-9.957559107559462
21.472,-9.957559107559462
21.477,-10.033316683317132
21.485,-10.09846819846876
21.491,-10.015134865135403
21.497,-9.931801531802082
21.502,-9.949983349983992
21.508,-9.949983349983883
21.515,-9.949983349983993
21.521,-9.968165168165866
21.526,-10.033316683317313
21.532,-10.109074259074948
21.537,-10.043922743923426
21.543,-9.97877122877176
21.549,-9.97877122877158
21.555,-9.978771228771652
21.56,-9.978771228771544
21.566,-9.96058941058967
21.571,-10.043922743923027
21.577,-10.054528804529141
21.582,-9.97877122877147
21.588,-9.960589410589522
21.594,-9.960589410589597
21.6,-9.960589410589634
21.606,-9.942407592407905
21.611,-10.00755910755946
21.617,-10.083316683316985
21.622,-10.048934398934573
21.628,-10.031401931402174
21.634,-10.049583749584048
21.64,-10.049583749583904
21.646,-9.973826173826234
21.651,-9.913253413253512
21.657,-9.993290043290214
21.662,-10.044155844155934
21.668,-10.044155844155862
21.674,-10.025974025973952
21.679,-9.9502164502165
21.685,-9.885064935065019
21.69,-9.903246753246929
21.696,-9.954112554112687
21.701,-10.004978354978556
21.707,-10.00497835497859
21.713,-10.0049783549787
21.719,-10.004978354978627
21.724,-9.929220779221138
21.73,-9.864069264069691
21.736,-9.882251082251312
21.741,-9.976190476190636
21.747,-10.041341991342119
21.753,-10.023160173160388
21.759,-10.023160173160242
21.764,-9.947402597402537
21.77,-9.864069264069178
21.775,-9.88225108225109
21.781,-9.900432900432893
21.786,-9.965584415584265
21.792,-10.030735930735785
21.797,-10.030735930735785
21.804,-10.030735930735785
21.809,-9.965584415584267
21.815,-9.889826839826672
21.821,-9.87164502164483
21.826,-9.936796536796498
21.832,nan
21.837,nan
21.844,nan
21.849,nan
21.855,nan
21.86,nan
21.866,nan
21.871,nan
21.877,nan
21.882,nan
21.888,nan
21.894,nan
21.9,nan
21.905,nan
21.911,nan
21.917,nan
21.922,nan
21.928,nan
21.934,nan
21.94,nan
21.945,nan
21.951,nan
21.956,nan
21.962,nan
21.968,nan
21.974,nan
21.979,nan
