time,value
1.4e-05,8000,
0.007794,4800,
0.0135,2880,
0.018967,1728,
0.024696,1036.8,
0.030193,622.08,
0.035672,373.25,
0.04276,223.96,
0.048845,134.39,
0.054655,80.658,
0.0602,48.435,
0.066051,29.222,
0.072805,17.664,
0.078466,10.78,
0.083896,6.7091,
0.08971,4.3361,
0.095198,2.9862,
0.10086,2.2666,
0.10752,2.6124,
0.11296,2.3664,
0.1186,2.3463,
0.12402,2.471,
0.12976,2.6966,
0.1352,2.9858,
0.14061,3.3265,
0.14603,5.5744,
0.15257,5.3985,
0.15803,5.4699,
0.16359,5.6855,
0.16901,5.9772,
0.17494,6.3146,
0.18055,6.6678,
0.18598,10.176,
0.19266,9.3803,
0.19851,9.0156,
0.20394,8.9,
0.20966,8.9203,
0.21521,9.0143,
0.22076,9.1421,
0.22694,13.132,
0.23257,11.771,
0.238,10.988,
0.24363,10.546,
0.24919,10.295,
0.25497,10.164,
0.26062,10.088,
0.26605,14.047,
0.27266,12.428,
0.27873,11.455,
0.28417,10.874,
0.28976,10.524,
0.2952,10.315,
0.30075,10.189,
0.30694,14.112,
0.31257,12.468,
0.31804,11.481,
0.32362,10.889,
0.32904,10.535,
0.33495,10.318,
0.34064,10.193,
0.34701,14.116,
0.35267,12.466,
0.35857,11.482,
0.364,10.888,
0.36975,10.532,
0.3752,10.321,
0.38061,10.193,
0.38602,14.115,
0.39255,12.468,
0.3982,11.483,
0.40362,10.888,
0.40906,10.533,
0.41494,10.318,
0.42064,10.194,
0.42722,14.116,
0.43267,12.467,
0.43858,11.483,
0.44401,10.89,
0.44976,10.533,
0.4552,10.319,
0.46076,10.192,
0.46695,14.116,
0.47258,12.47,
0.47801,11.48,
0.48367,10.889,
0.48941,10.535,
0.49519,10.318,
0.50074,10.192,
0.50699,14.115,
0.51267,12.468,
0.5182,11.482,
0.52362,10.89,
0.52927,10.535,
0.53495,10.319,
0.54062,10.193,
0.54604,14.115,
0.55258,12.469,
0.55805,11.481,
0.56362,10.889,
0.56905,10.531,
0.57496,10.32,
0.58068,10.192,
0.58698,14.117,
0.59266,12.47,
0.59855,11.481,
0.60399,10.889,
0.60966,10.534,
0.61522,10.321,
0.62078,10.192,
0.62695,14.115,
0.63258,12.469,
0.63804,11.48,
0.64362,10.889,
0.64905,10.536,
0.65495,10.32,
0.66066,10.191,
0.66699,14.116,
0.67266,12.468,
0.67819,11.482,
0.68362,10.889,
0.68927,10.532,
0.69496,10.322,
0.70066,10.191,
0.70697,14.116,
0.71258,12.469,
0.71804,11.481,
0.72362,10.889,
0.72903,10.534,
0.73456,10.318,
0.73999,10.194,
0.74565,10.115,
0.75192,14.069,
0.75761,12.44,
0.76304,11.466,
0.76892,10.879,
0.77489,10.527,
0.78084,10.315,
0.78756,14.189,
0.79302,12.515,
0.79886,11.508,
0.80455,10.906,
0.81002,10.543,
0.81567,10.327,
0.82202,14.194,
0.82768,12.519,
0.83332,11.51,
0.83905,10.907,
0.84481,10.544,
0.85047,10.327,
0.85591,14.195,
0.86289,12.518,
0.86865,11.511,
0.8742,10.905,
0.87984,10.544,
0.88544,10.327,
0.89097,14.195,
0.89766,12.517,
0.90319,11.512,
0.90861,10.907,
0.91404,10.544,
0.91968,10.327,
0.92518,10.196,
0.93058,10.115,
0.936,14.071,
0.94259,12.442,
0.94802,11.465,
0.95367,10.878,
0.95923,10.528,
0.96466,10.318,
0.97022,10.189,
0.97576,10.114,
0.98191,14.069,
0.98757,12.443,
0.993,11.462,
0.9986,10.879,
1.004,10.526,
1.0098,10.315,
1.0152,10.192,
1.0208,10.114,
1.0269,14.068,
1.0326,12.443,
1.038,11.463,
1.0436,10.88,
1.049,10.526,
1.0548,10.318,
1.0602,10.188,
1.0657,10.113,
1.0719,14.07,
1.0776,12.442,
1.083,11.463,
1.0887,10.879,
1.0945,10.526,
1.0999,10.317,
1.1057,10.189,
1.1119,14.116,
1.1175,12.468,
1.1229,11.482,
1.1286,10.889,
1.134,10.532,
1.1397,10.32,
1.1452,10.191,
1.152,14.117,
1.1576,12.469,
1.163,11.482,
1.1687,10.889,
1.1745,10.534,
1.18,10.318,
1.1857,10.191,
1.1919,14.113,
1.1975,12.47,
1.203,11.482,
1.2086,10.889,
1.214,10.532,
1.2196,10.319,
1.2252,10.191,
1.231,14.116,
1.2376,12.469,
1.243,11.483,
1.2487,10.889,
1.2543,10.533,
1.2597,9.5208,
1.2652,9.7121,
1.271,13.827,
1.2776,12.295,
1.283,11.378,
1.2887,10.829,
1.2943,10.495,
1.2997,10.296,
1.3052,10.179,
1.311,14.106,
1.3176,12.466,
1.323,11.479,
1.3287,10.886,
1.3343,10.533,
1.3397,10.32,
1.3452,10.191,
1.351,14.113,
1.3576,12.47,
1.363,11.482,
1.3687,10.887,
1.3742,10.532,
1.3797,10.322,
1.3852,10.193,
1.391,14.116,
1.3976,12.469,
1.403,11.481,
1.4088,10.887,
1.4143,10.535,
1.4198,10.321,
1.4252,10.191,
1.431,14.115,
1.4376,12.468,
1.443,11.482,
1.4487,10.889,
1.4542,10.533,
1.4596,10.321,
1.4652,10.19,
1.471,14.115,
1.4776,12.471,
1.483,11.481,
1.4888,10.888,
1.4944,10.534,
1.4998,10.319,
1.5054,10.192,
1.512,14.117,
1.5176,12.47,
1.523,11.482,
1.5286,10.889,
1.534,10.533,
1.5396,10.319,
1.5452,10.192,
1.5506,10.115,
1.556,14.069,
1.5626,12.442,
1.568,11.465,
1.5736,10.879,
1.579,10.528,
1.5848,10.318,
1.5905,10.189,
1.597,14.113,
1.6027,12.468,
1.6083,11.481,
1.6137,10.89,
1.6192,10.532,
1.6248,10.318,
1.6307,10.192,
1.637,14.114,
1.6427,12.471,
1.6482,11.48,
1.6542,10.89,
1.6598,10.532,
1.6657,10.321,
1.6725,14.193,
1.678,12.516,
1.6836,11.508,
1.6892,10.904,
1.695,10.545,
1.7006,10.326,
1.706,14.195,
1.7127,12.516,
1.7182,11.513,
1.7236,10.907,
1.729,10.543,
1.7349,10.328,
1.7405,10.197,
1.7459,14.115,
1.7525,12.471,
1.7579,11.483,
1.7636,10.888,
1.769,10.535,
1.7749,10.32,
1.7805,10.19,
1.7872,14.117,
1.7928,12.468,
1.7985,11.481,
1.8039,10.89,
1.8097,10.533,
1.8152,10.32,
1.8208,10.192,
1.8269,14.116,
1.8326,12.468,
1.8382,11.481,
1.8436,10.889,
1.849,10.533,
1.8549,10.321,
1.8605,10.192,
1.866,14.114,
1.8727,12.468,
1.8782,11.483,
1.8836,10.889,
1.8893,10.532,
1.8949,10.319,
1.9005,10.193,
1.9059,14.115,
1.9125,12.469,
1.918,11.479,
1.9236,10.889,
1.929,10.533,
1.9349,10.32,
1.9405,10.193,
1.946,14.114,
1.9527,12.472,
1.9582,11.482,
1.9636,10.889,
1.969,10.533,
1.9749,10.321,
1.9805,10.192,
1.9859,10.114,
1.9925,14.069,
1.9979,12.441,
2.0036,11.466,
2.009,10.877,
2.0149,10.528,
2.0205,10.316,
2.026,14.192,
2.0327,12.513,
2.0382,11.509,
2.0436,10.905,
2.0492,10.542,
2.055,10.327,
2.0607,10.195,
2.067,14.117,
2.0726,12.471,
2.078,11.482,
2.0837,10.89,
2.0892,10.533,
2.095,10.32,
2.1007,10.191,
2.107,14.116,
2.1127,12.47,
2.1184,11.481,
2.1238,10.889,
2.1293,10.532,
2.1352,10.322,
2.1407,10.194,
2.1469,14.115,
2.1526,12.469,
2.158,11.479,
2.1636,10.889,
2.169,10.533,
2.1749,10.32,
2.1805,10.191,
2.186,14.117,
2.1927,12.468,
2.1982,11.48,
2.2037,10.888,
2.2093,10.533,
2.215,10.321,
2.2207,10.194,
2.227,14.115,
2.2326,12.467,
2.238,11.483,
2.2436,10.887,
2.249,10.534,
2.2549,10.32,
2.2605,10.19,
2.266,14.116,
2.2727,12.469,
2.2785,11.481,
2.2839,10.889,
2.2897,10.534,
2.2952,10.321,
2.3008,10.192,
2.3069,14.115,
2.3126,12.469,
2.318,11.48,
2.3236,10.891,
2.329,10.535,
2.3349,10.32,
2.3406,10.193,
2.346,14.113,
2.3527,12.47,
2.3586,11.481,
2.364,10.888,
2.3697,10.532,
2.3752,10.319,
2.3807,10.193,
2.387,14.117,
2.3929,12.47,
2.3988,11.482,
2.4045,10.889,
2.4099,10.533,
2.4156,10.319,
2.4222,14.193,
2.4277,12.515,
2.4332,11.51,
2.439,10.906,
2.4447,10.544,
2.4502,10.325,
2.4557,10.195,
2.462,14.117,
2.4677,12.469,
2.4732,11.482,
2.479,10.889,
2.4846,10.536,
2.49,10.321,
2.4957,10.192,
2.5022,14.114,
2.5077,12.469,
2.5132,11.483,
2.5192,10.89,
2.5248,10.534,
2.5302,10.317,
2.5357,10.193,
2.542,14.115,
2.5477,12.469,
2.5532,11.48,
2.5592,10.89,
2.5648,10.534,
2.5705,10.32,
2.5759,14.193,
2.5826,12.516,
2.5882,11.509,
2.5938,10.905,
2.5995,10.546,
2.605,10.325,
2.6107,10.195,
2.6173,14.118,
2.623,12.47,
2.6288,11.481,
2.6342,10.888,
2.6398,10.534,
2.6482,14.322,
2.6537,12.593,
2.6592,11.555,
2.6648,10.934,
2.6704,10.559,
2.676,14.336,
2.6826,12.599,
2.6882,11.562,
2.6943,10.938,
2.6997,10.563,
2.7052,10.335,
2.711,14.203,
2.7176,12.523,
2.723,11.512,
2.7287,10.908,
2.7342,10.546,
2.7396,10.325,
2.7452,10.197,
2.7506,10.116,
2.756,14.068,
2.7626,12.443,
2.768,11.467,
2.7736,10.878,
2.779,10.529,
2.7847,10.317,
2.7906,10.189,
2.796,14.115,
2.8026,12.466,
2.808,11.482,
2.8136,10.888,
2.819,10.533,
2.8247,10.322,
2.8302,10.191,
2.8356,10.116,
2.842,14.07,
2.8476,12.443,
2.853,11.464,
2.8587,10.878,
2.8643,10.527,
2.87,10.315,
2.8756,10.19,
2.881,14.115,
2.8875,12.469,
2.893,11.48,
2.8986,10.889,
2.904,10.534,
2.9097,10.319,
2.9152,10.191,
2.9207,10.114,
2.9269,14.068,
2.9325,12.441,
2.938,11.466,
2.9436,10.879,
2.949,10.526,
2.9547,10.318,
2.9602,10.19,
2.966,14.112,
2.9726,12.469,
2.978,11.481,
2.9836,10.888,
2.9892,10.534,
2.9947,10.321,
3.0002,10.191,
3.0057,10.115,
3.0119,14.07,
3.0177,12.441,
3.0232,11.465,
3.0286,10.878,
3.034,10.526,
3.0397,10.306,
3.0452,10.165,
3.0506,10.063,
3.057,13.88,
3.0626,12.177,
3.068,11.086,
3.0737,10.351,
3.0793,9.8005,
3.0847,9.3495,
3.0902,8.93,
3.0957,8.5196,
3.1019,10.859,
3.1076,9.0605,
3.1207,9.7771,
3.1275,9.0621,
3.1338,6.5627,
3.1392,4.7189,
3.1448,3.2622,
3.1502,2.0281,
3.1557,0.92392,
3.162,-1.0851,
3.1676,-1.9731,
3.1732,-2.8208,
3.1786,-3.6236,
3.184,-4.3775,
3.19,-5.0826,
3.1957,-5.7351,
3.202,-9.4323,
3.2076,-8.9235,
3.213,-8.7672,
3.2186,-8.804,
3.2242,-8.9421,
3.2297,-9.1189,
3.2352,-9.297,
3.2407,-9.4588,
3.247,-13.562,
3.2526,-12.114,
3.2582,-11.257,
3.2637,-10.749,
3.2692,-10.447,
3.2747,-10.266,
3.2802,-10.162,
3.2856,-10.096,
3.291,-14.057,
3.2977,-12.436,
3.3032,-11.46,
3.3087,-10.878,
3.3142,-10.526,
3.3197,-10.314,
3.3252,-10.188,
3.3307,-10.115,
3.337,-14.068,
3.3428,-12.44,
3.3485,-11.464,
3.3539,-10.88,
3.3596,-10.527,
3.3652,-10.316,
3.3706,-10.19,
3.3772,-14.115,
3.3829,-12.468,
3.3885,-11.48,
3.394,-10.888,
3.3996,-10.535,
3.405,-10.32,
3.4107,-10.192,
3.4172,-14.115,
3.423,-12.469,
3.4288,-11.482,
3.4342,-10.889,
3.4397,-10.531,
3.4452,-10.321,
3.4507,-10.193,
3.4577,-14.115,
3.4632,-12.468,
3.4688,-11.482,
3.4745,-10.889,
3.4802,-10.533,
3.4857,-10.32,
3.492,-14.192,
3.4978,-12.515,
3.5034,-11.509,
3.5089,-10.906,
3.5146,-10.544,
3.5202,-10.326,
3.527,-14.195,
3.5327,-12.517,
3.5382,-11.51,
3.5438,-10.907,
3.5492,-10.543,
3.5548,-10.327,
3.5605,-10.196,
3.5672,-14.117,
3.5727,-12.472,
3.5782,-11.481,
3.5838,-10.889,
3.5895,-10.534,
3.5949,-10.32,
3.6009,-14.192,
3.6077,-12.517,
3.6132,-11.511,
3.6187,-10.904,
3.6242,-10.543,
3.6298,-10.324,
3.6354,-10.195,
3.6409,-10.117,
3.6476,-14.07,
3.6532,-12.444,
3.6588,-11.464,
3.6644,-10.879,
3.6733,-14.528,
3.6792,-12.717,
3.6846,-11.629,
3.6902,-10.978,
3.6957,-10.587,
3.7022,-14.353,
3.7076,-12.611,
3.7133,-11.568,
3.7189,-10.938,
3.7246,-10.566,
3.7302,-10.338,
3.7356,-10.203,
3.741,-14.123,
3.7476,-12.471,
3.753,-11.485,
3.7589,-10.891,
3.7645,-10.534,
3.77,-10.321,
3.7756,-10.192,
3.781,-14.114,
3.7876,-12.47,
3.793,-11.482,
3.7989,-10.889,
3.8045,-10.533,
3.8099,-10.32,
3.8155,-10.192,
3.821,-14.115,
3.8276,-12.471,
3.833,-11.481,
3.8389,-10.889,
3.8445,-10.532,
3.8499,-10.32,
3.8556,-10.193,
3.861,-14.117,
3.8676,-12.468,
3.873,-11.483,
3.8789,-10.889,
3.8845,-10.534,
3.8899,-10.318,
3.8955,-10.19,
3.9009,-14.116,
3.9076,-12.469,
3.913,-11.482,
3.919,-10.889,
3.9247,-10.533,
3.9302,-10.32,
3.9356,-10.192,
3.941,-14.115,
3.9476,-12.469,
3.953,-11.483,
3.9589,-10.888,
3.9645,-10.534,
3.9699,-10.319,
3.9755,-10.192,
3.981,-14.117,
3.9876,-12.47,
3.993,-11.481,
3.9989,-10.888,
4.0046,-10.534,
4.01,-10.32,
4.0156,-10.191,
4.021,-14.114,
4.0276,-12.468,
4.033,-11.482,
4.0389,-10.889,
4.0446,-10.536,
4.0502,-10.319,
4.0556,-10.193,
4.061,-14.115,
4.0676,-12.467,
4.073,-11.483,
4.0789,-10.889,
4.0846,-10.534,
4.0902,-10.321,
4.0956,-10.192,
4.101,-14.115,
4.1076,-12.468,
4.113,-11.481,
4.1189,-10.891,
4.1245,-10.531,
4.1299,-10.318,
4.1356,-10.194,
4.141,-14.115,
4.1476,-12.469,
4.1538,-11.481,
4.1595,-10.889,
4.1649,-10.533,
4.1705,-10.321,
4.177,-14.194,
4.1826,-12.514,
4.1882,-11.509,
4.1938,-10.906,
4.1992,-10.543,
4.2048,-10.326,
4.2102,-10.196,
4.2156,-10.117,
4.221,-14.069,
4.2276,-12.441,
4.2332,-11.466,
4.2389,-10.877,
4.2446,-10.53,
4.2502,-10.317,
4.2557,-10.19,
4.2628,-14.112,
4.2683,-12.469,
4.2738,-11.48,
4.2792,-10.888,
4.2848,-10.535,
4.2902,-10.321,
4.2956,-10.19,
4.301,-14.115,
4.3076,-12.471,
4.3132,-11.482,
4.319,-10.889,
4.3245,-10.534,
4.3299,-10.319,
4.3356,-10.193,
4.341,-14.115,
4.3476,-12.468,
4.3532,-11.482,
4.3589,-10.889,
4.3646,-10.533,
4.37,-10.32,
4.3756,-10.191,
4.381,-14.117,
4.3876,-12.468,
4.3932,-11.481,
4.399,-10.891,
4.4048,-10.532,
4.4105,-10.319,
4.416,-14.191,
4.4228,-12.516,
4.4284,-11.51,
4.4339,-10.905,
4.4395,-10.543,
4.445,-10.326,
4.4506,-10.195,
4.4572,-14.118,
4.4629,-12.472,
4.4687,-11.482,
4.4742,-10.89,
4.4795,-10.535,
4.485,-10.32,
4.4907,-10.192,
4.4972,-14.115,
4.5029,-12.469,
4.5087,-11.483,
4.5142,-10.888,
4.5197,-10.533,
4.5252,-10.318,
4.5307,-10.193,
4.5372,-14.116,
4.5429,-12.467,
4.5487,-11.482,
4.5542,-10.89,
4.5597,-10.533,
4.5652,-10.319,
4.5707,-10.191,
4.5778,-14.116,
4.5835,-12.471,
4.589,-11.481,
4.5947,-10.89,
4.6003,-10.532,
4.6058,-10.321,
4.6123,-14.191,
4.6178,-12.517,
4.6236,-11.508,
4.629,-10.907,
4.6348,-10.543,
4.6402,-10.325,
4.6472,-14.196,
4.6527,-12.517,
4.6582,-11.508,
4.6638,-10.907,
4.6694,-10.542,
4.6749,-10.328,
4.6807,-10.195,
4.6872,-14.118,
4.6927,-12.471,
4.6982,-11.484,
4.7038,-10.888,
4.7094,-10.535,
4.7149,-10.32,
4.7209,-14.193,
4.7277,-12.513,
4.7332,-11.508,
4.7386,-10.905,
4.7442,-10.543,
4.7498,-10.328,
4.7555,-10.196,
4.7609,-14.116,
4.7676,-12.472,
4.7732,-11.481,
4.7788,-10.889,
4.7842,-10.534,
4.7902,-10.321,
4.7957,-10.191,
4.8025,-14.115,
4.808,-12.468,
4.8137,-11.481,
4.8192,-10.892,
4.8248,-10.533,
4.8304,-10.32,
4.836,-14.191,
4.8426,-12.517,
4.8482,-11.51,
4.8542,-10.905,
4.8598,-10.542,
4.8652,-10.327,
4.871,-14.195,
4.8777,-12.518,
4.8832,-11.509,
4.8888,-10.904,
4.8944,-10.545,
4.8999,-10.326,
4.9058,-10.195,
4.9127,-14.118,
4.9182,-12.472,
4.9238,-11.48,
4.9297,-10.891,
4.9355,-10.532,
4.9422,-14.32,
4.9477,-12.593,
4.9532,-11.557,
4.9592,-10.934,
4.9648,-10.56,
4.9704,-10.335,
4.9759,-10.202,
4.9832,-14.119,
4.9888,-12.472,
4.9945,-11.484,
5.0002,-10.889,
5.0057,-10.534,
5.012,-14.322,
5.0178,-12.593,
5.0235,-11.554,
5.029,-10.933,
5.0347,-10.56,
5.0402,-10.336,
5.046,-14.201,
5.0526,-12.519,
5.0582,-11.514,
5.0638,-10.907,
5.0695,-10.546,
5.0749,-10.327,
5.0806,-10.197,
5.0872,-14.116,
5.0927,-12.471,
5.0982,-11.483,
5.1038,-10.89,
5.1092,-10.534,
5.1148,-10.321,
5.1208,-10.19,
5.1275,-14.116,
5.133,-12.468,
5.1387,-11.482,
5.1442,-10.888,
5.1496,-10.532,
5.155,-10.321,
5.1606,-10.193,
5.166,-14.114,
5.1727,-12.469,
5.1782,-11.482,
5.1838,-10.891,
5.1894,-10.534,
5.1949,-10.321,
5.2009,-14.19,
5.2077,-12.516,
5.2132,-11.508,
5.2186,-10.906,
5.2242,-10.541,
5.2297,-10.325,
5.2352,-10.196,
5.2407,-10.117,
5.2472,-14.071,
5.2527,-12.443,
5.2582,-11.463,
5.2638,-10.88,
5.2692,-10.528,
5.2748,-10.316,
5.2808,-10.191,
5.2875,-14.114,
5.293,-12.467,
5.2987,-11.48,
5.3042,-10.889,
5.3096,-10.533,
5.3152,-10.32,
5.3207,-10.193,
5.3272,-14.116,
5.3327,-12.469,
5.3382,-11.482,
5.3438,-10.888,
5.3494,-10.533,
5.3549,-10.321,
5.3607,-10.192,
5.3674,-14.115,
5.3729,-12.47,
5.3786,-11.48,
5.384,-10.888,
5.3896,-10.533,
5.395,-10.322,
5.4006,-10.191,
5.4072,-14.115,
5.4127,-12.47,
5.4182,-11.482,
5.4238,-10.888,
5.4294,-10.532,
5.4348,-10.319,
5.4408,-10.193,
5.4472,-14.117,
5.4527,-12.469,
5.4582,-11.48,
5.4638,-10.89,
5.4695,-10.534,
5.4748,-10.32,
5.4805,-10.19,
5.4872,-14.114,
5.4927,-12.471,
5.4982,-11.482,
5.5038,-10.889,
5.5095,-10.533,
5.515,-10.321,
5.5208,-10.191,
5.5276,-14.116,
5.5332,-12.468,
5.5388,-11.481,
5.5448,-10.89,
5.5502,-10.533,
5.5557,-10.318,
5.5626,-14.19,
5.5682,-12.517,
5.5742,-11.509,
5.5796,-10.905,
5.5852,-10.546,
5.591,-14.326,
5.5977,-12.593,
5.6032,-11.559,
5.6088,-10.934,
5.6145,-10.562,
5.6199,-10.338,
5.6258,-10.2,
5.6328,-14.122,
5.6384,-12.474,
5.6439,-11.485,
5.65,-10.889,
5.6557,-10.534,
5.6622,-14.32,
5.6677,-12.592,
5.6732,-11.556,
5.6792,-10.932,
5.6846,-10.56,
5.6902,-10.337,
5.6956,-10.203,
5.701,-14.119,
5.7077,-12.474,
5.7132,-11.483,
5.7204,-10.89,
5.7259,-10.536,
5.7326,-14.319,
5.7382,-12.592,
5.7438,-11.556,
5.7495,-10.933,
5.7549,-10.558,
5.7607,-10.335,
5.7674,-14.203,
5.7729,-12.521,
5.7786,-11.51,
5.784,-10.908,
5.7896,-10.545,
5.795,-10.327,
5.8008,-10.197,
5.8077,-14.119,
5.8132,-12.472,
5.8187,-11.481,
5.8241,-10.888,
5.8299,-10.535,
5.8355,-10.321,
5.8419,-14.191,
5.8476,-12.514,
5.853,-11.508,
5.8587,-10.908,
5.8642,-10.544,
5.8697,-10.326,
5.8752,-10.194,
5.8806,-10.118,
5.8872,-14.07,
5.8927,-12.442,
5.8982,-11.466,
5.9037,-10.88,
5.9091,-10.527,
5.9147,-10.317,
5.9202,-10.19,
5.9256,-10.114,
5.931,-14.068,
5.9377,-12.442,
5.9434,-11.464,
5.9488,-10.879,
5.9545,-10.527,
5.9599,-10.317,
5.9656,-10.187,
5.9722,-14.114,
5.9777,-12.469,
5.9834,-11.482,
5.9888,-10.888,
5.9944,-10.534,
6,-10.319,
6.006,-14.192,
6.0126,-12.515,
6.0182,-11.508,
6.0237,-10.906,
6.0292,-10.542,
6.0347,-10.325,
6.0401,-10.192,
6.0456,-10.106,
6.051,-14.011,
6.0577,-12.345,
6.0634,-11.309,
6.0688,-10.635,
6.0744,-10.162,
6.0798,-9.795,
6.0854,-9.4677,
6.0909,-9.1468,
6.0977,-11.971,
6.1032,-10.156,
6.1087,-8.8667,
6.1142,-7.8682,
6.1197,-7.0226,
6.1259,-6.2533,
6.1325,-6.9588,
6.1379,-5.3075,
6.1436,-3.984,
6.1492,-2.8457,
6.1547,-1.8094,
6.1601,-0.8366,
6.1656,0.095572,
6.171,2.2619,
6.1777,2.938,
6.1832,3.6378,
6.1887,4.3329,
6.1942,5.0058,
6.1997,5.6451,
6.2052,6.2465,
6.2106,6.8003,
6.2162,10.696,
6.2226,9.9414,
6.2282,9.6007,
6.2338,9.4952,
6.2392,9.5112,
6.2447,9.58,
6.2502,9.6665,
6.2556,9.7525,
6.261,13.81,
6.2676,12.281,
6.273,11.367,
6.2789,10.818,
6.2846,10.493,
6.2902,10.296,
6.2956,10.176,
6.302,14.105,
6.3076,12.462,
6.3132,11.477,
6.319,10.888,
6.3245,10.534,
6.3299,10.319,
6.3355,10.193,
6.341,14.114,
6.3476,12.469,
6.3532,11.481,
6.359,10.888,
6.3646,10.531,
6.3702,10.32,
6.3756,10.193,
6.3822,14.116,
6.3876,12.469,
6.3932,11.483,
6.399,10.887,
6.4045,10.531,
6.4107,10.321,
6.4162,14.192,
6.4226,12.516,
6.4282,11.508,
6.4338,10.907,
6.4392,10.542,
6.4448,10.327,
6.4502,10.196,
6.4556,10.117,
6.4612,14.069,
6.4676,12.444,
6.473,11.465,
6.479,10.879,
6.4846,10.526,
6.4902,10.317,
6.4956,10.19,
6.5019,14.112,
6.5076,12.472,
6.513,11.483,
6.519,10.889,
6.5246,10.533,
6.5302,10.32,
6.5357,10.192,
6.5412,14.113,
6.5477,12.468,
6.5532,11.481,
6.5592,10.889,
6.5647,10.533,
6.5704,10.32,
6.5759,10.194,
6.5828,14.114,
6.5886,12.471,
6.5942,11.479,
6.5996,10.888,
6.6052,10.534,
6.6107,10.321,
6.6173,14.191,
6.6232,12.516,
6.6288,11.51,
6.6345,10.907,
6.6402,10.542,
6.6456,10.325,
6.6525,14.194,
6.6579,12.52,
6.6636,11.51,
6.669,10.905,
6.6747,10.544,
6.6804,10.328,
6.6859,14.194,
6.6927,12.516,
6.6982,11.511,
6.7038,10.904,
6.7094,10.545,
6.715,10.327,
6.7208,10.198,
6.7276,14.117,
6.7332,12.469,
6.7387,11.483,
6.7442,10.889,
6.7496,10.533,
6.7552,10.32,
6.7607,10.191,
6.7672,14.116,
6.7727,12.47,
6.7782,11.483,
6.7838,10.889,
6.7894,10.533,
6.795,10.319,
6.8009,14.194,
6.8077,12.515,
6.8133,11.508,
6.8187,10.906,
6.8242,10.543,
6.83,10.327,
6.8356,10.195,
6.8412,14.116,
6.8478,12.472,
6.8532,11.483,
6.8587,10.89,
6.8642,10.533,
6.8696,10.321,
6.875,10.191,
6.8808,10.117,
6.8876,14.069,
6.8932,12.441,
6.8987,11.463,
6.9042,10.879,
6.9098,10.529,
6.9154,10.316,
6.9209,10.189,
6.9278,14.115,
6.9334,12.466,
6.9388,11.482,
6.9446,10.89,
6.9506,10.534,
6.9562,14.322,
6.9627,12.591,
6.9682,11.554,
6.9738,10.933,
6.9794,10.56,
6.9849,10.335,
6.9905,10.201,
6.9973,14.12,
7.0028,12.473,
7.0082,11.485,
7.0142,10.89,
7.0196,10.535,
7.0252,10.32,
7.0308,10.192,
7.0375,14.115,
7.043,12.469,
7.0486,11.48,
7.0542,10.889,
7.0597,10.533,
7.0654,10.32,
7.0728,14.192,
7.0784,12.515,
7.0839,11.509,
7.0899,10.907,
7.0956,10.544,
7.1012,14.324,
7.1077,12.598,
7.1132,11.557,
7.119,10.933,
7.1246,10.561,
7.1304,10.336,
7.1359,10.201,
7.1426,14.122,
7.1482,12.471,
7.1539,11.484,
7.1596,10.89,
7.1652,10.533,
7.1707,10.322,
7.1772,14.193,
7.1829,12.516,
7.1887,11.508,
7.1942,10.905,
7.1996,10.542,
7.2052,10.326,
7.2107,10.195,
7.2178,14.117,
7.2232,12.472,
7.2288,11.483,
7.2345,10.889,
7.2402,10.533,
7.2456,10.32,
7.2525,14.193,
7.2579,12.515,
7.2637,11.512,
7.2692,10.906,
7.2748,10.544,
7.2806,10.325,
7.2877,14.194,
7.2932,12.517,
7.2988,11.513,
7.3044,10.904,
7.31,10.546,
7.3156,10.325,
7.3224,14.195,
7.3279,12.517,
7.3342,11.51,
7.3397,10.906,
7.3454,10.545,
7.3525,14.328,
7.3579,12.594,
7.3637,11.557,
7.3692,10.935,
7.3746,10.56,
7.3802,10.337,
7.3859,10.2,
7.3928,14.121,
7.3986,12.473,
7.4042,11.484,
7.4097,10.889,
7.4152,10.535,
7.4207,10.321,
7.427,14.192,
7.4327,12.515,
7.4383,11.509,
7.4438,10.906,
7.4494,10.543,
7.4555,10.325,
7.4622,14.196,
7.4677,12.518,
7.4731,11.511,
7.479,10.907,
7.4846,10.546,
7.4904,10.325,
7.4958,10.195,
7.5026,14.116,
7.5083,12.471,
7.5138,11.482,
7.5196,10.889,
7.525,10.533,
7.5306,10.321,
7.5374,14.193,
7.5432,12.515,
7.5488,11.51,
7.5544,10.906,
7.5599,10.542,
7.5656,10.327,
7.5712,14.196,
7.5778,12.519,
7.5836,11.511,
7.5892,10.906,
7.5948,10.542,
7.6004,14.326,
7.6077,12.595,
7.6132,11.557,
7.6188,10.935,
7.6245,10.562,
7.63,10.335,
7.6356,10.202,
7.6424,14.12,
7.6479,12.474,
7.6539,11.485,
7.6597,10.89,
7.6652,10.533,
7.6708,10.321,
7.6775,14.191,
7.6829,12.517,
7.6885,11.509,
7.694,10.906,
7.6996,10.543,
7.7052,10.327,
7.7107,10.194,
7.7173,14.117,
7.7228,12.469,
7.7284,11.484,
7.7344,10.889,
7.74,10.534,
7.746,14.32,
7.7527,12.591,
7.7581,11.556,
7.7637,10.932,
7.7694,10.561,
7.7752,10.335,
7.7806,10.201,
7.7872,14.122,
7.793,12.474,
7.799,11.483,
7.8046,10.89,
7.8102,10.536,
7.8157,10.321,
7.8212,14.192,
7.8276,12.515,
7.8332,11.51,
7.839,10.905,
7.8446,10.542,
7.85,10.326,
7.8557,10.195,
7.8612,14.117,
7.8676,12.469,
7.8732,11.483,
7.8789,10.89,
7.8845,10.533,
7.8902,10.322,
7.8956,10.192,
7.901,14.115,
7.9076,12.469,
7.913,11.482,
7.9189,10.887,
7.9246,10.534,
7.9302,10.321,
7.9357,10.191,
7.9411,14.114,
7.9476,12.47,
7.9532,11.483,
7.959,10.888,
7.9646,10.533,
7.97,10.318,
7.9756,10.194,
7.9812,14.115,
7.9876,12.47,
7.993,11.481,
7.9989,10.888,
8.0045,10.533,
8.0099,10.321,
8.0156,10.193,
8.021,14.115,
8.0276,12.469,
8.033,11.482,
8.0389,10.889,
8.0445,10.533,
8.05,10.32,
8.0557,10.19,
8.0612,14.115,
8.0676,12.47,
8.073,11.481,
8.0789,10.889,
8.0846,10.532,
8.0902,10.319,
8.0956,10.193,
8.1012,14.117,
8.1076,12.47,
8.1132,11.482,
8.119,10.889,
8.1246,10.533,
8.1302,10.321,
8.1357,10.193,
8.1411,14.114,
8.1476,12.469,
8.153,11.48,
8.1589,10.89,
8.1646,10.532,
8.1702,10.322,
8.1757,10.189,
8.1811,14.115,
8.1876,12.469,
8.1932,11.481,
8.199,10.887,
8.2046,10.535,
8.21,10.32,
8.2157,10.191,
8.2211,14.114,
8.2276,12.472,
8.233,11.48,
8.2389,10.889,
8.2445,10.532,
8.2502,10.32,
8.2556,10.193,
8.2612,14.115,
8.2676,12.47,
8.273,11.481,
8.2789,10.889,
8.2845,10.534,
8.2902,10.319,
8.2956,10.192,
8.3012,14.116,
8.3076,12.469,
8.313,15.481,
8.3242,13.286,
8.3298,11.974,
8.3355,11.185,
8.341,14.71,
8.3476,12.826,
8.353,11.696,
8.359,11.02,
8.3646,10.61,
8.37,10.368,
8.3756,10.22,
8.381,14.131,
8.3876,12.479,
8.393,11.488,
8.3989,10.894,
8.4047,10.536,
8.4102,10.322,
8.4156,10.192,
8.4212,14.114,
8.4276,12.468,
8.4332,11.482,
8.439,10.89,
8.4446,10.534,
8.4502,10.319,
8.4556,10.192,
8.4612,14.115,
8.4676,12.467,
8.4732,11.482,
8.4792,10.89,
8.4847,10.534,
8.4902,10.319,
8.4956,10.192,
8.5012,14.116,
8.5076,12.469,
8.513,11.482,
8.519,10.889,
8.5247,10.533,
8.5302,10.319,
8.5357,10.194,
8.5412,14.115,
8.5477,12.47,
8.5532,11.479,
8.5592,10.89,
8.5647,10.534,
8.5705,10.319,
8.5759,14.192,
8.5832,12.514,
8.5888,11.508,
8.5945,10.905,
8.6002,10.544,
8.6057,10.326,
8.6125,14.194,
8.618,12.516,
8.6235,11.511,
8.629,10.91,
8.6346,10.544,
8.6404,10.326,
8.6476,14.196,
8.6533,12.517,
8.6588,11.51,
8.6645,10.907,
8.6702,10.544,
8.6757,10.324,
8.6825,14.195,
8.6879,12.518,
8.694,11.51,
8.6996,10.908,
8.7052,10.544,
8.7107,10.323,
8.7173,14.196,
8.7227,12.518,
8.7282,11.508,
8.7338,10.906,
8.7395,10.546,
8.745,10.327,
8.7506,10.197,
8.7562,14.117,
8.7627,12.472,
8.7682,11.479,
8.7745,10.891,
8.78,10.532,
8.7858,14.319,
8.7926,12.594,
8.7982,11.556,
8.8038,10.932,
8.8097,10.56,
8.8155,10.336,
8.8211,14.201,
8.8276,12.521,
8.8332,11.514,
8.839,10.909,
8.8446,10.542,
8.85,10.327,
8.8556,10.195,
8.861,14.118,
8.8676,12.47,
8.873,11.483,
8.8789,10.889,
8.8845,10.532,
8.8902,10.32,
8.8956,10.193,
8.9033,14.115,
8.9087,12.469,
8.9142,11.482,
8.9196,10.889,
8.9252,10.533,
8.9306,10.319,
8.9362,14.192,
8.9426,12.518,
8.9482,11.51,
8.9538,10.906,
8.9595,10.543,
8.9649,10.325,
8.9705,10.194,
8.9759,14.118,
8.983,12.47,
8.9887,11.482,
8.9942,10.89,
8.9997,10.534,
9.0052,10.319,
9.0106,10.192,
9.0162,14.114,
9.0228,12.47,
9.0284,11.48,
9.0338,10.889,
9.0395,10.531,
9.0449,10.315,
9.0505,10.182,
9.0562,14.054,
9.0632,12.373,
9.0687,11.326,
9.0742,10.646,
9.0795,10.168,
9.085,9.7983,
9.0906,9.4691,
9.0961,12.475,
9.1026,10.643,
9.1082,9.3617,
9.1138,8.388,
9.1192,7.5804,
9.1247,6.8481,
9.1302,6.1474,
9.1356,5.4438,
9.1412,5.8322,
9.1476,4.2818,
9.153,3,
9.1589,1.8696,
9.1645,0.82999,
9.1702,-0.14776,
9.1756,-1.0823,
9.1812,-3.6071,
9.1876,-4.0979,
9.193,-4.6609,
9.1989,-5.2526,
9.2046,-5.8383,
9.2102,-6.3997,
9.2156,-6.9319,
9.2212,-10.836,
9.2276,-10.048,
9.2332,-9.6872,
9.239,-9.5648,
9.2446,-9.5658,
9.25,-9.6213,
9.2556,-9.701,
9.261,-13.755,
9.2677,-12.24,
9.2732,-11.338,
9.279,-10.804,
9.2846,-10.48,
9.2901,-10.291,
9.2956,-10.172,
9.3012,-14.103,
9.3076,-12.463,
9.313,-11.474,
9.3189,-10.886,
9.3254,-10.533,
9.3309,-10.318,
9.3377,-14.192,
9.3432,-12.517,
9.3488,-11.508,
9.3544,-10.905,
9.3599,-10.544,
9.3655,-10.326,
9.371,-14.196,
9.3777,-12.516,
9.3834,-11.511,
9.3888,-10.907,
9.3945,-10.544,
9.4,-10.327,
9.4056,-10.197,
9.4111,-14.117,
9.4177,-12.468,
9.4234,-11.484,
9.4288,-10.889,
9.4345,-10.533,
9.4402,-10.321,
9.4456,-10.191,
9.4512,-14.117,
9.4577,-12.468,
9.4634,-11.482,
9.4688,-10.887,
9.4745,-10.532,
9.48,-10.321,
9.4856,-10.191,
9.4912,-14.117,
9.4978,-12.469,
9.5034,-11.481,
9.5088,-10.89,
9.5145,-10.534,
9.52,-10.319,
9.5256,-10.191,
9.5312,-14.115,
9.5379,-12.47,
9.5435,-11.482,
9.549,-10.891,
9.5546,-10.533,
9.5604,-10.32,
9.566,-14.194,
9.5727,-12.514,
9.5782,-11.507,
9.5838,-10.905,
9.5894,-10.545,
9.5958,-10.326,
9.6027,-14.194,
9.6082,-12.519,
9.6138,-11.509,
9.6195,-10.906,
9.625,-10.543,
9.6306,-10.327,
9.6362,-14.197,
9.6426,-12.515,
9.6481,-11.509,
9.654,-10.906,
9.6596,-10.544,
9.665,-10.327,
9.6706,-10.195,
9.676,-14.119,
9.6826,-12.47,
9.6882,-11.482,
9.6937,-10.89,
9.6991,-10.534,
9.7045,-10.32,
9.7099,-10.191,
9.7156,-10.117,
9.721,-14.07,
9.7277,-12.442,
9.7332,-11.465,
9.7387,-10.878,
9.7441,-10.527,
9.7495,-10.317,
9.7549,-10.19,
9.7608,-10.113,
9.7662,-14.068,
9.7726,-12.442,
9.7782,-11.464,
9.7836,-10.879,
9.7891,-10.526,
9.7946,-10.319,
9.8,-10.189,
9.8056,-10.116,
9.8111,-14.068,
9.8177,-12.439,
9.8234,-11.463,
9.8288,-10.878,
9.8345,-10.527,
9.8402,-10.319,
9.8456,-10.188,
9.8512,-14.115,
9.8577,-12.469,
9.8634,-11.479,
9.8688,-10.888,
9.8745,-10.534,
9.8802,-10.32,
9.8856,-10.191,
9.8912,-14.113,
9.8977,-12.471,
9.9034,-11.482,
9.909,-10.89,
9.9146,-10.534,
9.9202,-10.318,
9.9256,-10.193,
9.9312,-14.116,
9.9377,-12.468,
9.9434,-11.482,
9.949,-10.89,
9.9546,-10.532,
9.96,-10.318,
9.9656,-10.191,
9.9711,-14.115,
9.9777,-12.471,
9.9834,-11.481,
9.9889,-10.887,
9.9945,-10.533,
9.9999,-10.32,
10.006,-10.194,
10.011,-14.114,
10.018,-12.471,
10.023,-11.482,
10.029,-10.886,
10.035,-10.535,
10.04,-10.321,
10.046,-10.193,
10.051,-14.112,
10.058,-12.469,
10.063,-11.481,
10.069,-10.89,
10.075,-10.534,
10.08,-10.32,
10.086,-10.192,
10.091,-14.115,
10.098,-12.469,
10.103,-11.482,
10.109,-10.888,
10.115,-10.533,
10.12,-10.321,
10.126,-10.192,
10.131,-14.115,
10.138,-12.47,
10.144,-11.48,
10.149,-10.889,
10.155,-10.532,
10.16,-10.321,
10.166,-10.19,
10.171,-14.114,
10.178,-12.471,
10.183,-11.483,
10.189,-10.889,
10.195,-10.533,
10.2,-10.318,
10.206,-10.19,
10.211,-14.117,
10.218,-12.471,
10.224,-11.481,
10.229,-10.889,
10.235,-10.534,
10.24,-10.319,
10.246,-10.193,
10.251,-14.114,
10.258,-12.471,
10.263,-11.482,
10.269,-10.887,
10.275,-10.533,
10.28,-10.319,
10.286,-10.192,
10.291,-14.117,
10.298,-12.47,
10.303,-11.483,
10.309,-10.89,
10.315,-10.532,
10.32,-10.318,
10.326,-10.193,
10.331,-14.116,
10.338,-12.468,
10.344,-11.482,
10.349,-10.888,
10.355,-10.533,
10.361,-10.318,
10.366,-14.191,
10.373,-12.516,
10.378,-11.511,
10.384,-10.905,
10.39,-10.545,
10.395,-10.325,
10.401,-10.195,
10.408,-14.117,
10.413,-12.471,
10.419,-11.482,
10.425,-10.89,
10.43,-10.535,
10.436,-10.32,
10.441,-14.192,
10.448,-12.515,
10.453,-11.509,
10.459,-10.905,
10.465,-10.542,
10.471,-10.325,
10.477,-14.197,
10.483,-12.518,
10.488,-11.51,
10.494,-10.907,
10.5,-10.543,
10.505,-10.326,
10.511,-10.195,
10.517,-14.117,
10.523,-12.471,
10.529,-11.481,
10.535,-10.891,
10.54,-10.535,
10.546,-14.318,
10.553,-12.591,
10.558,-11.556,
10.564,-10.933,
10.569,-10.56,
10.575,-10.336,
10.581,-14.202,
10.588,-12.521,
10.593,-11.514,
10.599,-10.907,
10.605,-10.545,
10.61,-10.328,
10.616,-10.195,
10.623,-14.116,
10.629,-12.471,
10.634,-11.482,
10.64,-10.89,
10.646,-10.533,
10.651,-14.32,
10.658,-12.592,
10.663,-11.556,
10.669,-10.933,
10.675,-10.56,
10.68,-10.337,
10.686,-10.201,
10.691,-14.122,
10.698,-12.471,
10.704,-11.482,
10.709,-10.891,
10.715,-10.535,
10.72,-10.32,
10.726,-10.193,
10.732,-14.115,
10.738,-12.47,
10.743,-11.481,
10.749,-10.887,
10.755,-10.534,
10.76,-10.319,
10.766,-10.192,
10.771,-14.115,
10.778,-12.469,
10.784,-11.483,
10.789,-10.889,
10.795,-10.532,
10.8,-10.32,
10.806,-10.193,
10.811,-14.114,
10.818,-12.468,
10.823,-11.484,
10.829,-10.889,
10.835,-10.534,
10.841,-10.319,
10.846,-14.194,
10.853,-12.516,
10.858,-11.508,
10.864,-10.904,
10.869,-10.543,
10.875,-10.326,
10.88,-10.195,
10.886,-10.115,
10.892,-14.072,
10.898,-12.444,
10.903,-11.465,
10.909,-10.878,
10.915,-10.529,
10.92,-10.316,
10.926,-10.192,
10.931,-14.113,
10.938,-12.469,
10.943,-11.48,
10.949,-10.889,
10.955,-10.533,
10.96,-10.319,
10.966,-10.193,
10.972,-14.115,
10.978,-12.468,
10.984,-11.48,
10.989,-10.889,
10.995,-10.534,
11,-10.32,
11.006,-10.193,
11.011,-14.116,
11.018,-12.469,
11.023,-11.479,
11.029,-10.889,
11.035,-10.535,
11.04,-10.318,
11.046,-10.191,
11.051,-14.117,
11.058,-12.47,
11.063,-11.482,
11.069,-10.89,
11.075,-10.532,
11.08,-10.321,
11.086,-10.192,
11.091,-10.114,
11.098,-14.07,
11.103,-12.442,
11.109,-11.464,
11.114,-10.88,
11.12,-10.527,
11.125,-10.318,
11.131,-10.189,
11.136,-14.113,
11.143,-12.469,
11.149,-11.481,
11.154,-10.889,
11.16,-10.532,
11.165,-10.321,
11.171,-10.191,
11.176,-14.116,
11.183,-12.469,
11.189,-11.481,
11.194,-10.89,
11.2,-10.533,
11.205,-10.319,
11.211,-10.194,
11.216,-14.113,
11.223,-12.469,
11.229,-11.481,
11.234,-10.89,
11.24,-10.532,
11.245,-10.318,
11.251,-10.193,
11.256,-14.116,
11.263,-12.467,
11.269,-11.483,
11.274,-10.888,
11.28,-10.534,
11.285,-10.322,
11.291,-10.191,
11.296,-14.115,
11.303,-12.469,
11.309,-11.483,
11.314,-10.888,
11.32,-10.535,
11.325,-10.319,
11.331,-10.191,
11.336,-14.116,
11.343,-12.469,
11.349,-11.482,
11.354,-10.887,
11.36,-10.535,
11.365,-10.321,
11.371,-10.193,
11.378,-14.114,
11.383,-12.469,
11.389,-11.482,
11.395,-10.889,
11.4,-10.533,
11.406,-10.32,
11.413,-14.194,
11.418,-12.515,
11.424,-11.509,
11.429,-10.903,
11.435,-10.543,
11.44,-10.327,
11.446,-14.195,
11.453,-12.518,
11.458,-11.511,
11.464,-10.905,
11.47,-10.542,
11.475,-10.327,
11.481,-10.195,
11.487,-14.119,
11.493,-12.47,
11.499,-11.482,
11.504,-10.888,
11.51,-10.535,
11.516,-10.319,
11.521,-14.194,
11.528,-12.517,
11.534,-11.508,
11.539,-10.904,
11.545,-10.545,
11.551,-10.326,
11.556,-14.196,
11.563,-12.517,
11.568,-11.508,
11.574,-10.907,
11.58,-10.543,
11.585,-10.328,
11.591,-10.196,
11.596,-14.118,
11.603,-12.472,
11.608,-11.481,
11.614,-10.889,
11.619,-10.532,
11.625,-10.321,
11.63,-10.191,
11.636,-10.115,
11.641,-14.07,
11.648,-12.441,
11.653,-11.464,
11.659,-10.88,
11.664,-10.529,
11.67,-10.314,
11.676,-10.189,
11.683,-14.114,
11.688,-12.469,
11.694,-11.481,
11.7,-10.89,
11.705,-10.531,
11.712,-14.321,
11.718,-12.592,
11.724,-11.557,
11.729,-10.93,
11.735,-10.559,
11.741,-10.338,
11.746,-10.202,
11.753,-14.122,
11.758,-12.474,
11.764,-11.483,
11.769,-10.89,
11.775,-10.533,
11.78,-10.321,
11.786,-10.193,
11.792,-14.115,
11.798,-12.469,
11.804,-11.482,
11.809,-10.891,
11.815,-10.531,
11.82,-10.32,
11.826,-10.191,
11.832,-14.115,
11.838,-12.468,
11.844,-11.482,
11.849,-10.889,
11.855,-10.534,
11.86,-10.319,
11.866,-10.191,
11.872,-14.115,
11.878,-12.471,
11.884,-11.481,
11.889,-10.888,
11.895,-10.533,
11.901,-10.322,
11.906,-14.192,
11.913,-12.516,
11.918,-11.508,
11.924,-10.908,
11.929,-10.542,
11.935,-10.326,
11.94,-10.197,
11.946,-10.115,
11.952,-14.07,
11.958,-12.443,
11.964,-11.464,
11.969,-10.88,
11.975,-10.526,
11.98,-10.316,
11.986,-10.19,
11.992,-14.116,
11.998,-12.469,
12.004,-11.481,
12.009,-10.888,
12.015,-10.533,
12.021,-10.32,
12.026,-10.193,
12.033,-14.115,
12.038,-12.468,
12.044,-11.48,
12.05,-10.885,
12.055,-10.523,
12.061,-14.26,
12.068,-12.495,
12.073,-11.398,
12.079,-10.689,
12.085,-10.195,
12.09,-9.8136,
12.096,-9.4801,
12.101,-12.48,
12.108,-10.644,
12.113,-9.3601,
12.119,-8.3883,
12.125,-7.5812,
12.13,-6.8522,
12.136,-6.1474,
12.141,-5.4402,
12.148,-5.8331,
12.153,-4.2829,
12.159,-2.9964,
12.165,-1.8699,
12.17,-0.83078,
12.176,0.14729,
12.181,2.4053,
12.188,3.0789,
12.193,3.7779,
12.199,4.4701,
12.205,5.1363,
12.21,5.7691,
12.216,6.3594,
12.222,10.17,
12.228,9.5145,
12.233,9.2573,
12.239,9.214,
12.245,9.2784,
12.25,9.3946,
12.256,9.5198,
12.263,13.596,
12.269,12.134,
12.274,11.267,
12.28,10.756,
12.285,10.453,
12.291,10.27,
12.296,10.164,
12.303,14.097,
12.309,12.458,
12.314,11.475,
12.321,10.884,
12.328,14.531,
12.334,12.72,
12.339,11.631,
12.345,10.98,
12.351,10.586,
12.356,10.352,
12.363,14.212,
12.368,12.527,
12.374,11.514,
12.38,10.909,
12.385,14.547,
12.393,12.728,
12.398,11.636,
12.404,10.983,
12.41,10.588,
12.415,10.352,
12.421,14.213,
12.428,12.528,
12.433,11.517,
12.439,10.909,
12.445,10.547,
12.45,10.327,
12.456,10.198,
12.462,14.118,
12.468,12.469,
12.473,11.482,
12.479,10.892,
12.485,10.533,
12.49,10.32,
12.496,10.191,
12.501,14.115,
12.508,12.47,
12.513,11.48,
12.519,10.892,
12.525,10.535,
12.53,10.32,
12.536,10.192,
12.541,10.115,
12.548,14.068,
12.553,12.44,
12.559,11.464,
12.565,10.878,
12.57,10.528,
12.576,10.316,
12.581,10.19,
12.588,14.115,
12.593,12.468,
12.599,11.483,
12.605,10.886,
12.61,10.533,
12.616,10.321,
12.622,14.193,
12.628,12.514,
12.633,11.51,
12.639,10.906,
12.645,10.544,
12.65,10.324,
12.656,10.195,
12.661,14.116,
12.668,12.473,
12.673,11.482,
12.679,10.888,
12.685,10.534,
12.69,10.322,
12.696,10.19,
12.701,10.115,
12.708,14.07,
12.713,12.439,
12.719,11.466,
12.725,10.879,
12.73,10.53,
12.736,10.315,
12.741,10.19,
12.748,14.114,
12.753,12.468,
12.759,11.48,
12.765,10.888,
12.771,10.532,
12.776,10.322,
12.783,14.192,
12.788,12.516,
12.794,11.509,
12.799,10.905,
12.805,10.542,
12.811,10.326,
12.816,10.197,
12.823,14.116,
12.829,12.471,
12.834,11.482,
12.84,10.89,
12.845,10.533,
12.851,10.32,
12.856,10.191,
12.863,14.116,
12.868,12.47,
12.874,11.481,
12.879,10.889,
12.885,10.532,
12.891,10.321,
12.896,10.192,
12.903,14.115,
12.909,12.467,
12.914,11.482,
12.92,10.891,
12.925,10.533,
12.931,10.319,
12.936,10.193,
12.943,14.113,
12.948,12.471,
12.954,11.483,
12.959,10.89,
12.965,10.535,
12.971,10.321,
12.976,10.191,
12.983,14.115,
12.989,12.469,
12.994,11.48,
13,10.888,
13.005,10.534,
13.011,10.319,
13.016,10.192,
13.023,14.115,
13.028,12.47,
13.034,11.482,
13.039,10.889,
13.045,10.534,
13.051,10.319,
13.058,14.19,
13.064,12.515,
13.069,11.509,
13.075,10.905,
13.08,10.544,
13.086,10.326,
13.091,14.196,
13.098,12.518,
13.104,11.511,
13.109,10.905,
13.115,10.542,
13.121,10.329,
13.128,14.195,
13.133,12.518,
13.139,11.511,
13.145,10.905,
13.15,10.544,
13.156,10.327,
13.161,14.195,
13.168,12.517,
13.174,11.509,
13.179,10.908,
13.185,10.544,
13.191,10.326,
13.197,14.194,
13.203,12.517,
13.209,11.509,
13.214,10.906,
13.22,10.543,
13.225,10.327,
13.231,10.195,
13.237,14.119,
13.243,12.47,
13.249,11.482,
13.254,10.889,
13.26,10.534,
13.266,10.32,
13.272,14.195,
13.278,12.516,
13.284,11.51,
13.289,10.905,
13.295,10.542,
13.3,10.325,
13.306,10.195,
13.312,14.116,
13.318,12.473,
13.324,11.481,
13.329,10.889,
13.335,10.534,
13.34,10.32,
13.346,10.192,
13.352,14.116,
13.358,12.469,
13.363,11.483,
13.369,10.887,
13.375,10.533,
13.38,10.32,
13.386,10.191,
13.393,14.114,
13.398,12.47,
13.404,11.481,
13.409,10.889,
13.415,10.534,
13.42,10.319,
13.426,10.193,
13.432,14.115,
13.438,12.469,
13.444,11.481,
13.449,10.888,
13.455,10.534,
13.46,10.319,
13.466,10.191,
13.472,14.116,
13.478,12.47,
13.484,11.482,
13.489,10.889,
13.495,10.536,
13.5,10.319,
13.506,10.192,
13.512,14.114,
13.518,12.47,
13.523,11.481,
13.529,10.888,
13.535,10.533,
13.54,10.32,
13.546,10.193,
13.553,14.115,
13.558,12.47,
13.564,11.482,
13.569,10.888,
13.575,10.534,
13.58,10.321,
13.586,10.192,
13.592,14.116,
13.598,12.469,
13.604,11.48,
13.609,10.888,
13.615,10.533,
13.62,10.32,
13.626,10.191,
13.632,14.117,
13.638,12.468,
13.644,11.481,
13.649,10.888,
13.655,10.533,
13.66,10.322,
13.666,10.194,
13.672,14.114,
13.678,12.469,
13.684,11.481,
13.689,10.888,
13.695,10.535,
13.7,10.32,
13.706,10.193,
13.712,14.116,
13.718,12.467,
13.724,11.481,
13.729,10.888,
13.735,10.532,
13.74,10.322,
13.746,10.192,
13.752,14.115,
13.758,12.469,
13.764,11.48,
13.769,10.89,
13.775,10.532,
13.78,10.321,
13.786,10.191,
13.792,14.115,
13.798,12.47,
13.804,11.482,
13.809,10.888,
13.815,10.533,
13.82,10.322,
13.826,10.192,
13.832,14.115,
13.838,12.469,
13.843,11.483,
13.849,10.888,
13.855,10.532,
13.86,10.32,
13.866,10.191,
13.872,14.115,
13.878,12.468,
13.884,11.482,
13.889,10.889,
13.895,10.533,
13.9,10.322,
13.906,10.192,
13.913,14.115,
13.919,12.469,
13.924,11.482,
13.93,10.887,
13.935,10.534,
13.941,14.32,
13.948,12.592,
13.953,11.554,
13.959,10.934,
13.964,10.562,
13.97,10.335,
13.976,10.201,
13.981,14.122,
13.988,12.472,
13.994,11.483,
14,10.891,
14.005,10.533,
14.011,10.319,
14.018,14.194,
14.024,12.516,
14.029,11.51,
14.035,10.905,
14.04,10.543,
14.046,10.326,
14.051,14.195,
14.058,12.517,
14.063,11.509,
14.069,10.907,
14.075,10.544,
14.08,10.327,
14.086,10.195,
14.091,10.117,
14.098,14.069,
14.104,12.444,
14.109,11.465,
14.115,10.881,
14.12,10.529,
14.126,10.317,
14.131,10.19,
14.138,14.115,
14.143,12.469,
14.149,11.479,
14.155,10.889,
14.16,10.533,
14.166,10.319,
14.171,10.193,
14.178,14.117,
14.183,12.466,
14.189,11.481,
14.195,10.889,
14.2,10.534,
14.206,10.319,
14.211,10.191,
14.218,14.115,
14.223,12.469,
14.229,11.482,
14.235,10.888,
14.24,10.536,
14.246,10.319,
14.251,14.191,
14.258,12.515,
14.263,11.51,
14.269,10.906,
14.275,10.543,
14.28,10.327,
14.286,10.195,
14.291,10.118,
14.298,14.069,
14.303,12.442,
14.309,11.466,
14.315,10.88,
14.32,10.528,
14.326,10.317,
14.331,10.189,
14.338,14.113,
14.344,12.469,
14.349,11.48,
14.355,10.889,
14.36,10.533,
14.366,10.32,
14.371,10.194,
14.378,14.116,
14.383,12.469,
14.389,11.481,
14.395,10.888,
14.4,10.534,
14.406,10.32,
14.411,10.193,
14.418,14.116,
14.423,12.468,
14.429,11.481,
14.434,10.888,
14.44,10.532,
14.445,10.321,
14.451,10.193,
14.456,10.116,
14.463,14.069,
14.468,12.443,
14.474,11.464,
14.479,10.876,
14.485,10.528,
14.491,10.318,
14.496,10.19,
14.503,14.113,
14.509,12.468,
14.514,11.481,
14.52,10.888,
14.525,10.533,
14.531,10.32,
14.536,10.192,
14.543,14.117,
14.548,12.468,
14.554,11.481,
14.559,10.89,
14.565,10.531,
14.571,10.321,
14.576,10.193,
14.583,14.115,
14.589,12.469,
14.594,11.48,
14.6,10.888,
14.605,10.533,
14.611,10.321,
14.616,14.193,
14.624,12.514,
14.63,11.508,
14.636,10.906,
14.641,10.547,
14.648,14.326,
14.653,12.595,
14.659,11.558,
14.665,10.934,
14.67,10.56,
14.676,10.337,
14.681,10.202,
14.688,14.12,
14.693,12.472,
14.699,11.484,
14.704,10.89,
14.71,10.536,
14.716,10.321,
14.723,14.191,
14.728,12.515,
14.734,11.509,
14.739,10.903,
14.745,10.543,
14.75,10.328,
14.756,10.196,
14.761,14.115,
14.768,12.471,
14.774,11.484,
14.779,10.887,
14.785,10.535,
14.791,10.319,
14.796,14.191,
14.803,12.517,
14.809,11.51,
14.814,10.904,
14.82,10.543,
14.825,10.326,
14.831,10.195,
14.837,14.117,
14.843,12.472,
14.849,11.483,
14.855,10.887,
14.86,10.534,
14.866,10.319,
14.872,14.193,
14.878,12.515,
14.884,11.51,
14.889,10.905,
14.895,10.542,
14.9,10.326,
14.906,10.196,
14.912,14.118,
14.918,12.47,
14.924,11.482,
14.929,10.89,
14.935,10.533,
14.941,10.319,
14.947,14.192,
14.953,12.518,
14.958,11.51,
14.964,10.906,
14.97,10.543,
14.975,10.325,
14.981,10.194,
14.988,14.118,
14.993,12.47,
14.999,11.482,
15.005,10.89,
15.01,10.534,
15.016,10.319,
15.021,10.192,
15.028,14.114,
15.033,12.47,
15.039,11.48,
15.044,10.889,
15.05,10.528,
15.055,10.308,
15.061,10.168,
15.068,14.006,
15.074,12.305,
15.079,11.231,
15.085,10.521,
15.091,10.008,
15.096,9.5985,
15.103,12.55,
15.108,10.688,
15.114,9.3876,
15.119,8.4023,
15.125,7.5902,
15.131,6.8576,
15.136,6.1507,
15.142,6.8899,
15.148,5.2558,
15.154,3.9359,
15.159,2.7937,
15.165,1.7433,
15.17,0.75426,
15.176,-0.19075,
15.181,-1.1105,
15.188,-3.6253,
15.193,-4.1027,
15.199,-4.6674,
15.205,-5.2553,
15.21,-5.8412,
15.216,-6.4039,
15.221,-6.9331,
15.228,-10.837,
15.233,-10.05,
15.239,-9.6882,
15.244,-9.5629,
15.25,-9.5634,
15.255,-9.6236,
15.261,-9.6987,
15.268,-13.753,
15.273,-12.241,
15.279,-11.34,
15.285,-10.802,
15.29,-10.484,
15.296,-10.288,
15.301,-14.172,
15.308,-12.505,
15.313,-11.499,
15.319,-10.901,
15.325,-10.542,
15.33,-10.323,
15.336,-10.195,
15.341,-10.117,
15.348,-14.07,
15.353,-12.442,
15.359,-11.467,
15.365,-10.879,
15.37,-10.529,
15.376,-10.316,
15.381,-10.188,
15.388,-14.115,
15.393,-12.469,
15.399,-11.482,
15.405,-10.89,
15.41,-10.532,
15.416,-10.32,
15.421,-10.19,
15.428,-14.115,
15.433,-12.469,
15.439,-11.482,
15.445,-10.888,
15.45,-10.533,
15.456,-10.322,
15.461,-14.192,
15.468,-12.514,
15.473,-11.508,
15.479,-10.907,
15.484,-10.542,
15.49,-10.326,
15.496,-10.198,
15.502,-14.117,
15.508,-12.471,
15.514,-11.483,
15.519,-10.888,
15.525,-10.532,
15.531,-10.322,
15.536,-10.191,
15.543,-14.116,
15.549,-12.471,
15.554,-11.482,
15.56,-10.889,
15.565,-10.534,
15.571,-10.321,
15.576,-10.191,
15.583,-14.114,
15.589,-12.471,
15.594,-11.482,
15.6,-10.889,
15.605,-10.532,
15.611,-10.321,
15.618,-14.191,
15.624,-12.515,
15.629,-11.51,
15.635,-10.907,
15.64,-10.544,
15.646,-10.323,
15.651,-10.194,
15.658,-14.118,
15.664,-12.471,
15.669,-11.482,
15.675,-10.89,
15.68,-10.534,
15.686,-10.319,
15.691,-10.192,
15.698,-14.116,
15.703,-12.469,
15.709,-11.481,
15.715,-10.89,
15.72,-10.532,
15.726,-10.321,
15.731,-10.192,
15.738,-14.115,
15.743,-12.468,
15.749,-11.482,
15.755,-10.889,
15.76,-10.533,
15.766,-10.32,
15.771,-10.192,
15.778,-14.115,
15.783,-12.47,
15.789,-11.481,
15.795,-10.892,
15.8,-10.533,
15.806,-10.322,
15.811,-10.19,
15.818,-14.114,
15.824,-12.468,
15.829,-11.481,
15.835,-10.889,
15.84,-10.536,
15.846,-10.318,
15.851,-10.192,
15.858,-14.117,
15.864,-12.468,
15.869,-11.481,
15.875,-10.89,
15.88,-10.534,
15.886,-10.319,
15.892,-14.19,
15.898,-12.517,
15.903,-11.51,
15.909,-10.907,
15.915,-10.544,
15.92,-10.324,
15.926,-10.196,
15.933,-14.118,
15.938,-12.469,
15.944,-11.483,
15.95,-10.89,
15.955,-10.533,
15.961,-10.319,
15.966,-10.191,
15.972,-14.115,
15.978,-12.471,
15.984,-11.481,
15.989,-10.887,
15.995,-10.533,
16,-10.32,
16.006,-10.194,
16.011,-14.114,
16.018,-12.471,
16.024,-11.482,
16.029,-10.886,
16.035,-10.535,
16.04,-10.321,
16.046,-10.193,
16.051,-14.112,
16.058,-12.469,
16.063,-11.481,
16.069,-10.89,
16.075,-10.534,
16.08,-10.32,
16.086,-10.192,
16.091,-10.114,
16.098,-14.07,
16.104,-12.442,
16.109,-11.464,
16.115,-10.879,
16.12,-10.529,
16.126,-10.316,
16.131,-10.189,
16.138,-14.115,
16.144,-12.467,
16.149,-11.481,
16.155,-10.888,
16.16,-10.534,
16.166,-10.318,
16.171,-10.191,
16.178,-14.117,
16.184,-12.47,
16.189,-11.482,
16.195,-10.888,
16.2,-10.531,
16.206,-10.318,
16.212,-14.193,
16.218,-12.517,
16.224,-11.509,
16.229,-10.905,
16.235,-10.544,
16.24,-10.325,
16.246,-10.196,
16.251,-10.116,
16.258,-14.072,
16.263,-12.442,
16.269,-11.464,
16.275,-10.879,
16.28,-10.527,
16.286,-10.316,
16.291,-10.189,
16.298,-14.115,
16.304,-12.47,
16.309,-11.482,
16.315,-10.888,
16.32,-10.532,
16.326,-10.321,
16.331,-10.19,
16.338,-14.115,
16.343,-12.47,
16.349,-11.481,
16.355,-10.889,
16.36,-10.531,
16.366,-10.321,
16.371,-14.192,
16.378,-12.517,
16.384,-11.509,
16.389,-10.907,
16.395,-10.542,
16.4,-10.325,
16.407,-14.195,
16.413,-12.518,
16.419,-11.51,
16.424,-10.906,
16.43,-10.545,
16.435,-10.326,
16.441,-10.194,
16.447,-14.118,
16.453,-12.471,
16.459,-11.482,
16.464,-10.888,
16.471,-10.533,
16.477,-14.321,
16.483,-12.593,
16.489,-11.555,
16.494,-10.934,
16.5,-10.559,
16.505,-10.336,
16.511,-10.201,
16.516,-10.122,
16.523,-14.072,
16.528,-12.442,
16.534,-11.468,
16.539,-10.881,
16.545,-10.528,
16.55,-10.315,
16.556,-10.189,
16.563,-14.114,
16.568,-12.469,
16.574,-11.481,
16.58,-10.889,
16.586,-10.534,
16.592,-14.321,
16.598,-12.591,
16.604,-11.556,
16.61,-10.934,
16.615,-10.559,
16.621,-10.335,
16.628,-14.202,
16.633,-12.521,
16.639,-11.513,
16.645,-10.906,
16.65,-10.545,
16.656,-10.326,
16.661,-10.196,
16.668,-14.118,
16.673,-12.47,
16.679,-11.484,
16.684,-10.889,
16.69,-10.534,
16.696,-10.321,
16.701,-10.19,
16.707,-14.115,
16.713,-12.47,
16.718,-11.48,
16.724,-10.889,
16.73,-10.533,
16.736,-10.32,
16.741,-10.193,
16.748,-14.113,
16.753,-12.47,
16.759,-11.481,
16.764,-10.889,
16.77,-10.533,
16.776,-10.32,
16.781,-10.192,
16.787,-14.116,
16.793,-12.469,
16.799,-11.482,
16.804,-10.89,
16.81,-10.533,
16.816,-10.319,
16.821,-10.191,
16.828,-14.116,
16.833,-12.471,
16.839,-11.481,
16.844,-10.89,
16.85,-10.535,
16.855,-10.321,
16.861,-10.191,
16.867,-14.115,
16.873,-12.468,
16.879,-11.481,
16.884,-10.887,
16.89,-10.534,
16.895,-10.322,
16.901,-10.193,
16.907,-14.114,
16.913,-12.47,
16.919,-11.481,
16.924,-10.891,
16.93,-10.532,
16.935,-10.319,
16.941,-10.193,
16.947,-14.115,
16.953,-12.469,
16.959,-11.48,
16.964,-10.89,
16.97,-10.532,
16.975,-10.32,
16.981,-10.191,
16.987,-14.115,
16.993,-12.469,
16.999,-11.482,
17.004,-10.89,
17.01,-10.534,
17.015,-10.321,
17.021,-10.192,
17.027,-14.114,
17.033,-12.47,
17.039,-11.479,
17.044,-10.888,
17.05,-10.535,
17.055,-10.321,
17.061,-10.193,
17.066,-14.116,
17.073,-12.468,
17.079,-11.482,
17.084,-10.889,
17.09,-10.532,
17.095,-10.321,
17.101,-10.192,
17.107,-14.114,
17.113,-12.47,
17.119,-11.481,
17.124,-10.89,
17.13,-10.532,
17.135,-10.32,
17.141,-10.191,
17.147,-14.115,
17.153,-12.47,
17.159,-11.48,
17.164,-10.89,
17.17,-10.532,
17.176,-10.321,
17.181,-14.191,
17.188,-12.515,
17.194,-11.511,
17.2,-10.905,
17.205,-10.542,
17.211,-10.328,
17.218,-14.194,
17.224,-12.518,
17.229,-11.51,
17.235,-10.907,
17.241,-10.543,
17.246,-10.324,
17.253,-14.197,
17.259,-12.518,
17.264,-11.509,
17.27,-10.907,
17.276,-10.543,
17.281,-10.327,
17.287,-14.195,
17.293,-12.519,
17.299,-11.51,
17.304,-10.906,
17.31,-10.545,
17.315,-10.325,
17.321,-10.197,
17.327,-14.116,
17.333,-12.472,
17.338,-11.482,
17.344,-10.889,
17.35,-10.534,
17.355,-10.318,
17.361,-10.194,
17.367,-14.117,
17.373,-12.469,
17.378,-11.481,
17.384,-10.889,
17.39,-10.534,
17.395,-10.32,
17.401,-10.192,
17.406,-14.117,
17.413,-12.47,
17.418,-11.481,
17.424,-10.889,
17.43,-10.531,
17.435,-10.32,
17.441,-10.193,
17.447,-14.115,
17.453,-12.47,
17.459,-11.482,
17.464,-10.888,
17.47,-10.532,
17.475,-10.321,
17.481,-10.191,
17.486,-14.116,
17.493,-12.469,
17.499,-11.481,
17.504,-10.888,
17.51,-10.535,
17.515,-10.319,
17.521,-10.193,
17.527,-14.117,
17.533,-12.468,
17.539,-11.48,
17.544,-10.89,
17.55,-10.534,
17.555,-10.319,
17.561,-10.193,
17.566,-10.115,
17.572,-14.069,
17.578,-12.441,
17.584,-11.466,
17.589,-10.879,
17.595,-10.527,
17.6,-10.317,
17.606,-10.191,
17.611,-10.113,
17.618,-14.067,
17.624,-12.442,
17.629,-11.464,
17.635,-10.879,
17.64,-10.527,
17.646,-10.317,
17.651,-10.189,
17.657,-14.114,
17.663,-12.469,
17.669,-11.479,
17.674,-10.888,
17.68,-10.536,
17.685,-10.319,
17.691,-10.191,
17.696,-10.115,
17.702,-14.068,
17.708,-12.443,
17.714,-11.465,
17.719,-10.879,
17.725,-10.529,
17.731,-10.313,
17.736,-10.189,
17.742,-14.115,
17.748,-12.47,
17.754,-11.482,
17.759,-10.89,
17.765,-10.532,
17.77,-10.32,
17.776,-10.191,
17.781,-14.116,
17.788,-12.471,
17.794,-11.48,
17.799,-10.888,
17.805,-10.533,
17.811,-10.321,
17.816,-10.19,
17.822,-14.115,
17.828,-12.468,
17.834,-11.482,
17.839,-10.888,
17.845,-10.534,
17.851,-10.32,
17.856,-10.192,
17.862,-14.114,
17.868,-12.468,
17.874,-11.481,
17.879,-10.891,
17.885,-10.533,
17.891,-10.319,
17.896,-10.192,
17.902,-14.115,
17.908,-12.47,
17.914,-11.482,
17.919,-10.888,
17.925,-10.536,
17.931,-10.319,
17.936,-10.192,
17.942,-14.113,
17.948,-12.472,
17.954,-11.48,
17.959,-10.89,
17.965,-10.532,
17.971,-10.32,
17.976,-14.191,
17.984,-12.515,
17.989,-11.509,
17.995,-10.907,
18,-10.544,
18.009,-14.325,
18.015,-12.596,
18.021,-11.557,
18.026,-10.936,
18.033,-14.561,
18.039,-12.735,
18.044,-11.644,
18.05,-10.984,
18.056,-10.586,
18.061,-10.344,
18.068,-14.153,
18.074,-12.429,
18.079,-11.358,
18.085,-10.668,
18.091,-10.182,
18.096,-9.8032,
18.102,-12.942,
18.108,-11.088,
18.114,-9.8123,
18.119,-8.8622,
18.125,-8.0895,
18.131,-7.3983,
18.136,-6.7406,
18.142,-7.8365,
18.148,-6.1472,
18.153,-4.812,
18.159,-3.6666,
18.165,-2.6315,
18.171,-1.6491,
18.176,-0.69709,
18.182,1.2193,
18.188,2.0548,
18.194,2.8699,
18.199,3.6506,
18.205,4.3937,
18.211,5.0905,
18.216,5.7429,
18.222,9.4339,
18.228,8.9233,
18.234,8.7683,
18.239,8.8089,
18.245,8.9426,
18.251,9.1186,
18.256,9.2968,
18.262,13.389,
18.268,11.99,
18.273,11.171,
18.279,10.692,
18.285,10.41,
18.29,10.245,
18.296,10.147,
18.302,14.088,
18.308,12.454,
18.314,11.47,
18.319,10.882,
18.325,10.529,
18.331,10.317,
18.336,10.19,
18.342,14.117,
18.348,12.469,
18.353,11.482,
18.359,10.888,
18.365,10.533,
18.371,10.321,
18.376,10.192,
18.382,14.113,
18.388,12.469,
18.394,11.482,
18.399,10.89,
18.405,10.534,
18.411,10.319,
18.416,10.193,
18.422,14.113,
18.428,12.47,
18.434,11.481,
18.439,10.889,
18.445,10.534,
18.451,10.319,
18.456,10.193,
18.462,14.116,
18.468,12.469,
18.474,11.481,
18.479,10.887,
18.485,10.533,
18.491,10.322