time,value
1.4e-05,1924.6129044705872
0.00579,1867.4823680432162
0.011236,1810.3518316158454
0.018679,1753.2212951884744
0.024252,1696.0907587611034
0.029839,1638.9602223337324
0.035252,1581.8296859063616
0.041161,1524.6991494789906
0.046773,1467.5686130516196
0.053738,1410.4380766242489
0.059272,1353.3075401968779
0.064843,1296.1770037695069
0.070263,1239.046467342136
0.07607,1181.915930914765
0.083193,1124.7853944873941
0.088833,1067.6548580600233
0.094249,1010.5243216326523
0.10002,953.3937852052815
0.10561,896.2632487779106
0.111,839.1327123505396
0.11646,782.0021759231686
0.1221,724.8716394957978
0.12851,667.7411030684268
0.1339,610.6105666410558
0.13945,553.480030213685
0.14485,317.12506199999973
0.15025,192.53126199999997
0.15593,117.85498199999996
0.16132,73.129162
0.16688,46.45450199999999
0.1736,30.529321999999993
0.17903,21.054221999999996
0.18473,15.449002000000005
0.19013,12.165702000000003
0.19563,10.274642000000002
0.20102,9.219122
0.20648,8.664362
0.21187,8.409242
0.21808,8.413162
0.22351,8.486044
0.22894,8.603063999999998
0.23484,8.74484
0.24024,8.89968
0.24589,9.060316
0.25129,9.222146
0.257,9.462288000000001
0.26346,9.644296
0.26887,9.808028000000002
0.27431,9.957570000000002
0.27985,10.095332000000003
0.28557,10.222564000000002
0.29108,10.339946000000003
0.29651,10.447820000000004
0.30186,10.626584000000001
0.30808,10.764460000000001
0.3135,10.818702000000002
0.31891,10.872454000000001
0.32447,10.923267999999998
0.32987,10.969737999999998
0.33526,11.011119999999998
0.34083,11.04746
0.34623,11.158634
0.35185,11.233162
0.35831,11.208682
0.36392,11.197681999999997
0.3699,11.193681999999997
0.3753,11.193121999999999
0.38091,11.194101999999999
0.38632,11.275481999999997
0.39193,11.324801999999995
0.39853,11.354679999999995
0.40397,11.292799999999996
0.4095,11.255679999999996
0.41488,11.233399999999996
0.42029,11.220059999999997
0.42589,11.212059999999996
0.4313,11.287259999999996
0.43683,11.332359999999996
0.44315,11.359479999999996
0.44879,11.295779999999999
0.45419,11.257499999999995
0.45978,11.234519999999996
0.46519,11.220719999999995
0.47079,11.212459999999995
0.47619,11.287459999999998
0.48205,11.332459999999998
0.48874,11.359479999999998
0.49415,11.37572
0.49973,11.305439999999997
0.50513,11.26332
0.51073,11.23802
0.51613,11.30286
0.52179,11.341759999999999
0.52813,11.3651
0.53371,11.379059999999999
0.53915,11.3074
0.54481,11.26444
0.55023,11.238679999999999
0.5559,11.223220000000001
0.5613,11.293899999999999
0.56683,11.3363
0.57359,11.3617
0.57903,11.3771
0.58474,11.306219999999998
0.59014,11.263699999999998
0.59571,11.318179999999996
0.6011,11.350879999999997
0.60652,11.37054
0.61191,11.382219999999998
0.61814,11.38936
0.62377,11.393579999999998
0.62921,11.316139999999999
0.63498,11.349599999999999
0.64048,11.369759999999998
0.64588,11.381799999999997
0.65128,11.389059999999999
0.657,11.393459999999997
0.66348,11.396079999999998
0.66889,11.317639999999999
0.67433,11.350539999999999
0.67986,11.3703
0.6856,11.382159999999999
0.69115,11.389299999999999
0.69678,11.393619999999999
0.70317,11.396139999999999
0.7088,11.39768
0.71433,11.318599999999998
0.71984,11.351179999999998
0.72564,11.370699999999998
0.73122,11.38234
0.73701,11.389399999999998
0.74385,11.393619999999999
0.74957,11.39616
0.75515,11.39772
0.76081,11.318639999999997
0.76625,11.351199999999999
0.77179,11.370699999999996
0.77721,11.382379999999996
0.78387,11.389439999999995
0.78959,11.393659999999997
0.79516,11.396199999999995
0.80084,11.317699999999995
0.80627,11.350579999999995
0.81186,11.370299999999995
0.81823,11.382179999999996
0.8239,11.389339999999997
0.82969,11.393619999999997
0.83509,11.396139999999995
0.84051,11.397719999999994
0.84604,11.398579999999994
0.85145,11.399159999999995
0.85702,11.399519999999995
0.86348,11.399679999999996
0.86888,11.399859999999999
0.87432,11.399879999999998
0.87984,11.31996
0.88564,11.35202
0.89105,11.371179999999999
0.89646,11.382719999999999
0.90185,11.389599999999998
0.90815,11.393719999999997
0.91409,11.396259999999998
0.91975,11.317759999999998
0.92516,11.27066
0.93106,11.322399999999998
0.93648,11.353439999999999
0.94187,11.372059999999998
0.94818,11.383219999999996
0.95382,11.389899999999997
0.95923,11.313979999999995
0.96495,11.348399999999996
0.97054,11.369039999999998
0.97596,11.381399999999998
0.98171,11.38884
0.98711,11.39328
0.99396,11.39596
0.99952,11.39758
1.0056,11.318499999999998
1.011,11.351079999999998
1.0165,11.370659999999999
1.0219,11.382359999999998
1.0282,11.3894
1.0338,11.39362
1.0392,11.39614
1.0449,11.477700000000002
1.0503,11.44662
1.056,11.427900000000001
1.0617,11.416739999999999
1.0671,11.41002
1.074,11.405959999999999
1.0797,11.403559999999999
1.0851,11.4021
1.091,11.40126
1.0965,11.40076
1.1019,11.40048
1.1082,11.40026
1.1138,11.40008
1.1192,11.400060000000002
1.1249,11.479960000000002
1.1303,11.448
1.1359,11.42876
1.1417,11.417280000000002
1.1471,11.410340000000001
1.1539,11.406180000000003
1.1593,11.403680000000001
1.165,11.482180000000001
1.1704,11.449300000000003
1.1759,11.429600000000004
1.1816,11.417760000000001
1.1871,11.410640000000003
1.1938,11.4064
1.1992,11.40384
1.2048,11.402299999999999
1.2102,11.4813
1.2159,11.44878
1.2216,11.429279999999999
1.2271,11.41756
1.234,11.410540000000001
1.2397,11.406299999999996
1.2451,11.40372
1.2511,11.322180000000001
1.2565,11.3533
1.2619,11.37196
1.2682,11.383159999999998
1.2738,11.389859999999995
1.2792,11.393919999999994
1.2849,11.396299999999997
1.2903,11.397779999999996
1.2959,11.398619999999994
1.3016,11.399119999999995
1.3071,11.399459999999996
1.314,11.399659999999995
1.3195,11.399739999999998
1.325,11.399799999999997
1.3305,11.319839999999996
1.3359,11.271859999999997
1.3416,11.323119999999994
1.3471,11.353879999999997
1.3535,11.372299999999997
1.3589,11.383359999999998
1.3643,11.389979999999998
1.3698,11.393939999999999
1.3752,11.316339999999999
1.3808,11.34972
1.3862,11.369760000000001
1.3919,11.381800000000002
1.3985,11.389040000000001
1.404,11.39334
1.4099,11.315940000000001
1.4153,11.2695
1.4207,11.32164
1.4261,11.35292
1.4317,11.371720000000002
1.4372,11.382940000000001
1.4439,11.38976
1.4495,11.3138
1.4549,11.348239999999999
1.4603,11.368879999999999
1.4659,11.3813
1.4713,11.38876
1.4768,11.39322
1.4822,11.395859999999999
1.4888,11.397499999999999
1.4942,11.31848
1.4999,11.351059999999999
1.5053,11.370619999999999
1.511,11.382299999999999
1.5168,11.389319999999998
1.5222,11.393539999999998
1.5288,11.39612
1.5342,11.397680000000001
1.5399,11.39858
1.5453,11.399140000000001
1.5511,11.399420000000001
1.5567,11.39964
1.5622,11.399759999999999
1.5689,11.399839999999998
1.5745,11.39988
1.5801,11.31996
1.5861,11.35198
1.5917,11.371139999999999
1.5985,11.382639999999999
1.604,11.389599999999998
1.6096,11.393779999999998
1.6149,11.396259999999996
1.6205,11.397739999999997
1.6261,11.318639999999997
1.6315,11.351159999999997
1.6369,11.370679999999998
1.6423,11.38238
1.6488,11.389399999999998
1.6542,11.393659999999999
1.6599,11.396179999999998
1.6655,11.31772
1.671,11.35062
1.6768,11.37036
1.6822,11.38224
1.6888,11.38936
1.6942,11.393659999999999
1.6998,11.396239999999999
1.7052,11.317799999999998
1.7109,11.27068
1.7163,11.322379999999999
1.722,11.353459999999998
1.7282,11.372079999999999
1.7338,11.38328
1.7392,11.30998
1.7448,11.265999999999998
1.7503,11.239579999999998
1.7558,11.22372
1.7612,11.29424
1.7668,11.33656
1.7722,11.36192
1.7791,11.377200000000002
1.7848,11.306280000000001
1.7902,11.26372
1.7957,11.238259999999999
1.8011,11.222980000000002
1.8067,11.29384
1.8136,11.336320000000002
1.8191,11.361740000000001
1.8247,11.297020000000003
1.8301,11.258180000000001
1.8356,11.234900000000003
1.841,11.220980000000003
1.8465,11.29254
1.852,11.335500000000001
1.8582,11.361280000000002
1.8638,11.37672
1.8692,11.306000000000003
1.8751,11.263620000000003
1.8805,11.238160000000002
1.886,11.302920000000002
1.8915,11.341720000000002
1.897,11.364980000000003
1.9032,11.379020000000002
1.9088,11.387400000000001
1.9142,11.3124
1.9198,11.267439999999999
1.9252,11.320479999999998
1.931,11.352279999999999
1.9364,11.371359999999997
1.9418,11.382759999999998
1.9472,11.389679999999993
1.954,11.313799999999993
1.9597,11.268279999999994
1.9651,11.320939999999993
1.9709,11.352539999999994
1.9763,11.371499999999994
1.9818,11.382839999999995
1.9872,11.389659999999996
1.9938,11.393779999999996
1.9992,11.316259999999994
2.0049,11.269759999999994
2.0103,11.321839999999996
2.0159,11.353059999999997
2.0217,11.371759999999997
2.0272,11.382999999999996
2.0341,11.389799999999997
2.0397,11.393839999999997
2.0451,11.316239999999997
2.0509,11.349739999999997
2.0562,11.369819999999997
2.0618,11.38182
2.0672,11.389059999999997
2.0741,11.393439999999998
2.0797,11.396019999999996
2.0851,11.397579999999998
2.091,11.39848
2.0964,11.39904
2.1019,11.399379999999999
2.1072,11.399579999999998
2.114,11.39976
2.1197,11.39984
2.1251,11.39984
2.1309,11.399899999999999
2.1363,11.399939999999999
2.1418,11.399939999999999
2.1471,11.39998
2.1538,11.399959999999998
2.1592,11.39992
2.1648,11.39996
2.1702,11.39992
2.1759,11.399939999999997
2.1815,11.399959999999998
2.1871,11.39994
2.1938,11.399960000000002
2.1993,11.4
2.2049,11.39996
2.2105,11.399980000000001
2.2159,11.400000000000002
2.2216,11.400020000000003
2.2272,11.400020000000003
2.2338,11.4
2.2392,11.399960000000002
2.2449,11.48
2.2503,11.448020000000001
2.2559,11.428820000000002
2.2617,11.417280000000002
2.2671,11.410420000000002
2.2739,11.40628
2.2793,11.40374
2.285,11.482260000000002
2.2906,11.529360000000002
2.2959,11.477580000000003
2.3015,11.446580000000003
2.3071,11.428000000000003
2.3135,11.416800000000004
2.3189,11.410100000000002
2.3246,11.406100000000002
2.33,11.48366
2.3354,11.450160000000002
2.3409,11.43008
2.3463,11.41806
2.3522,11.410860000000001
2.3589,11.40648
2.3647,11.40388
2.3701,11.40232
2.3758,11.401419999999998
2.3817,11.400859999999998
2.3872,11.400539999999998
2.3939,11.400359999999997
2.3995,11.400199999999996
2.405,11.400139999999997
2.411,11.400099999999997
2.4165,11.400039999999995
2.4219,11.399999999999999
2.4286,11.399999999999997
2.4341,11.399979999999998
2.4396,11.399979999999998
2.445,11.399999999999997
2.4505,11.399979999999998
2.4559,11.319979999999997
2.4615,11.351999999999997
2.4671,11.371199999999996
2.4732,11.382719999999997
2.4788,11.389619999999999
2.4842,11.393739999999998
2.4898,11.396239999999999
2.4952,11.317739999999999
2.5008,11.35064
2.5062,11.370339999999999
2.5118,11.3822
2.5185,11.389279999999998
2.5239,11.393559999999999
2.5293,11.316119999999998
2.5349,11.269659999999998
2.5407,11.241779999999999
2.5461,11.305060000000001
2.5517,11.342999999999998
2.5572,11.36576
2.5639,11.379439999999999
2.5693,11.30764
2.5749,11.264559999999998
2.5807,11.238739999999998
2.5861,11.223219999999998
2.5915,11.293899999999999
2.5969,11.33634
2.6022,11.361779999999998
2.6088,11.377059999999998
2.6142,11.306259999999998
2.6199,11.263759999999998
2.6253,11.238219999999998
2.6309,11.222959999999999
2.6368,11.2938
2.6422,11.336279999999999
2.6488,11.361759999999999
2.6542,11.377019999999998
2.6598,11.30618
2.6652,11.26372
2.6709,11.238259999999999
2.6763,11.22294
2.6819,11.2938
2.6873,11.336279999999999
2.6939,11.361760000000002
2.6993,11.29706
2.7048,11.25824
2.7102,11.23492
2.7158,11.220920000000001
2.7212,11.212560000000002
2.7268,11.287540000000003
2.7322,11.332540000000003
2.7391,11.359520000000003
2.7445,11.295700000000002
2.75,11.257420000000002
2.7555,11.234460000000002
2.7609,11.220680000000002
2.7665,11.21242
2.7719,11.28748
2.7773,11.33246
2.7838,11.279479999999998
2.7892,11.247699999999998
2.795,11.228639999999997
2.8005,11.217199999999995
2.8059,11.210379999999997
2.8113,11.286219999999995
2.8171,11.331759999999997
2.8232,11.359079999999997
2.8288,11.295459999999999
2.8342,11.257259999999999
2.8398,11.23434
2.8452,11.22064
2.8511,11.2124
2.8567,11.287420000000001
2.8621,11.33248
2.8685,11.3595
2.8739,11.295680000000003
2.8793,11.257420000000002
2.8849,11.23446
2.8905,11.22068
2.896,11.292319999999998
2.9018,11.335119999999998
2.9072,11.360459999999998
2.9139,11.374919999999998
2.9195,11.302359999999998
2.925,11.256939999999997
2.9304,11.302299999999997
2.9359,11.323499999999996
2.9415,11.327999999999996
2.9471,11.320017999999996
2.9532,11.301703999999996
2.9588,11.273931999999997
2.9642,11.212131999999997
2.9699,11.145981999999997
2.9753,11.072397999999998
2.9808,10.988977999999998
2.9862,10.893979999999997
2.9918,10.785935999999998
2.9985,10.663569999999996
3.0039,10.525763999999999
3.0093,10.293054000000001
3.0149,10.067606
3.0208,9.83939686
3.0262,9.60265966
3.0318,9.354135659999999
3.0385,9.09229566
3.0439,8.77254166
3.0495,8.451543659999999
3.055,8.045217659999999
3.0604,7.663479659999998
3.0669,7.292551659999997
3.0742,6.924759659999998
3.0799,6.555805659999998
3.0855,6.110325659999999
3.0911,5.687985659999999
3.0967,5.198065659999999
3.1021,4.746385659999999
3.1082,4.316907659999999
3.1138,3.900107659999999
3.1192,3.410707659999999
3.1249,2.9571676599999983
3.1303,2.525047659999998
3.1358,2.105787659999998
3.1411,1.6142476599999982
3.147,1.1592876599999977
3.1535,0.7262876599999964
3.159,0.2265676599999986
3.1647,-0.23331234000000015
3.1701,-0.6692523400000006
3.1759,-1.0907923400000001
3.1817,-1.5836723400000008
3.1872,-2.0391723400000004
3.1939,-2.47211234
3.1993,-2.9711723400000003
3.205,-3.42935234
3.2109,-3.8623723400000003
3.2163,-4.35477234
3.222,-4.80425234
3.2286,-5.22567234
3.2341,-5.6279103400000015
3.2397,-6.015716340000002
3.2456,-6.4715643400000005
3.2512,-6.940004340000001
3.257,-7.351954340000001
3.2635,-7.72523034
3.269,-8.069930340000003
3.2744,-8.391812340000001
3.28,-8.69386834
3.2857,-9.05754234
3.2912,-9.371376340000001
3.2969,-9.64964634
3.3023,-9.89081834
3.3089,-10.102549199999999
3.3145,-10.289792
3.32,-10.455648
3.3257,-10.602488
3.3312,-10.767914
3.3369,-10.898016000000002
3.3433,-11.00233
3.3489,-11.086992
3.3543,-11.155923999999999
3.3599,-11.212051999999998
3.3657,-11.337438
3.3711,-11.348557999999999
3.3765,-11.360158
3.3819,-11.370598
3.3873,-11.379157999999999
3.394,-11.385839999999998
3.3997,-11.39076
3.4052,-11.314359999999999
3.4109,-11.348600000000001
3.4165,-11.369199999999998
3.4218,-11.38154
3.4272,-11.388959999999999
3.4338,-11.39338
3.4392,-11.395999999999999
3.4449,-11.317619999999998
3.4503,-11.35056
3.456,-11.37034
3.4617,-11.38224
3.4672,-11.38934
3.474,-11.39362
3.4797,-11.39616
3.4851,-11.317739999999999
3.491,-11.27064
3.4964,-11.3224
3.5018,-11.353460000000002
3.5072,-11.37204
3.5139,-11.38326
3.5193,-11.389960000000002
3.5249,-11.394
3.5305,-11.316420000000003
3.536,-11.34986
3.5416,-11.36994
3.5472,-11.382000000000001
3.5539,-11.389220000000002
3.5595,-11.393479999999998
3.565,-11.396099999999999
3.5704,-11.31768
3.5759,-11.270619999999997
3.5815,-11.242379999999995
3.5871,-11.305419999999994
3.5935,-11.343259999999995
3.5989,-11.365959999999996
3.6046,-11.379579999999997
3.61,-11.387739999999997
3.6154,-11.312639999999998
3.6208,-11.347599999999996
3.6262,-11.368619999999996
3.6318,-11.381179999999997
3.6385,-11.388699999999998
3.6439,-11.393239999999997
3.6493,-11.315959999999999
3.6549,-11.269579999999998
3.6608,-11.241779999999999
3.6662,-11.30508
3.6718,-11.34306
3.6785,-11.365840000000002
3.6839,-11.37948
3.6893,-11.38766
3.6949,-11.312579999999999
3.7003,-11.267519999999998
3.7058,-11.240519999999998
3.7112,-11.304279999999999
3.7168,-11.342579999999998
3.7222,-11.365539999999998
3.7288,-11.379339999999994
3.7342,-11.307619999999996
3.7398,-11.264539999999995
3.7452,-11.238659999999996
3.7508,-11.223139999999995
3.7562,-11.293839999999996
3.7622,-11.336279999999999
3.7688,-11.36174
3.7742,-11.377059999999997
3.7798,-11.30618
3.7852,-11.2637
3.7909,-11.238219999999998
3.7963,-11.22286
3.8019,-11.293660000000003
3.8073,-11.33614
3.8138,-11.361660000000002
3.8192,-11.296940000000003
3.8249,-11.258140000000004
3.8303,-11.234840000000002
3.8358,-11.220820000000002
3.8412,-11.292520000000001
3.8468,-11.335460000000001
3.8522,-11.361260000000001
3.8591,-11.376720000000002
3.8646,-11.386020000000002
3.87,-11.311620000000001
3.8754,-11.266960000000001
3.881,-11.24014
3.8864,-11.30406
3.8919,-11.34244
3.8973,-11.365440000000001
3.9038,-11.299259999999999
3.9092,-11.2595
3.915,-11.2357
3.9205,-11.22144
3.926,-11.29282
3.9315,-11.335680000000002
3.9369,-11.361420000000003
3.9433,-11.376840000000001
3.9489,-11.306080000000001
3.9543,-11.343660000000002
3.9599,-11.366180000000002
3.9658,-11.379660000000001
3.9712,-11.387780000000001
3.9768,-11.39268
3.9833,-11.39562
3.9888,-11.39736
3.9942,-11.39842
3.9999,-11.399019999999998
4.0056,-11.399439999999998
4.0111,-11.39964
4.0167,-11.399779999999998
4.0221,-11.399919999999998
4.0286,-11.40002
4.0341,-11.40004
4.0398,-11.400039999999999
4.0452,-11.400039999999999
4.0509,-11.400039999999999
4.0564,-11.400039999999999
4.0619,-11.400059999999998
4.0673,-11.400059999999998
4.0739,-11.40004
4.0805,-11.48006
4.0861,-11.44806
4.0917,-11.42886
4.0973,-11.417340000000001
4.1039,-11.41046
4.1097,-11.406300000000002
4.1153,-11.403780000000001
4.1209,-11.402299999999999
4.1265,-11.40136
4.1319,-11.400839999999999
4.1383,-11.400559999999999
4.1439,-11.400379999999998
4.1496,-11.40026
4.155,-11.400139999999999
4.1604,-11.400099999999998
4.166,-11.480099999999998
4.1715,-11.448099999999998
4.1769,-11.42884
4.1833,-11.417319999999997
4.1889,-11.410419999999998
4.1943,-11.406279999999997
4.1999,-11.403739999999997
4.2055,-11.402239999999997
4.2111,-11.401379999999998
4.2167,-11.400799999999998
4.2222,-11.400459999999999
4.2288,-11.4003
4.2342,-11.400220000000001
4.2399,-11.320139999999999
4.2457,-11.352099999999998
4.2511,-11.371299999999998
4.2565,-11.382799999999998
4.2619,-11.389679999999998
4.2673,-11.393819999999998
4.274,-11.396319999999998
4.2797,-11.317779999999997
4.2851,-11.270659999999996
4.2908,-11.322359999999996
4.2962,-11.353379999999998
4.3018,-11.372039999999998
4.3072,-11.383179999999998
4.3138,-11.389919999999998
4.3192,-11.393959999999998
4.3249,-11.316379999999999
4.3303,-11.349859999999998
4.336,-11.369919999999997
4.3417,-11.38196
4.3471,-11.389159999999999
4.3539,-11.393479999999998
4.3593,-11.39608
4.3649,-11.317660000000002
4.3705,-11.35062
4.376,-11.370400000000002
4.3816,-11.38226
4.3872,-11.389339999999999
4.3938,-11.3936
4.3992,-11.39618
4.4049,-11.39774
4.4103,-11.3987
4.416,-11.39924
4.4217,-11.39948
4.4271,-11.399700000000001
4.4339,-11.399820000000002
4.4393,-11.399920000000002
4.4449,-11.399960000000002
4.4505,-11.399980000000003
4.456,-11.399980000000001
4.4616,-11.399980000000001
4.4672,-11.400020000000001
4.4738,-11.400000000000002
4.4792,-11.399980000000001
4.4849,-11.40002
4.4903,-11.48
4.4959,-11.44798
4.5017,-11.42882
4.5071,-11.41728
4.5139,-11.41034
4.5194,-11.4062
4.525,-11.483759999999998
4.5305,-11.450239999999999
4.536,-11.43014
4.5416,-11.4181
4.5472,-11.410880000000002
4.5538,-11.40656
4.5592,-11.40396
4.5649,-11.48242
4.5703,-11.52952
4.576,-11.47776
4.5817,-11.4467
4.5871,-11.428040000000001
4.5939,-11.41686
4.5993,-11.41008
4.6049,-11.48608
4.6103,-11.53168
4.616,-11.478980000000002
4.6216,-11.447420000000001
4.6271,-11.42844
4.6339,-11.417099999999998
4.6393,-11.4103
4.6449,-11.40622
4.6505,-11.48374
4.656,-11.45026
4.6617,-11.43014
4.6672,-11.418079999999998
4.6741,-11.410839999999997
4.6798,-11.4065
4.6852,-11.403899999999998
4.6911,-11.482379999999997
4.6967,-11.449419999999996
4.702,-11.429639999999996
4.7074,-11.417839999999998
4.7139,-11.410699999999999
4.7193,-11.40646
4.7249,-11.483899999999998
4.7304,-11.530339999999999
4.736,-11.478219999999999
4.7416,-11.446919999999999
4.7472,-11.428180000000001
4.7539,-11.416900000000002
4.7594,-11.41014
4.765,-11.4861
4.7704,-11.53168
4.776,-11.479040000000001
4.7816,-11.447440000000002
4.7871,-11.428500000000001
4.7937,-11.41712
4.7991,-11.490319999999999
4.8048,-11.53418
4.8102,-11.4805
4.8158,-11.448339999999998
4.8217,-11.429039999999999
4.8271,-11.417419999999998
4.834,-11.410479999999998
4.8394,-11.486299999999995
4.845,-11.531779999999996
4.8505,-11.479059999999995
4.8559,-11.447399999999996
4.8617,-11.428459999999998
4.8672,-11.417079999999997
4.8739,-11.410239999999995
4.8795,-11.486179999999994
4.885,-11.531739999999996
4.8911,-11.479059999999995
4.8967,-11.447439999999995
4.902,-11.428519999999997
4.9075,-11.417119999999995
4.9141,-11.410319999999995
4.9198,-11.406219999999996
4.9253,-11.483719999999996
4.9312,-11.530199999999997
4.9369,-11.478119999999995
4.9423,-11.446879999999995
4.9489,-11.428139999999992
4.9545,-11.416879999999994
4.96,-11.410159999999994
4.9657,-11.486099999999995
4.9711,-11.531679999999996
4.9768,-11.478999999999996
4.9823,-11.447419999999997
4.9889,-11.428499999999994
4.9943,-11.417079999999997
4.9999,-11.410239999999996
5.0056,-11.406139999999995
5.0111,-11.403699999999995
5.0168,-11.402239999999995
5.0223,-11.401359999999995
5.0289,-11.400839999999999
5.0343,-11.400519999999998
5.0399,-11.40032
5.0456,-11.4802
5.0511,-11.448139999999999
5.0567,-11.428899999999999
5.0621,-11.41734
5.0687,-11.4104
5.0741,-11.406239999999999
5.0797,-11.403739999999999
5.0851,-11.40226
5.0911,-11.40138
5.0965,-11.40082
5.1018,-11.400500000000001
5.1072,-11.4003
5.1138,-11.40016
5.1192,-11.40006
5.1249,-11.4
5.1304,-11.39998
5.136,-11.399980000000001
5.1416,-11.399980000000003
5.1472,-11.399980000000003
5.1541,-11.4
5.1597,-11.399980000000001
5.1651,-11.399940000000003
5.171,-11.399980000000001
5.1765,-11.39994
5.1819,-11.39994
5.1873,-11.399939999999999
5.1939,-11.39988
5.1993,-11.399899999999999
5.2049,-11.4799
5.2105,-11.44794
5.216,-11.42878
5.2216,-11.417259999999999
5.2272,-11.410319999999997
5.2341,-11.406139999999999
5.2397,-11.403659999999999
5.2451,-11.482159999999999
5.2508,-11.449259999999999
5.2562,-11.429579999999998
5.2617,-11.417759999999998
5.2673,-11.410659999999998
5.2738,-11.406339999999998
5.2793,-11.403799999999997
5.2849,-11.482299999999997
5.2905,-11.529379999999998
5.296,-11.477579999999998
5.3016,-11.446539999999997
5.3072,-11.427939999999996
5.3141,-11.416779999999996
5.3198,-11.410059999999996
5.3252,-11.406039999999996
5.3311,-11.403619999999995
5.3367,-11.402119999999996
5.342,-11.401239999999998
5.3475,-11.400719999999996
5.3539,-11.400439999999998
5.3593,-11.400219999999997
5.3649,-11.400139999999995
5.3705,-11.400079999999996
5.376,-11.400039999999995
5.3817,-11.399979999999994
5.3872,-11.399959999999993
5.3941,-11.399919999999995
5.3997,-11.399999999999995
5.4051,-11.399979999999996
5.4109,-11.399979999999996
5.4163,-11.399999999999997
5.4218,-11.399999999999999
5.4275,-11.399999999999999
5.4339,-11.399999999999999
5.4393,-11.399959999999998
5.445,-11.399979999999998
5.4504,-11.399939999999997
5.456,-11.399939999999999
5.4617,-11.39992
5.4671,-11.399940000000003
5.474,-11.399960000000002
5.4795,-11.400020000000001
5.485,-11.4
5.4904,-11.40002
5.496,-11.400020000000001
5.5016,-11.40002
5.5072,-11.40002
5.5138,-11.400019999999998
5.5192,-11.40006
5.5249,-11.40006
5.5303,-11.40006
5.536,-11.40008
5.5417,-11.40002
5.5471,-11.399999999999999
5.5539,-11.399959999999998
5.5593,-11.39998
5.5649,-11.399959999999998
5.5705,-11.319959999999998
5.576,-11.351979999999998
5.5816,-11.371199999999998
5.5872,-11.38274
5.5938,-11.389619999999999
5.5992,-11.39374
5.6049,-11.396259999999998
5.6103,-11.397780000000001
5.6158,-11.39864
5.6217,-11.39924
5.6271,-11.399520000000003
5.6339,-11.39976
5.6394,-11.399840000000003
5.645,-11.399880000000003
5.6504,-11.399940000000003
5.656,-11.319960000000002
5.6617,-11.352000000000002
5.667,-11.371260000000001
5.6736,-11.382740000000002
5.679,-11.389680000000002
5.6845,-11.393740000000001
5.69,-11.39626
5.6955,-11.39772
5.7009,-11.3986
5.7063,-11.39918
5.7119,-11.3995
5.7186,-11.39968
5.724,-11.399819999999998
5.7295,-11.39988
5.735,-11.39998
5.7408,-11.4
5.7463,-11.40004
5.7519,-11.400060000000002
5.7586,-11.40008
5.764,-11.400040000000002
5.7695,-11.480020000000001
5.775,-11.44802
5.7805,-11.42882
5.7859,-11.417300000000001
5.7915,-11.410400000000003
5.7969,-11.406260000000001
5.8037,-11.483780000000001
5.8092,-11.53028
5.815,-11.47816
5.8207,-11.446900000000001
5.8263,-11.428160000000002
5.832,-11.416900000000002
5.8386,-11.490140000000002
5.844,-11.534180000000001
5.8495,-11.560520000000002
5.8551,-11.576300000000003
5.8608,-11.505740000000001
5.8662,-11.463520000000003
5.8719,-11.438120000000003
5.8786,-11.502880000000003
5.8841,-11.54176
5.8901,-11.56502
5.8958,-11.5789
5.9016,-11.50716
5.9071,-11.463700000000001
5.914,-11.51568
5.9195,-11.54488
5.925,-11.559399999999997
5.9309,-11.563799999999999
5.9363,-11.5603
5.9419,-11.55007
5.9474,-11.453236000000002
5.9542,-11.444816000000001
5.9601,-11.419256000000003
5.9657,-11.379318000000001
5.9712,-11.326356000000002
5.9769,-11.260632000000001
5.9823,-11.101944000000001
5.989,-10.961753999999999
5.9949,-10.826562
6.0005,-10.703547999999998
6.0059,-10.558325999999997
6.0115,-10.392587999999998
6.0169,-10.2073348
6.0225,-9.9232234
6.0289,-9.652907399999998
6.0345,-9.384321400000001
6.04,-9.110379400000001
6.0457,-8.783307400000002
6.0513,-8.457995400000001
6.059,-8.049081400000002
6.0645,-7.665769400000001
6.07,-7.293933399999998
6.0754,-6.925621399999998
6.081,-6.485421399999998
6.0864,-6.0680814
6.0918,-5.582641399999999
6.0972,-5.134923399999999
6.1038,-4.708583399999998
6.1092,-4.2942274
6.1151,-3.8864593999999997
6.1207,-3.482233399999999
6.126,-2.9200733999999993
6.1315,-2.4227733999999987
6.1369,-1.9644533999999987
6.1425,-1.5294733999999979
6.1489,-1.1084933999999975
6.1543,-0.6958133999999984
6.1599,-0.28829339999999815
6.1655,0.2762465999999997
6.1711,0.7749665999999997
6.1767,1.2341665999999998
6.1821,1.6696265999999993
6.1887,2.0907466
6.1941,2.5030666
6.1997,2.9884866000000003
6.2051,3.4378466
6.2108,3.9443666000000004
6.2169,4.4039266
6.2224,4.833546600000001
6.2288,5.243196600000002
6.2342,5.638302600000001
6.2399,6.085042600000001
6.2455,6.4925426
6.2511,6.952484600000001
6.2567,7.359402600000001
6.2621,7.729658600000002
6.2675,8.072530600000002
6.2741,8.3932806
6.2797,8.694728600000001
6.2851,8.993674600000002
6.2909,9.261652600000001
6.2962,9.5837546
6.3019,9.851221400000002
6.3073,10.07879
6.3138,10.275474
6.3192,10.447028000000001
6.3249,10.597226000000001
6.3305,10.684734
6.336,10.848102000000003
6.3416,10.972368000000003
6.3472,11.068956000000002
6.354,11.145140000000001
6.3594,11.205588000000002
6.365,11.182648000000002
6.3704,11.175648
6.3758,11.176408000000002
6.3816,11.260430000000001
6.3871,11.313110000000002
6.3937,11.346154000000002
6.3991,11.366886000000001
6.4045,11.379739999999998
6.41,11.307759999999996
6.4155,11.26464
6.4208,11.318779999999999
6.4262,11.351259999999998
6.4318,11.370779999999998
6.4372,11.382459999999996
6.4439,11.389519999999997
6.4493,11.313779999999998
6.4549,11.268279999999997
6.4608,11.240979999999997
6.4662,11.304559999999997
6.4718,11.34278
6.4775,11.365639999999999
6.4839,11.379359999999998
6.4894,11.387599999999999
6.4949,11.312579999999999
6.5005,11.26756
6.506,11.2406
6.5114,11.30438
6.5169,11.3427
6.5223,11.3657
6.5288,11.3795
6.5342,11.30772
6.5398,11.264619999999999
6.5452,11.2388
6.5508,11.303300000000002
6.5562,11.341980000000001
6.5622,11.36518
6.5688,11.37906
6.5742,11.38738
6.5798,11.312500000000002
6.5851,11.267460000000002
6.5907,11.320440000000001
6.5963,11.352240000000002
6.6019,11.37132
6.6074,11.38282
6.6138,11.3896
6.6192,11.31374
6.6249,11.268239999999999
6.6303,11.24094
6.6358,11.304499999999999
6.6412,11.34272
6.6468,11.36558
6.6538,11.37932
6.6592,11.3876
6.6648,11.312539999999998
6.6702,11.26752
6.6758,11.32046
6.6812,11.352240000000002
6.6868,11.371320000000003
6.6923,11.382800000000003
6.6991,11.389700000000003
6.7047,11.313800000000002
6.7101,11.268280000000003
6.7157,11.320960000000001
6.7211,11.352600000000002
6.7267,11.371560000000002
6.7322,11.38286
6.7391,11.389720000000002
6.7447,11.3938
6.7501,11.3163
6.7555,11.26976
6.761,11.321899999999998
6.7665,11.353159999999997
6.772,11.371899999999997
6.7775,11.383099999999995
6.7839,11.389879999999996
6.7897,11.393919999999994
6.7952,11.396359999999996
6.8008,11.397799999999997
6.8065,11.398619999999996
6.8119,11.399099999999995
6.819,11.399439999999995
6.8245,11.399679999999998
6.83,11.399799999999997
6.8354,11.319839999999997
6.8409,11.351899999999999
6.8465,11.37106
6.8519,11.382639999999997
6.8575,11.38958
6.8639,11.393699999999999
6.8697,11.396279999999999
6.8751,11.317739999999999
6.8807,11.27066
6.8861,11.32242
6.8917,11.353399999999999
6.8972,11.372039999999998
6.9038,11.383159999999995
6.9092,11.389839999999998
6.9152,11.393919999999998
6.9208,11.316339999999999
6.9262,11.269779999999999
6.9318,11.32186
6.9372,11.353119999999999
6.9438,11.371879999999999
6.9492,11.383119999999998
6.9551,11.389839999999998
6.9605,11.313959999999996
6.966,11.26836
6.9715,11.321019999999999
6.9769,11.35258
6.9824,11.37156
6.9888,11.38292
6.9942,11.38974
6.9999,11.31384
7.0055,11.348260000000002
7.0111,11.368940000000002
7.0167,11.38138
7.0221,11.3888
7.0286,11.39328
7.034,11.395940000000001
7.0395,11.477560000000002
7.045,11.446540000000002
7.0505,11.42792
7.0559,11.416680000000001
7.0616,11.410020000000001
7.0672,11.406000000000002
7.074,11.40356
7.0794,11.322140000000001
7.085,11.35322
7.0904,11.37194
7.096,11.383180000000001
7.1016,11.389940000000003
7.107,11.393940000000002
7.1124,11.396300000000002
7.1188,11.397820000000001
7.1242,11.398680000000002
7.1299,11.399240000000004
7.1353,11.399520000000004
7.1408,11.399740000000003
7.1462,11.399820000000002
7.1551,11.399860000000004
7.1605,11.399900000000004
7.1659,11.399920000000003
7.1714,11.39996
7.1769,11.4
7.1824,11.4
7.1888,11.40002
7.1943,11.400060000000002
7.1999,11.40004
7.2056,11.400020000000001
7.2111,11.479960000000002
7.2167,11.44798
7.2221,11.428819999999998
7.2288,11.4173
7.2342,11.410399999999997
7.2399,11.406219999999998
7.2453,11.403679999999998
7.2511,11.402199999999997
7.2567,11.401319999999997
7.2621,11.400799999999998
7.2686,11.400479999999996
7.274,11.400259999999998
7.2794,11.400179999999997
7.2849,11.400079999999997
7.2904,11.320059999999996
7.2959,11.351999999999997
7.3017,11.371159999999996
7.3072,11.382699999999996
7.314,11.389619999999995
7.3194,11.393739999999996
7.325,11.316199999999995
7.3304,11.269679999999996
7.3359,11.241779999999997
7.3416,11.225099999999998
7.3471,11.295079999999995
7.3537,11.336999999999996
7.3591,11.362179999999997
7.3645,11.377279999999995
7.37,11.306359999999998
7.3754,11.263799999999998
7.3808,11.238239999999998
7.3862,11.30288
7.3918,11.341700000000001
7.3972,11.365
7.4039,11.37894
7.4093,11.307319999999999
7.415,11.26436
7.4208,11.238599999999996
7.4262,11.30312
7.4318,11.341860000000002
7.4375,11.36506
7.444,11.379040000000002
7.4494,11.387399999999998
7.455,11.31242
7.4604,11.26742
7.4658,11.32044
7.4712,11.352239999999997
7.4768,11.371299999999996
7.4822,11.382719999999997
7.4888,11.389619999999997
7.4942,11.31374
7.4998,11.268239999999997
7.5052,11.320919999999997
7.5108,11.352479999999996
7.5162,11.371419999999997
7.5222,11.382819999999997
7.5288,11.389699999999998
7.5342,11.393839999999999
7.5398,11.31624
7.5452,11.26976
7.5508,11.3218
7.5562,11.353079999999999
7.5618,11.371839999999999
7.5673,11.383099999999999
7.5742,11.389859999999999
7.5798,11.313959999999998
7.5852,11.268379999999999
7.5909,11.321
7.5967,11.35258
7.6021,11.371579999999998
7.6088,11.38298
7.6142,11.3898
7.6198,11.39388
7.6252,11.39632
7.6309,11.397779999999997
7.6365,11.398679999999999
7.6419,11.399199999999999
7.6475,11.399499999999998
7.654,11.399719999999999
7.6594,11.399839999999998
7.6648,11.399919999999998
7.6703,11.399959999999997
7.6758,11.399979999999996
7.6812,11.400019999999994
7.6868,11.400039999999995
7.6937,11.400079999999996
7.6991,11.400099999999997
7.7048,11.400099999999997
7.7102,11.320079999999999
7.7158,11.352039999999997
7.7212,11.371259999999998
7.7268,11.382779999999999
7.7323,11.389699999999998
7.7391,11.393839999999997
7.7447,11.396319999999996
7.7501,11.317779999999997
7.7557,11.350659999999998
7.7611,11.3704
7.7667,11.38226
7.7722,11.389360000000002
7.7791,11.3937
7.7848,11.396180000000001
7.7902,11.317680000000001
7.7958,11.27066
7.8012,11.32242
7.8068,11.353520000000001
7.8125,11.372140000000002
7.8191,11.383260000000002
7.8245,11.390000000000002
7.83,11.393960000000002
7.8354,11.31638
7.8408,11.26988
7.8462,11.321900000000001
7.8519,11.35314
7.8573,11.37188
7.8638,11.3831
7.8692,11.389860000000002
7.8752,11.313960000000002
7.8808,11.268360000000003
7.8862,11.241000000000003
7.8918,11.304580000000005
7.8973,11.342700000000004
7.9038,11.365660000000004
7.9092,11.379400000000004
7.9151,11.307600000000003
7.9205,11.264560000000001
7.926,11.238760000000001
7.9314,11.303260000000002
7.9369,11.341960000000002
7.9424,11.365120000000003
7.9488,11.379080000000002
7.9543,11.307440000000003
7.9597,11.264460000000001
7.9651,11.238660000000001
7.9709,11.30316
7.9763,11.34188
7.9818,11.36508
7.9874,11.37902
7.9939,11.387400000000001
7.9993,11.31244
8.0049,11.26748
8.0104,11.320480000000002
8.0159,11.352260000000001
8.0215,11.3713
8.0271,11.382739999999998
8.0339,11.38966
8.0395,11.313759999999997
8.045,11.748259999999998
8.0505,12.008939999999997
8.0559,12.165379999999999
8.0617,12.25914
8.0672,12.315499999999998
8.0738,12.349279999999998
8.0792,12.369499999999997
8.0849,12.381679999999998
8.0903,12.388939999999996
8.0959,12.393319999999996
8.1017,12.395979999999996
8.1072,12.397579999999996
8.114,12.398559999999996
8.1194,12.399139999999997
8.1249,12.479419999999998
8.1304,12.447619999999995
8.1359,12.428559999999996
8.1415,12.417139999999996
8.1472,12.410259999999997
8.1538,12.406139999999997
8.1592,12.403619999999997
8.1649,12.482199999999997
8.1703,12.529339999999998
8.1762,12.477579999999996
8.1818,12.446539999999997
8.1874,12.427879999999996
8.2195,12.416699999999997
8.225,12.410039999999997
8.2304,12.405999999999997
8.2359,12.483559999999997
8.2413,12.450159999999999
8.2468,12.430079999999998
8.2538,12.418079999999998
8.2592,12.41082
8.2649,12.406479999999998
8.2703,12.483919999999998
8.2758,12.530339999999997
8.2812,12.478239999999998
8.2868,12.44694
8.2924,12.42818
8.2991,12.41686
8.3047,12.4101
8.3101,12.48604
8.3157,12.5316
8.3212,12.47894
8.3268,12.4474
8.3338,12.428439999999997
8.3392,12.41706
8.3449,12.490219999999999
8.3503,12.534139999999997
8.3559,12.080439999999996
8.3613,11.808259999999997
8.3668,11.64494
8.3722,11.547
8.3793,11.48822
8.3849,11.45296
8.3904,11.511800000000001
8.3959,11.467080000000001
8.4015,11.44028
8.4069,11.424199999999999
8.414,11.414539999999999
8.4195,11.40872
8.425,11.405239999999996
8.4305,11.483159999999996
8.4359,11.449919999999997
8.4414,11.429979999999995
8.4469,11.417999999999997
8.4525,11.410779999999995
8.4592,11.406479999999995
8.4648,11.403919999999996
8.4703,11.402379999999996
8.4759,11.401419999999995
8.482,11.400859999999996
8.4875,11.400539999999992
8.4939,11.400379999999995
8.4993,11.400259999999996
8.5049,11.400179999999994
8.5104,11.480099999999997
8.5158,11.528099999999995
8.5213,11.476879999999998
8.5268,11.446139999999998
8.5324,11.427719999999997
8.5391,11.416639999999997
8.5447,11.409999999999998
8.5501,11.486039999999997
8.5558,11.45164
8.5612,11.431020000000002
8.5669,11.418620000000002
8.5739,11.411200000000003
8.5793,11.406740000000003
8.585,11.404100000000003
8.5904,11.402460000000005
8.5959,11.321500000000004
8.6013,11.352920000000005
8.6068,11.371780000000005
8.6124,11.383060000000004
8.6191,11.389860000000004
8.6247,11.393900000000004
8.6301,11.316380000000004
8.6357,11.269880000000002
8.6412,11.321940000000001
8.6468,11.353180000000002
8.6538,11.371879999999999
8.6592,11.383119999999998
8.6649,11.38988
8.6703,11.393939999999999
8.6759,11.316379999999999
8.6813,11.349879999999999
8.6868,11.369939999999998
8.6925,11.381939999999998
8.6991,11.389139999999998
8.7047,11.393479999999997
8.7101,11.396059999999997
8.7155,11.317619999999998
8.7209,11.350539999999995
8.7263,11.370319999999996
8.7318,11.382179999999996
8.7373,11.389279999999996
8.7439,11.393559999999997
8.7495,11.396099999999997
8.7552,11.397679999999998
8.7608,11.318599999999998
8.7662,11.351159999999997
8.7718,11.370699999999998
8.7773,11.382359999999997
8.7839,11.389399999999997
8.7895,11.393639999999998
8.7951,11.316179999999997
8.8007,11.269699999999997
8.8062,11.321839999999996
8.8118,11.353079999999997
8.8173,11.371859999999996
8.8239,11.383139999999997
8.8296,11.389879999999996
8.8351,11.313879999999994
8.8407,11.268279999999997
8.8461,11.240959999999994
8.8517,11.304539999999996
8.8572,11.342659999999997
8.8637,11.365579999999996
8.8691,11.379339999999996
8.875,11.387579999999996
8.8804,11.392539999999999
8.8858,11.39552
8.8912,11.39732
8.8968,11.39838
8.9022,11.398940000000001
8.9088,11.39916
8.9142,11.398840000000002
8.9197,11.39794
8.9251,11.31622
8.9309,11.342220000000001
8.9364,11.353479999999998
8.9418,11.35414
8.9475,11.34636
8.9539,11.331040000000002
8.9593,11.308314000000001
8.965,11.197849999999999
8.9704,11.111093999999996
8.9758,11.085413999999997
8.9817,11.036051999999998
8.9872,10.967201999999997
8.9941,10.880941999999994
8.9997,10.778129999999997
9.0051,10.578901999999996
9.011,10.394957999999997
9.0164,10.214578
9.0218,10.020563999999997
9.0275,9.811187179999997
9.0339,9.585732779999995
9.0394,9.343978779999993
9.0449,9.086190779999995
9.0504,8.732898779999996
9.0559,8.347804779999997
9.0616,7.983044779999997
9.0671,7.6261607799999975
9.0735,7.270190779999997
9.0789,6.911364779999999
9.0848,6.547774779999999
9.0902,6.025514779999999
9.0958,5.557134779999998
9.1015,5.119554779999998
9.107,4.699314779999998
9.1124,4.288680779999998
9.1188,3.883172779999997
9.1242,3.480322779999999
9.1297,2.998942779999998
9.1351,2.470162779999999
9.1408,1.9929227799999996
9.1462,1.5465627799999992
9.1518,1.1187027799999991
9.1572,0.7020227799999996
9.1639,0.29196277999999964
9.1693,-0.27405721999999966
9.175,-0.7736772200000004
9.1808,-1.2334372199999997
9.1862,-1.6691772199999995
9.1918,-2.09051722
9.1986,-2.5028972200000004
9.204,-2.9096172200000003
9.2095,-3.31243722
9.2152,-3.869137220000001
9.2216,-4.35883722
9.2271,-4.806537220000001
9.2337,-5.227057220000002
9.2391,-5.708717220000001
9.2448,-6.22413122
9.2503,-6.676587220000001
9.2559,-7.08759122
9.2617,-7.52051122
9.2671,-7.906309220000001
9.2738,-8.25857922
9.2793,-8.664979219999998
9.2849,-9.017727219999998
9.2903,-9.331839219999997
9.2958,-9.615935219999997
9.3015,-9.876355219999995
9.3071,-10.106821219999995
9.3136,-10.392124399999997
9.319,-10.623489999999997
9.3246,-10.815875999999996
9.3301,-10.978547999999996
9.3357,-11.117535999999996
9.3413,-11.187801999999996
9.347,-11.256201999999996
9.3524,-11.319277999999999
9.3589,-11.455307999999999
9.3643,-11.551662
9.3708,-11.621172000000001
9.3763,-11.598772
9.385,-11.590252000000001
9.3925,-11.588672
9.4,-11.589992
9.4057,-11.592298000000001
9.4113,-11.67453
9.4168,-11.72432
9.4224,-11.674559999999998
9.4289,-11.644760000000002
9.4353,-11.626840000000001
9.4409,-11.696120000000002
9.4463,-11.737660000000004
9.4518,-11.762580000000002
9.4574,-11.777520000000003
9.4638,-11.706500000000002
9.4692,-11.663920000000003
9.475,-11.63836
9.4804,-11.623060000000002
9.4858,-11.61382
9.4912,-11.68832
9.4968,-11.73296
9.5022,-11.759780000000001
9.5087,-11.695920000000001
9.5141,-11.657540000000003
9.5198,-11.634540000000001
9.5252,-11.620720000000002
9.531,-11.612439999999998
9.5364,-11.527499999999998
9.5418,-11.476519999999995
9.5474,-11.445919999999997
9.5541,-11.427579999999997
9.5597,-11.416599999999997
9.5651,-11.409999999999997
9.5709,-11.325959999999998
9.5771,-11.355619999999998
9.5836,-11.373399999999998
9.589,-11.384039999999997
9.5944,-11.390459999999996
9.6,-11.394279999999997
9.6055,-11.316599999999998
9.6109,-11.349999999999998
9.6162,-11.370039999999998
9.6218,-11.38204
9.6274,-11.38928
9.6341,-11.3936
9.6397,-11.396239999999999
9.6451,-11.39778
9.6509,-11.31866
9.6563,-11.351220000000001
9.6618,-11.370759999999999
9.6675,-11.382460000000002
9.6739,-11.389560000000001
9.6794,-11.39376
9.685,-11.396280000000003
9.6904,-11.3978
9.6959,-11.398700000000002
9.7017,-11.399240000000002
9.707,-11.399560000000001
9.7124,-11.399740000000001
9.7193,-11.399859999999999
9.7251,-11.319939999999999
9.7309,-11.272
9.7363,-11.323239999999998
9.7418,-11.353959999999999
9.7474,-11.37238
9.754,-11.38338
9.7595,-11.389999999999999
9.765,-11.393980000000003
9.7705,-11.39638
9.7759,-11.39784
9.7816,-11.39874
9.787,-11.39922
9.7925,-11.39954
9.7989,-11.39976
9.8048,-11.399840000000001
9.8102,-11.39992
9.8158,-11.319920000000002
9.8215,-11.271939999999999
9.827,-11.323139999999999
9.8324,-11.353879999999998
9.8389,-11.372339999999998
9.8444,-11.383339999999999
9.8498,-11.389959999999999
9.8552,-11.394019999999998
9.8608,-11.3164
9.8662,-11.349820000000001
9.8718,-11.369900000000001
9.8785,-11.381960000000001
9.8839,-11.389180000000001
9.8894,-11.39348
9.895,-11.316040000000001
9.9007,-11.26958
9.9062,-11.3217
9.9118,-11.352979999999999
9.9175,-11.37174
9.9239,-11.383000000000001
9.9294,-11.38978
9.9349,-11.393859999999998
9.9404,-11.31626
9.9458,-11.269739999999999
9.9512,-11.321819999999999
9.9568,-11.353039999999998
9.9624,-11.371799999999999
9.9689,-11.38308
9.9743,-11.389819999999999
9.9798,-11.313859999999998
9.9852,-11.2683
9.9908,-11.240979999999999
9.9962,-11.304559999999999
10.002,-11.342739999999997
10.009,-11.365639999999996
10.014,-11.379339999999997
10.02,-11.307579999999996
10.025,-11.264519999999996
10.031,-11.318739999999995
10.036,-11.351299999999998
10.042,-11.370779999999996
10.049,-11.382439999999999
10.054,-11.389439999999999
10.059,-11.313599999999997
10.065,-11.268159999999998
10.07,-11.240899999999998
10.076,-11.304519999999998
10.081,-11.342699999999999
10.087,-11.365639999999999
10.092,-11.37934
10.099,-11.38762
10.105,-11.392579999999999
10.11,-11.395600000000004
10.116,-11.397380000000002
10.121,-11.398420000000003
10.127,-11.399080000000001
10.132,-11.399480000000002
10.139,-11.39966
10.145,-11.399820000000002
10.15,-11.319960000000002
10.156,-11.352000000000004
10.161,-11.37118
10.167,-11.382719999999999
10.174,-11.389660000000001
10.179,-11.39384
10.185,-11.396339999999997
10.19,-11.39784
10.196,-11.398739999999998
10.201,-11.39928
10.207,-11.399560000000001
10.212,-11.399759999999997
10.219,-11.399899999999999
10.225,-11.399999999999999
10.23,-11.39998
10.236,-11.400039999999999
10.241,-11.400079999999999
10.247,-11.400079999999999
10.252,-11.400079999999999
10.259,-11.40008
10.265,-11.400099999999998
10.27,-11.40008
10.276,-11.40006
10.281,-11.400079999999999
10.287,-11.40006
10.292,-11.40002
10.299,-11.40004
10.305,-11.40002
10.31,-11.399999999999999
10.316,-11.320020000000001
10.321,-11.272000000000002
10.327,-11.32324
10.332,-11.35396
10.339,-11.37244
10.345,-11.38354
10.35,-11.390159999999998
10.356,-11.394139999999998
10.361,-11.316499999999998
10.367,-11.349919999999996
10.372,-11.369979999999996
10.379,-11.382019999999999
10.384,-11.38924
10.39,-11.393579999999996
10.395,-11.316159999999996
10.401,-11.26968
10.406,-11.321819999999997
10.412,-11.353119999999995
10.417,-11.371859999999998
10.424,-11.38318
10.429,-11.38992
10.435,-11.393900000000002
10.44,-11.316360000000001
10.446,-11.34984
10.451,-11.36992
10.457,-11.38198
10.462,-11.389180000000001
10.469,-11.393500000000001
10.474,-11.3161
10.48,-11.26966
10.486,-11.24182
10.491,-11.305140000000002
10.497,-11.343080000000002
10.502,-11.365840000000002
10.509,-11.379500000000002
10.514,-11.387760000000002
10.52,-11.312660000000001
10.525,-11.267560000000001
10.531,-11.320540000000001
10.537,-11.352380000000002
10.542,-11.371420000000004
10.549,-11.382840000000002
10.554,-11.38972
10.56,-11.393840000000003
10.565,-11.316340000000002
10.571,-11.349820000000001
10.577,-11.369940000000001
10.582,-11.38202
10.589,-11.389260000000002
10.594,-11.393600000000001
10.6,-11.396180000000001
10.605,-11.397740000000002
10.611,-11.398700000000002
10.616,-11.399280000000001
10.622,-11.39956
10.627,-11.3997
10.634,-11.39984
10.639,-11.479899999999997
10.645,-11.527979999999998
10.65,-11.476819999999998
10.656,-11.446119999999997
10.662,-11.427679999999995
10.667,-11.416639999999997
10.674,-11.409979999999997
10.679,-11.485979999999996
10.685,-11.531599999999997
10.69,-11.478979999999996
10.696,-11.447379999999997
10.702,-11.428479999999997
10.707,-11.417099999999996
10.714,-11.410259999999997
10.719,-11.406199999999998
10.725,-11.483740000000001
10.73,-11.450259999999998
10.736,-11.43018
10.742,-11.4181
10.747,-11.410880000000002
10.754,-11.406519999999999
10.76,-11.40392
10.765,-11.482339999999999
10.771,-11.529419999999998
10.777,-11.477619999999998
10.784,-11.446579999999997
10.789,-11.427959999999999
10.795,-11.416759999999998
10.801,-11.41006
10.806,-11.48604
10.812,-11.531639999999998
10.817,-11.478959999999999
10.824,-11.447319999999998
10.829,-11.428399999999996
10.835,-11.417059999999998
10.84,-11.410219999999995
10.846,-11.406139999999995
10.851,-11.483659999999995
10.857,-11.450199999999995
10.862,-11.430099999999998
10.869,-11.417979999999995
10.874,-11.410779999999995
10.88,-11.406439999999996
10.885,-11.403799999999997
10.891,-11.482259999999998
10.897,-11.449279999999996
10.902,-11.429519999999997
10.909,-11.417679999999997
10.914,-11.410619999999998
10.92,-11.40634
10.925,-11.323779999999998
10.931,-11.274219999999998
10.937,-11.324459999999998
10.942,-11.354599999999996
10.949,-11.372699999999996
10.954,-11.383559999999996
10.959,-11.390079999999998
10.965,-11.313999999999998
10.97,-11.268359999999994
10.976,-11.320939999999995
10.982,-11.35254
10.987,-11.371459999999999
10.994,-11.382819999999995
10.999,-11.389679999999997
11.005,-11.393739999999996
11.01,-11.316159999999995
11.016,-11.349639999999996
11.022,-11.369739999999995
11.027,-11.381799999999998
11.034,-11.389039999999998
11.039,-11.393379999999999
11.044,-11.395999999999999
11.05,-11.317559999999999
11.055,-11.35048
11.061,-11.37028
11.066,-11.382159999999997
11.072,-11.38926
11.077,-11.393519999999999
11.084,-11.39608
11.09,-11.31758
11.096,-11.270499999999998
11.101,-11.32228
11.107,-11.35334
11.112,-11.37196
11.119,-11.38312
11.124,-11.3898
11.13,-11.473799999999999
11.135,-11.44422
11.141,-11.42648
11.146,-11.415840000000001
11.152,-11.409460000000001
11.157,-11.40564
11.164,-11.40338
11.169,-11.48198
11.175,-11.44914
11.18,-11.429479999999998
11.186,-11.417639999999997
11.192,-11.410559999999997
11.198,-11.406319999999997
11.204,-11.403719999999996
11.209,-11.402219999999996
11.215,-11.481299999999997
11.22,-11.4488
11.226,-11.429319999999999
11.231,-11.417619999999996
11.237,-11.410559999999998
11.245,-11.406299999999998
11.251,-11.403779999999998
11.256,-11.48224
11.262,-11.449319999999998
11.267,-11.429619999999998
11.274,-11.417800000000002
11.279,-11.410680000000001
11.285,-11.406360000000001
11.29,-11.403820000000001
11.296,-11.48232
11.302,-11.449419999999998
11.307,-11.429619999999998
11.313,-11.417779999999999
11.319,-11.4107
11.325,-11.40646
11.33,-11.40388
11.336,-11.402339999999999
11.341,-11.321399999999999
11.347,-11.352799999999998
11.352,-11.371659999999999
11.359,-11.382979999999998
11.364,-11.389799999999997
11.37,-11.393839999999997
11.375,-11.396319999999994
11.381,-11.397819999999994
11.386,-11.398719999999994
11.392,-11.399199999999993
11.397,-11.399519999999995
11.404,-11.399699999999996
11.409,-11.399899999999997
11.415,-11.319959999999996
11.421,-11.271979999999997
11.426,-11.323239999999997
11.432,-11.35398
11.437,-11.37242
11.444,-11.383479999999999
11.449,-11.390059999999998
11.455,-11.314079999999999
11.46,-11.2685
11.466,-11.3211
11.471,-11.35264
11.477,-11.371579999999998
11.482,-11.382939999999998
11.489,-11.389800000000001
11.494,-11.39388
11.499,-11.316340000000002
11.505,-11.269780000000003
11.51,-11.241859999999999
11.516,-11.3051
11.522,-11.34306
11.529,-11.365879999999999
11.534,-11.379539999999999
11.54,-11.307759999999998
11.545,-11.264699999999998
11.551,-11.238779999999998
11.557,-11.223220000000003
11.562,-11.2939
11.569,-11.336360000000003
11.574,-11.361780000000001
11.58,-11.29704
11.585,-11.258140000000001
11.591,-11.234919999999999
11.597,-11.220920000000003
11.602,-11.292500000000002
11.608,-11.335440000000004
11.614,-11.36126
11.619,-11.37674
11.625,-11.38598
11.63,-11.31156
11.636,-11.2669
11.641,-11.240099999999998
11.647,-11.304019999999996
11.652,-11.342379999999997
11.659,-11.365419999999997
11.664,-11.379239999999996
11.67,-11.307499999999997
11.675,-11.264539999999998
11.681,-11.238739999999998
11.686,-11.303259999999996
11.692,-11.341879999999998
11.697,-11.365119999999997
11.704,-11.379059999999999
11.709,-11.307359999999997
11.715,-11.26438
11.721,-11.238639999999998
11.726,-11.223099999999999
11.732,-11.29386
11.737,-11.336279999999999
11.744,-11.361720000000004
11.749,-11.297
11.755,-11.258260000000002
11.76,-11.23494
11.766,-11.220960000000002
11.771,-11.292560000000002
11.777,-11.335560000000001
11.782,-11.361320000000001
11.789,-11.376800000000001
11.794,-11.38608
11.8,-11.31168
11.805,-11.267
11.811,-11.320199999999998
11.817,-11.352119999999998
11.822,-11.371259999999998
11.829,-11.38272
11.834,-11.38962
11.839,-11.39378
11.845,-11.3163
11.851,-11.34976
11.856,-11.36994
11.862,-11.381939999999998
11.867,-11.38918
11.874,-11.393459999999997
11.88,-11.39616
11.885,-11.317720000000001
11.891,-11.350659999999998
11.896,-11.3704
11.902,-11.382200000000003
11.907,-11.389280000000003
11.914,-11.393440000000002
11.919,-11.395540000000002
11.925,-11.396180000000001
11.93,-11.31544
11.936,-11.342459999999997
11.942,-11.35456
11.947,-11.356139999999998
11.954,-11.3494
11.959,-11.335189999999999
11.965,-11.313725999999999
11.97,-11.204749999999999
11.976,-11.175949999999998
11.982,-11.130516
11.987,-11.07027
11.993,-10.996044
11.999,-10.907698
12.005,-10.804846
12.01,-10.686902
12.016,-10.48315
12.022,-10.283764000000001
12.027,-10.079758000000002
12.033,-9.8658674
12.039,-9.638970800000003
12.045,-9.397710800000002
12.05,-9.103968800000002
12.056,-8.724742800000003
12.061,-8.3690308
12.067,-8.0227868
12.072,-7.677866800000001
12.079,-7.329842800000001
12.084,-6.9087228000000005
12.09,-6.5056208
12.095,-6.0310468
12.101,-5.5915708
12.106,-5.171622800000001
12.112,-4.762220800000001
12.118,-4.358144800000002
12.124,-3.9566968000000013
12.129,-3.4765968000000007
12.135,-2.9487368000000003
12.141,-2.4719368000000013
12.146,-2.0259368000000015
12.152,-1.5983368000000004
12.157,-1.1818368
12.164,-0.7717967999999987
12.169,-0.2858767999999992
12.175,0.2456832000000018
12.18,0.7246832000000013
12.187,1.1719632000000006
12.193,1.600323200000001
12.199,2.017283200000001
12.205,2.4270832000000016
12.21,2.9122832
12.216,3.362283200000001
12.221,3.8677632
12.227,4.3270032
12.234,4.756863200000001
12.24,5.1670432
12.245,5.6430131999999995
12.251,6.075669199999999
12.256,6.4791732
12.262,6.9177932
12.267,7.312839199999999
12.274,7.6768931999999985
12.279,8.017247199999998
12.285,8.417581199999997
12.29,8.768009199999998
12.296,9.082005199999998
12.302,9.3774132
12.307,9.637567199999998
12.314,9.869321199999998
12.319,10.0768106
12.325,10.342813999999999
12.33,10.557253999999999
12.336,10.696971999999997
12.342,10.817785999999998
12.347,10.922093999999998
12.354,11.011869999999998
12.36,11.088529999999999
12.366,11.233505999999998
12.371,11.268186
12.377,11.298584
12.382,11.32409
12.389,11.344654
12.394,11.440746
12.4,11.500924000000001
12.406,11.538568
12.411,11.56222
12.417,11.49718
12.422,11.458319999999999
12.429,11.434980000000001
12.435,11.500959999999997
12.44,11.54054
12.446,11.5644
12.451,11.57868
12.457,11.507280000000002
12.462,11.46442
12.469,11.4386
12.474,11.5032
12.48,11.541899999999998
12.486,11.565119999999997
12.491,11.579039999999999
12.497,11.507459999999996
12.502,11.464459999999997
12.509,11.438639999999998
12.515,11.423119999999995
12.521,11.493879999999994
12.526,11.536319999999996
12.532,11.481819999999995
12.539,11.449139999999995
12.544,11.429439999999996
12.55,11.417679999999995
12.555,11.410639999999997
12.561,11.486379999999997
12.566,11.531799999999999
12.572,11.479159999999998
12.579,11.4475
12.585,11.42846
12.59,11.4171
12.596,11.4102
12.602,11.40608
12.607,11.483680000000001
12.612,11.450140000000001
12.619,11.430060000000001
12.624,11.41802
12.63,11.410800000000002
12.635,11.40648
12.641,11.403880000000001
12.646,11.48238
12.652,11.44942
12.657,11.429659999999998
12.664,11.417760000000001
12.669,11.41062
12.675,11.406379999999999
12.681,11.323819999999996
12.686,11.354259999999996
12.692,11.372599999999998
12.697,11.383559999999997
12.704,11.390139999999997
12.709,11.394099999999998
12.715,11.396499999999998
12.72,11.317899999999996
12.726,11.350759999999996
12.731,11.370439999999997
12.737,11.382259999999997
12.742,11.389359999999998
12.749,11.393579999999996
12.754,11.396179999999996
12.76,11.317739999999997
12.766,11.350659999999996
12.771,11.370359999999996
12.777,11.382219999999998
12.782,11.389379999999997
12.789,11.393679999999998
12.794,11.39626
12.8,11.39778
12.805,11.398660000000001
12.811,11.399240000000002
12.817,11.399600000000003
12.822,11.399720000000002
12.829,11.399880000000001
12.834,11.399940000000003
12.84,11.399940000000003
12.845,11.319960000000004
12.851,11.351980000000001
12.857,11.371160000000003
12.862,11.382700000000003
12.869,11.389700000000003
12.874,11.393820000000002
12.88,11.396300000000002
12.885,11.397780000000003
12.891,11.398660000000001
12.897,11.399260000000002
12.902,11.399560000000003
12.909,11.399720000000004
12.914,11.399840000000003
12.92,11.399960000000002
12.925,11.399980000000001
12.931,11.399960000000002
12.937,11.399980000000001
12.942,11.400000000000002
12.949,11.399980000000001
12.954,11.400000000000002
12.96,11.399980000000003
12.965,11.399960000000004
12.971,11.400000000000004
12.976,11.399980000000005
12.982,11.399960000000004
12.987,11.399960000000004
12.994,11.399960000000002
12.999,11.399920000000002
13.005,11.399980000000001
13.01,11.400000000000002
13.016,11.400020000000001
13.021,11.399980000000001
13.027,11.399920000000002
13.034,11.399980000000001
13.039,11.39996
13.045,11.399919999999998
13.05,11.39998
13.056,11.400039999999999
13.062,11.400059999999998
13.067,11.39998
13.073,11.399939999999999
13.079,11.399919999999998
13.085,11.399919999999998
13.09,11.399939999999999
13.096,11.399939999999997
13.102,11.399879999999998
13.107,11.399919999999998
13.114,11.399939999999999
13.119,11.399919999999998
13.125,11.399939999999997
13.13,11.479979999999998
13.136,11.447959999999998
13.141,11.428779999999998
13.147,11.497259999999997
13.153,11.538299999999998
13.159,11.562959999999999
13.165,11.577779999999997
13.17,11.586619999999996
13.176,11.511980000000001
13.181,11.467159999999998
13.187,11.520279999999998
13.194,11.552179999999998
13.199,11.5713
13.205,11.58274
13.21,11.589659999999999
13.216,11.513840000000002
13.222,11.46828
13.227,11.520980000000002
13.233,11.552600000000004
13.239,11.571600000000004
13.245,11.582980000000004
13.25,11.589840000000002
13.256,11.513860000000001
13.261,11.46832
13.267,11.521020000000002
13.274,11.5526
13.279,11.57152
13.285,11.582939999999999
13.29,11.58974
13.299,11.593820000000001
13.305,11.596260000000001
13.311,11.597760000000001
13.316,11.59868
13.322,11.599180000000002
13.327,11.5995
13.334,11.679699999999999
13.339,11.647799999999998
13.345,11.628679999999997
13.35,11.617199999999999
13.356,11.610339999999997
13.362,11.606259999999999
13.367,11.683799999999998
13.374,11.730340000000002
13.379,11.678200000000002
13.385,11.646940000000003
13.39,11.628160000000001
13.396,11.61692
13.402,11.61016
13.407,11.68612
13.414,11.73172
13.42,11.679039999999997
13.425,11.647439999999998
13.431,11.628459999999997
13.437,11.537079999999998
13.444,11.482239999999997
13.449,11.529339999999998
13.455,11.557599999999997
13.46,11.574599999999998
13.466,11.584739999999998
13.472,11.590859999999997
13.477,11.514539999999997
13.484,11.548719999999998
13.49,11.569259999999996
13.496,11.581579999999997
13.501,11.58888
13.507,11.593279999999998
13.514,11.595979999999999
13.519,11.51756
13.525,11.55054
13.53,11.570279999999999
13.536,11.582139999999997
13.542,11.589239999999998
13.547,11.59358
13.554,11.59612
13.559,11.51764
13.565,11.5506
13.57,11.5704
13.576,11.58224
13.582,11.589339999999998
13.587,11.51358
13.594,11.46816
13.599,11.520899999999997
13.605,11.55258
13.611,11.571520000000001
13.617,11.582880000000001
13.622,11.50974
13.629,11.54584
13.635,11.567479999999998
13.64,11.58048
13.646,11.588279999999997
13.651,11.592959999999998
13.657,11.51578
13.662,11.46946
13.669,11.52166
13.674,11.552979999999998
13.68,11.571799999999996
13.686,11.583039999999999
13.691,11.589819999999996
13.697,11.513899999999996
13.702,11.468319999999993
13.709,11.520999999999994
13.715,11.552599999999996
13.72,11.571579999999996
13.726,11.582939999999995
13.732,11.589759999999998
13.737,11.513899999999998
13.744,11.468359999999999
13.75,11.441039999999996
13.755,11.504679999999999
13.761,11.54284
13.767,11.565719999999999
13.772,11.499399999999998
13.779,11.45962
13.785,11.435740000000001
13.79,11.421500000000002
13.796,11.41294
13.802,11.48782
13.807,11.5327
13.814,11.47958
13.819,11.44778
13.825,11.42868
13.83,11.4172
13.836,11.410339999999998
13.841,11.40624
13.847,11.483780000000001
13.854,11.45026
13.859,11.430140000000002
13.865,11.418099999999999
13.87,11.410900000000002
13.876,11.40658
13.881,11.403959999999998
13.887,11.322379999999997
13.892,11.35342
13.899,11.372079999999997
13.904,11.383299999999998
13.91,11.389999999999997
13.915,11.314039999999993
13.921,11.268439999999993
13.926,11.241059999999994
13.932,11.304639999999994
13.937,11.342759999999997
13.944,11.365659999999997
13.949,11.379379999999998
13.955,11.307639999999997
13.96,11.264579999999999
13.966,11.23874
13.971,11.303279999999999
13.977,11.34196
13.982,11.36518
13.989,11.379100000000003
13.994,11.307460000000003
14.0,11.264500000000004
14.005,11.238680000000002
14.011,11.303220000000003
14.016,11.341940000000003
14.022,11.365140000000002
14.027,11.379100000000001
14.034,11.387440000000002
14.039,11.312440000000002
14.045,11.26744
14.05,11.32042
14.056,11.35226
14.061,11.37136
14.067,11.38282
14.073,11.389660000000001
14.079,11.393760000000002
14.085,11.316180000000001
14.09,11.3497
14.096,11.369860000000003
14.102,11.381940000000002
14.107,11.389160000000004
14.113,11.393500000000003
14.119,11.396080000000003
14.125,11.397620000000003
14.13,11.398560000000005
14.136,11.399120000000005
14.141,11.399500000000003
14.147,11.399680000000007
14.153,11.399760000000002
14.159,11.399860000000002
14.165,11.399920000000002
14.17,11.479920000000002
14.176,11.4479
14.182,11.42876
14.187,11.417240000000001
14.194,11.41032
14.199,11.40614
14.205,11.40368
14.21,11.4822
14.216,11.44928
14.221,11.429580000000001
14.227,11.417740000000002
14.234,11.410660000000002
14.239,11.406380000000004
14.245,11.403820000000003
14.25,11.482320000000001
14.256,11.44936
14.262,11.4296
14.267,11.417720000000001
14.273,11.41062
14.279,11.40634
14.285,11.40378
14.29,11.482299999999999
14.296,11.449379999999998
14.301,11.42966
14.307,11.417800000000002
14.313,11.410679999999997
14.319,11.4064
14.325,11.403799999999997
14.33,11.482259999999998
14.336,11.449359999999999
14.341,11.429659999999998
14.347,11.417779999999999
14.354,11.410680000000001
14.359,11.4064
14.365,11.40386
14.37,11.48236
14.376,11.44942
14.381,11.429640000000001
14.387,11.417720000000003
14.393,11.410640000000003
14.399,11.406380000000004
14.405,11.403820000000003
14.41,11.482340000000002
14.416,11.449400000000002
14.421,11.429680000000003
14.427,11.417780000000002
14.433,11.410660000000002
14.439,11.406440000000003
14.445,11.403860000000002
14.45,11.482280000000001
14.456,11.4494
14.461,11.4297
14.467,11.417800000000002
14.473,11.41068
14.479,11.406400000000001
14.485,11.40382
14.49,11.48228
14.496,11.449380000000001
14.502,11.42966
14.507,11.417819999999999
14.513,11.41068
14.519,11.4064
14.525,11.40386
14.53,11.482339999999999
14.536,11.449399999999999
14.542,11.42966
14.547,11.41782
14.554,11.410739999999999
14.559,11.40644
14.565,11.403879999999997
14.57,11.482359999999998
14.576,11.449379999999998
14.582,11.429619999999998
14.587,11.41776
14.594,11.410659999999998
14.599,11.406379999999999
14.605,11.403859999999998
14.61,11.40236
14.616,11.40144
14.622,11.40088
14.627,11.4005
14.634,11.40034
14.639,11.400220000000001
14.645,11.400159999999998
14.65,11.4801
14.656,11.448059999999998
14.662,11.428840000000001
14.667,11.417340000000001
14.674,11.410440000000001
14.679,11.406280000000002
14.685,11.40378
14.69,11.4823
14.696,11.44936
14.702,11.42962
14.707,11.41778
14.714,11.410680000000003
14.719,11.406440000000003
14.725,11.403880000000003
14.73,11.482360000000003
14.736,11.449400000000002
14.742,11.429620000000003
14.747,11.417740000000006
14.753,11.410640000000003
14.759,11.406400000000003
14.765,11.403860000000005
14.77,11.482360000000003
14.776,11.449380000000003
14.781,11.429620000000002
14.787,11.417760000000003
14.794,11.41064
14.799,11.406400000000001
14.805,11.40388
14.81,11.48238
14.816,11.449419999999998
14.821,11.429659999999998
14.827,11.417839999999998
14.833,11.410719999999998
14.839,11.406419999999997
14.845,11.403879999999996
14.85,11.482319999999994
14.856,11.449399999999997
14.861,11.429639999999997
14.867,11.417799999999996
14.873,11.410719999999994
14.879,11.406419999999995
14.885,11.403879999999996
14.89,11.482299999999997
14.896,11.529379999999996
14.902,11.477619999999996
14.907,11.446499999999997
14.914,11.427619999999997
14.919,11.415919999999998
14.925,11.408219999999996
14.93,11.480439999999998
14.936,11.440739999999998
14.941,11.412559999999997
14.947,11.389579999999997
14.953,11.367619999999995
14.959,11.343815999999997
14.965,11.315959999999997
14.97,11.341959999999997
14.976,11.252985999999996
14.981,11.170521999999997
14.987,11.087111999999998
14.993,10.997821999999996
14.999,10.899301999999995
15.005,10.789071999999996
15.01,10.681011999999996
15.016,10.464789999999997
15.021,10.256543999999996
15.027,10.045734
15.033,9.82632056
15.039,9.594820559999999
15.045,9.349450560000001
15.05,9.05086656
15.056,8.66765656
15.061,8.30868656
15.067,7.959508559999999
15.073,7.612046559999997
15.079,7.261740559999999
15.085,6.90626256
15.09,6.47372256
15.096,5.981042560000001
15.101,5.53042256
15.107,5.103510559999999
15.113,4.68967456
15.119,4.282852559999999
15.125,3.8796485599999997
15.13,3.39840856
15.136,2.8698085600000005
15.141,2.392608560000001
15.147,1.9463485599999995
15.153,1.5185685599999998
15.159,1.1018885599999995
15.165,0.6919085599999983
15.17,0.2058485599999998
15.176,-0.32573144000000015
15.182,-0.8046914399999999
15.187,-1.2520714400000006
15.193,-1.6803914400000006
15.199,-2.0971914400000005
15.205,-2.5069514400000004
15.21,-2.9920714400000006
15.216,-3.519951440000001
15.222,-3.9937114400000007
15.227,-4.43357144
15.233,-4.85143144
15.239,-5.254011439999999
15.245,-5.724907439999999
15.25,-6.153851439999999
15.256,-6.6139714399999985
15.262,-7.025437439999998
15.267,-7.4032534399999985
15.273,-7.7559634399999995
15.279,-8.088393439999999
15.285,-8.482893439999998
15.29,-8.82848344
15.296,-9.153923439999998
15.301,-9.437781439999997
15.307,-9.689515439999997
15.313,-9.914745439999997
15.319,-10.116932
15.325,-10.378411999999999
15.33,-10.588842
15.336,-10.723718
15.341,-10.840607999999998
15.347,-10.941637999999998
15.354,-11.028500000000001
15.36,-11.102658
15.366,-11.245311999999998
15.371,-11.345653999999998
15.377,-11.346633999999998
15.382,-11.354053999999998
15.388,-11.363453999999997
15.394,-11.372541999999997
15.4,-11.380345999999998
15.406,-11.466523999999998
15.411,-11.519059999999998
15.417,-11.471279999999997
15.422,-11.442759999999998
15.429,-11.425619999999999
15.434,-11.415379999999999
15.44,-11.48922
15.446,-11.533519999999998
15.451,-11.560119999999998
15.457,-11.496039999999997
15.462,-11.457579999999998
15.469,-11.434539999999998
15.474,-11.420699999999997
15.48,-11.492419999999997
15.486,-11.535419999999998
15.491,-11.561199999999998
15.497,-11.496719999999996
15.502,-11.458059999999996
15.509,-11.434819999999998
15.514,-11.420879999999997
15.52,-11.492499999999998
15.526,-11.535439999999998
15.531,-11.481279999999996
15.537,-11.448759999999995
15.542,-11.509199999999996
15.549,-11.545499999999997
15.555,-11.567259999999994
15.56,-11.580359999999995
15.566,-11.588199999999997
15.572,-11.512899999999997
15.577,-11.467739999999997
15.584,-11.520619999999997
15.59,-11.552379999999998
15.595,-11.571459999999998
15.601,-11.582899999999997
15.606,-11.589759999999998
15.612,-11.513859999999998
15.617,-11.4683
15.624,-11.520959999999999
15.63,-11.552559999999998
15.635,-11.571539999999999
15.641,-11.582919999999998
15.646,-11.58978
15.652,-11.513899999999998
15.657,-11.468299999999997
15.664,-11.440959999999995
15.67,-11.504619999999996
15.676,-11.542759999999998
15.682,-11.565659999999996
15.689,-11.579399999999996
15.694,-11.507579999999997
15.7,-11.464539999999998
15.706,-11.518779999999998
15.711,-11.551239999999998
15.717,-11.570719999999998
15.722,-11.582419999999999
15.729,-11.509459999999999
15.734,-11.465679999999999
15.74,-11.43942
15.745,-11.423639999999999
15.751,-11.49424
15.757,-11.53656
15.762,-11.561919999999999
15.769,-11.497179999999998
15.774,-11.45832
15.78,-11.434980000000001
15.785,-11.420940000000002
15.791,-11.412520000000002
15.796,-11.4875
15.802,-11.53252
15.808,-11.47952
15.814,-11.44776
15.82,-11.428619999999999
15.825,-11.417159999999997
15.831,-11.33034
15.836,-11.35822
15.842,-11.374940000000002
15.848,-11.384979999999999
15.854,-11.391000000000002
15.86,-11.394580000000003
15.865,-11.396740000000001
15.871,-11.31808
15.876,-11.270859999999999
15.882,-11.3225
15.887,-11.353480000000001
15.894,-11.372079999999999
15.899,-11.38324
15.905,-11.389940000000001
15.91,-11.31394
15.916,-11.268379999999999
15.921,-11.24104
15.927,-11.304619999999998
15.932,-11.342759999999997
15.939,-11.365619999999998
15.945,-11.379379999999998
15.95,-11.387619999999998
15.956,-11.312539999999997
15.961,-11.267539999999999
15.967,-11.320559999999997
15.972,-11.352319999999997
15.979,-11.371419999999999
15.984,-11.38288
15.99,-11.30966
15.995,-11.26578
16.001,-11.239519999999997
16.006,-11.303719999999997
16.012,-11.3422
16.017,-11.365319999999999
16.024,-11.37916
16.029,-11.3875
16.035,-11.31246
16.04,-11.267439999999999
16.046,-11.320459999999999
16.051,-11.35224
16.057,-11.37134
16.062,-11.38282
16.069,-11.389719999999999
16.074,-11.39386
16.08,-11.3163
16.085,-11.34978
16.091,-11.36984
16.097,-11.381920000000001
16.102,-11.389140000000001
16.108,-11.39348
16.114,-11.396080000000001
16.12,-11.317639999999999
16.126,-11.35058
16.131,-11.37034
16.137,-11.382200000000001
16.142,-11.389320000000001
16.148,-11.393600000000003
16.154,-11.396160000000002
16.16,-11.3977
16.166,-11.3986
16.171,-11.39912
16.177,-11.39948
16.182,-11.39966
16.188,-11.39976
16.194,-11.399920000000003
16.2,-11.39994
16.205,-11.479920000000002
16.211,-11.447940000000001
16.217,-11.428700000000001
16.222,-11.41726
16.228,-11.41038
16.234,-11.40624
16.24,-11.40374
16.245,-11.48226
16.251,-11.44934
16.257,-11.4296
16.262,-11.417779999999999
16.268,-11.41064
16.274,-11.4064
16.28,-11.48386
16.285,-11.53028
16.291,-11.478119999999997
16.297,-11.446859999999997
16.302,-11.428099999999999
16.308,-11.416859999999998
16.314,-11.410079999999999
16.32,-11.406039999999999
16.325,-11.48362
16.331,-11.450179999999998
16.337,-11.430119999999999
16.342,-11.418059999999999
16.348,-11.410839999999999
16.354,-11.406519999999999
16.36,-11.40396
16.366,-11.402379999999999
16.371,-11.40142
16.377,-11.400879999999999
16.382,-11.400480000000002
16.388,-11.40028
16.394,-11.400179999999999
16.4,-11.400039999999999
16.406,-11.39998
16.411,-11.4
16.417,-11.400000000000002
16.422,-11.399980000000001
16.43,-11.4
16.435,-11.399960000000002
16.44,-11.39996
16.446,-11.47996
16.451,-11.44794
16.457,-11.428780000000001
16.462,-11.41722
16.468,-11.41032
16.474,-11.40624
16.48,-11.48366
16.485,-11.5302
16.491,-11.478119999999999
16.496,-11.446899999999998
16.502,-11.428179999999998
16.507,-11.416859999999996
16.514,-11.410079999999997
16.519,-11.48604
16.525,-11.531600000000001
16.53,-11.4789
16.536,-11.44732
16.541,-11.428420000000001
16.547,-11.417019999999999
16.553,-11.41018
16.559,-11.40606
16.565,-11.403639999999998
16.571,-11.402179999999998
16.577,-11.401319999999998
16.582,-11.40078
16.589,-11.400459999999999
16.595,-11.400260000000001
16.601,-11.400160000000001
16.606,-11.48006
16.612,-11.44802
16.617,-11.42878
16.624,-11.41724
16.63,-11.410359999999997
16.635,-11.40622
16.641,-11.40368
16.646,-11.48214
16.652,-11.529259999999999
16.657,-11.47754
16.664,-11.446499999999999
16.669,-11.427879999999996
16.675,-11.416699999999997
16.68,-11.410039999999997
16.686,-11.406039999999996
16.691,-11.483639999999996
16.697,-11.450179999999994
16.702,-11.430099999999996
16.708,-11.418039999999996
16.714,-11.410799999999997
16.72,-11.406539999999998
16.725,-11.403899999999998
16.731,-11.402319999999998
16.737,-11.4014
16.742,-11.40082
16.748,-11.400500000000001
16.754,-11.40032
16.76,-11.40014
16.766,-11.3201
16.771,-11.35204
16.777,-11.371240000000002
16.782,-11.38268
16.788,-11.389619999999999
16.794,-11.39376
16.8,-11.396279999999999
16.805,-11.317779999999999
16.811,-11.350679999999999
16.816,-11.370439999999999
16.822,-11.382279999999998
16.827,-11.389359999999998
16.834,-11.393619999999997
16.839,-11.396239999999999
16.845,-11.397799999999998
16.85,-11.398719999999997
16.856,-11.399239999999997
16.862,-11.399579999999997
16.867,-11.399779999999996
16.873,-11.399899999999997
16.879,-11.399939999999997
16.885,-11.399979999999998
16.89,-11.399999999999997
16.896,-11.400039999999997
16.901,-11.400059999999996
16.907,-11.400039999999997
16.913,-11.400019999999996
16.919,-11.400019999999998
16.925,-11.480039999999995
16.93,-11.448039999999997
16.936,-11.428859999999997
16.941,-11.417339999999996
16.947,-11.410419999999998
16.953,-11.406259999999996
16.959,-11.403799999999997
16.965,-11.482279999999996
16.97,-11.529359999999997
16.976,-11.477640000000001
16.981,-11.44656
16.987,-11.42794
16.993,-11.41678
16.999,-11.4101
17.005,-11.40604
17.01,-11.483640000000001
17.016,-11.4502
17.022,-11.430180000000002
17.027,-11.418140000000001
17.033,-11.41088
17.039,-11.40652
17.045,-11.403920000000001
17.05,-11.4824
17.056,-11.44944
17.062,-11.429699999999997
17.069,-11.417860000000001
17.075,-11.410680000000001
17.08,-11.406460000000001
17.086,-11.40386
17.091,-11.48234
17.097,-11.449399999999999
17.102,-11.429659999999998
17.108,-11.417779999999999
17.114,-11.41066
17.12,-11.406400000000001
17.126,-11.403820000000001
17.131,-11.482280000000001
17.136,-11.44932
17.142,-11.4296
17.147,-11.417760000000001
17.154,-11.41066
17.159,-11.40636
17.165,-11.40384
17.17,-11.482280000000001
17.176,-11.44938
17.182,-11.4296
17.187,-11.417740000000004
17.193,-11.41066
17.199,-11.406440000000002
17.205,-11.40382
17.21,-11.4023
17.216,-11.40138
17.221,-11.40078
17.227,-11.400480000000002
17.233,-11.400319999999999
17.239,-11.400199999999998
17.245,-11.480139999999997
17.25,-11.448019999999998
17.256,-11.428799999999995
17.262,-11.417279999999996
17.267,-11.410399999999997
17.273,-11.406219999999998
17.279,-11.483719999999998
17.285,-11.530239999999997
17.29,-11.558139999999998
17.296,-11.494899999999996
17.302,-11.456939999999998
17.307,-11.434119999999998
17.313,-11.420439999999997
17.319,-11.41226
17.325,-11.487379999999998
17.33,-11.53242
17.336,-11.47944
17.342,-11.44768
17.347,-11.428560000000001
17.354,-11.417119999999999
17.359,-11.410299999999996
17.365,-11.486139999999995
17.371,-11.531679999999998
17.376,-11.47898
17.382,-11.44736
17.39,-11.428379999999997
17.395,-11.416999999999998
17.401,-11.410199999999996
17.406,-11.486119999999998
17.412,-11.531619999999997
17.417,-11.47896
17.424,-11.44736
17.43,-11.42834
17.435,-11.416979999999999
17.44,-11.41018
17.446,-11.4861
17.451,-11.53162
17.457,-11.479020000000002
17.462,-11.447380000000003
17.468,-11.428440000000002
17.474,-11.417100000000001
17.48,-11.410220000000002
17.486,-11.4861
17.491,-11.5317
17.497,-11.479
17.502,-11.4474
17.508,-11.428479999999999
17.514,-11.417079999999999
17.52,-11.410239999999998
17.525,-11.486159999999998
17.531,-11.451699999999997
17.537,-11.431079999999996
17.542,-11.418659999999997
17.548,-11.411239999999996
17.554,-11.406739999999997
17.56,-11.404059999999996
17.565,-11.402439999999995
17.571,-11.401459999999997
17.577,-11.400839999999997
17.582,-11.400499999999996
17.588,-11.400299999999996
17.594,-11.400199999999998
17.6,-11.40012
17.606,-11.480099999999998
17.611,-11.448039999999997
17.617,-11.42886
17.622,-11.4173
17.628,-11.410379999999998
17.634,-11.40624
17.64,-11.40376
17.645,-11.48222
17.651,-11.44938
17.657,-11.429640000000001
17.662,-11.417800000000002
17.668,-11.410720000000003
17.674,-11.406480000000004
17.68,-11.40394
17.686,-11.4824
17.691,-11.449480000000001
17.697,-11.429780000000001
17.702,-11.417900000000003
17.708,-11.410840000000002
17.714,-11.406600000000003
17.72,-11.40398
17.725,-11.482420000000001
17.731,-11.449500000000002
17.737,-11.429760000000002
17.742,-11.41788
17.748,-11.4108
17.754,-11.40654
17.76,-11.4039
17.766,-11.482339999999999
17.771,-11.449379999999998
17.777,-11.42964
17.782,-11.41784
17.788,-11.41072
17.794,-11.406439999999998
17.8,-11.403839999999999
17.806,-11.48228
17.811,-11.44934
17.817,-11.42962
17.822,-11.41778
17.828,-11.41072
17.834,-11.4064
17.84,-11.403819999999998
17.846,-11.482319999999998
17.851,-11.449420000000002
17.857,-11.429680000000001
17.862,-11.417860000000001
17.868,-11.410760000000002
17.874,-11.40648
17.88,-11.403939999999999
17.886,-11.48242
17.891,-11.449499999999999
17.897,-11.42972
17.902,-11.417819999999997
17.908,-11.410659999999998
17.914,-11.406139999999997
17.92,-11.403059999999996
17.926,-11.479299999999997
17.931,-11.443159999999997
17.937,-11.418359999999998
17.942,-11.399199999999997
17.948,-11.381539999999998
17.954,-11.362819999999997
17.96,-11.407399999999997
17.965,-11.417379999999998
17.971,-11.322793999999998
17.977,-11.241430000000001
17.982,-11.163588
17.988,-11.082928
17.994,-10.995240000000003
18.0,-10.926644000000001
18.006,-10.827930000000002
18.011,-10.624344
18.017,-10.430781999999999
18.022,-10.236035999999997
18.028,-10.020373799999998
18.034,-9.791196599999997
18.04,-9.547226599999998
18.045,-9.288180599999999
18.051,-8.934170599999998
18.057,-8.597660599999996
18.062,-8.212866599999995
18.068,-7.844050599999996
18.074,-7.480916599999998
18.08,-7.117748599999999
18.086,-6.751654599999999
18.092,-6.3010426
18.097,-5.802482599999999
18.103,-5.3467626
18.109,-4.9157025999999995
18.115,-4.4985226
18.12,-4.089062599999999
18.126,-3.6838825999999996
18.131,-3.201002599999999
18.137,-2.7513826
18.144,-2.2415625999999995
18.15,-1.7756825999999997
18.156,-1.336182599999999
18.161,-0.9124825999999983
18.167,-0.4982225999999993
18.172,-0.00974259999999938
18.179,0.44339740000000005
18.185,0.9552173999999998
18.191,1.4223173999999994
18.196,1.8625573999999998
18.202,2.2864773999999994
18.208,2.7004574
18.214,3.1868974
18.22,3.7168773999999996
18.226,4.191837399999999
18.232,4.632477399999999
18.237,5.050717399999999
18.244,5.453517399999998
18.249,5.9110173999999995
18.255,6.328737399999999
18.26,6.798831399999999
18.266,7.216287399999998
18.271,7.597745399999997
18.277,7.952665399999998
18.282,8.2863774
18.288,8.630501399999998
18.294,8.9394674
18.3,9.2205014
18.305,9.557719400000002
18.311,9.841473400000003
18.317,10.072851200000004
18.322,10.271894000000003
18.328,10.444904000000003
18.334,10.595998000000002
18.34,10.728028000000004
18.345,10.923118000000002
18.351,11.017364000000002
18.357,11.095928000000002
18.364,11.161254000000003
18.369,11.215146000000003
18.375,11.259252000000004
18.381,11.294820000000001
18.386,11.24792
18.392,11.303279999999999
18.397,11.338839999999998
18.404,11.361619999999997
18.409,11.376059999999995
18.415,11.385279999999996
18.42,11.391039999999997
18.426,11.394599999999997
18.431,11.396699999999996
18.437,11.397939999999995
18.442,11.398739999999995
18.448,11.399219999999996
18.454,11.399519999999997
18.46,11.399739999999996
18.465,11.399839999999998
18.471,11.319879999999996
18.477,11.351879999999998
18.482,11.371039999999999
18.488,11.382599999999998
18.494,11.389499999999998
18.5,11.393699999999999
18.505,11.316159999999998
18.511,11.269599999999999
18.516,11.2417
18.522,11.305019999999999
18.527,11.34298
18.533,11.3658
18.539,11.37952
18.545,11.30766
18.55,11.26458
18.556,11.238740000000004
18.561,11.223200000000002
18.567,11.293880000000001
18.572,11.336380000000002
18.579,11.3618
18.585,11.377
18.59,11.306140000000001
18.596,11.263579999999997
18.601,11.238139999999998
18.607,11.302879999999998
18.612,11.341619999999995
18.618,11.364919999999996
18.624,11.378899999999996
18.63,11.307339999999996
18.635,11.264339999999997
18.641,11.238619999999994
18.646,11.303139999999996
18.652,11.341859999999997
18.657,11.365099999999998
18.663,11.379
18.669,11.387339999999998
18.675,11.31236
18.68,11.26738
18.686,11.32038
18.691,11.352260000000001
18.697,11.37132
18.702,11.38278
18.709,11.389660000000001
18.714,11.31382
18.72,11.34832
18.726,11.369
18.731,11.38138
18.737,11.38882
18.742,11.39328
18.748,11.39594
18.754,11.397580000000001
18.76,11.398600000000002
18.766,11.39918
18.771,11.39946
18.777,11.39968
18.782,11.399859999999999
18.788,11.399959999999998
18.794,11.40002
18.8,11.480059999999998
18.806,11.448039999999999
18.811,11.428859999999998
18.817,11.417359999999999
18.822,11.410359999999997
18.828,11.406259999999996
18.835,11.403759999999997
18.841,11.482199999999995
18.846,11.529319999999997
18.852,11.477579999999996
18.857,11.446519999999996
18.863,11.427899999999998
18.87,11.41682
18.875,11.410100000000002
18.881,11.486080000000001
18.886,11.531680000000001
18.892,11.479000000000001
18.897,11.44748
18.903,11.42852
18.909,11.417120000000002
18.915,11.410300000000001
18.921,11.48624
18.926,11.531740000000001
18.932,11.47904
18.937,11.447439999999999
18.944,11.428499999999998
18.95,11.417099999999998
18.955,11.410299999999996
18.961,11.406179999999996
18.966,11.483719999999995
18.972,11.450279999999994
18.977,11.430159999999994
18.984,11.418099999999992
18.99,11.410879999999992
18.995,11.40653999999999
19.001,11.403899999999993
19.006,11.402339999999993
19.012,11.401459999999995
19.017,11.400919999999994
19.024,11.400539999999994
19.03,11.400299999999994
19.035,11.400219999999997
19.041,11.400119999999998
19.046,11.400059999999996
19.052,11.400079999999999
19.057,11.400119999999998
19.063,11.400139999999997
19.069,11.40006
19.075,11.400000000000002
19.08,11.399980000000003
19.086,11.4
19.091,11.399980000000001
19.097,11.399980000000001
19.102,11.399920000000002
19.108,11.39996
19.114,11.39996
19.12,11.39994
19.126,11.399980000000001
19.131,11.399960000000002
19.137,11.399960000000004
19.142,11.399980000000003
19.148,11.399980000000001
19.154,11.399940000000003
19.16,11.399940000000003
19.166,11.399980000000001
19.171,11.399920000000003
19.177,11.399960000000004
19.182,11.399960000000004
19.188,11.399960000000004
19.194,11.399980000000003
19.2,11.399980000000001
19.206,11.399960000000002
19.211,11.400000000000002
19.217,11.400020000000001
19.222,11.399980000000001
19.228,11.39998
19.234,11.400019999999998
19.24,11.399999999999997
19.246,11.479999999999997
19.251,11.448019999999998
19.257,11.428759999999999
19.262,11.417259999999999
19.268,11.410359999999999
19.274,11.406199999999998
19.28,11.403679999999998
19.286,11.482199999999999
19.291,11.449279999999998
19.297,11.429519999999998
19.302,11.497659999999998
19.308,11.538559999999997
19.314,11.563119999999998
19.32,11.577819999999997
19.326,11.586659999999998
19.331,11.511959999999998
19.337,11.46712
19.342,11.440239999999998
19.348,11.504099999999998
19.354,11.542440000000001
19.36,11.5655
19.366,11.579300000000002
19.371,11.50754
19.377,11.464520000000002
19.382,11.438680000000003
19.388,11.423220000000004
19.394,11.493920000000001
19.4,11.536340000000001
19.406,11.56182
19.411,11.497080000000002
19.417,11.458260000000003
19.422,11.434960000000002
19.428,11.420940000000002
19.434,11.412540000000002
19.442,11.48748
19.448,11.5325
19.454,11.479459999999998
19.46,11.447679999999998
19.465,11.42856
19.471,11.417119999999997
19.476,11.41024
19.482,11.406119999999998
19.488,11.48364
19.494,11.45018
19.499,11.43006
19.505,11.417939999999998
19.51,11.410739999999999
19.516,11.4064
19.521,11.40378
19.527,11.482259999999998
19.532,11.449319999999998
19.539,11.429519999999998
19.544,11.41772
19.55,11.410619999999998
19.555,11.406319999999997
19.561,11.403759999999997
19.566,11.482259999999997
19.572,11.449359999999997
19.577,11.429639999999997
19.583,11.417759999999998
19.589,11.330619999999998
19.595,11.278379999999999
19.601,11.246999999999996
19.606,11.308219999999995
19.612,11.344939999999996
19.617,11.366919999999997
19.623,11.380139999999995
19.629,11.388079999999995
19.635,11.312819999999995
19.64,11.267659999999996
19.646,11.320579999999998
19.651,11.35236
19.657,11.371419999999997
19.662,11.382859999999997
19.668,11.389719999999997
19.674,11.393799999999997
19.68,11.396279999999997
19.686,11.397739999999995
19.691,11.398639999999997
19.697,11.399199999999997
19.702,11.399519999999999
19.708,11.3997
19.714,11.39986
19.72,11.47994
19.726,11.44798
19.731,11.42874
19.737,11.41728
19.742,11.410399999999997
19.748,11.406259999999998
19.754,11.403799999999999
19.76,11.482319999999998
19.766,11.52944
19.771,11.47764
19.777,11.446559999999998
19.782,11.42792
19.789,11.416819999999998
19.795,11.410139999999997
19.801,11.486139999999997
19.806,11.531699999999999
19.812,11.478979999999998
19.817,11.447419999999997
19.824,11.42846
19.83,11.417079999999999
19.835,11.41026
19.841,11.48618
19.846,11.53172
19.852,11.479019999999998
19.857,11.447400000000002
19.864,11.42846
19.869,11.417119999999999
19.875,11.41032
19.881,11.486199999999998
19.886,11.531799999999999
19.892,11.479079999999998
19.897,11.447459999999998
19.904,11.428519999999997
19.909,11.417139999999998
19.915,11.410299999999998
19.921,11.48618
19.926,11.531719999999998
19.932,11.47902
19.937,11.447379999999999
19.944,11.42842
19.95,11.417019999999999
19.955,11.4902
19.961,11.5341
19.966,11.48044
19.972,11.448300000000003
19.977,11.428960000000002
19.984,11.417360000000002
19.99,11.490400000000001
19.995,11.534260000000002
20.001,11.560520000000002
20.006,11.4963
20.012,11.457800000000002
20.018,11.43468
20.024,11.500800000000002
20.029,11.54046
20.035,11.5643
20.041,11.578539999999998
20.047,11.50708
20.052,11.4642
20.057,11.43854
20.063,11.503120000000001
20.07,11.5419
20.075,11.565140000000001
20.081,11.579060000000002
20.087,11.507380000000001
20.092,11.464440000000003
20.099,11.51876
20.105,11.551260000000001
20.11,11.57078
20.116,11.582500000000001
20.122,11.589480000000004
20.127,11.593720000000003
20.133,11.596220000000002
20.139,11.59778
20.145,11.598700000000003
20.151,11.599200000000003
20.156,11.599520000000002
20.162,11.59974
20.169,11.51986
20.174,11.55186
20.18,11.571139999999998
20.186,11.582699999999999
20.191,11.58962
20.197,11.59378
20.202,11.59628
20.208,11.517819999999999
20.214,11.550699999999999
20.22,11.57046
20.226,11.58234
20.232,11.589440000000002
20.237,11.5937
20.244,11.516259999999999
20.25,11.46984
20.256,11.52194
20.261,11.553180000000001
20.267,11.571920000000002
20.274,11.5832
20.279,11.50994
20.285,11.465980000000002
20.29,11.519660000000002
20.296,11.551840000000002
20.301,11.571140000000002
20.307,11.582760000000002
20.313,11.509700000000002
20.319,11.465860000000003
20.325,11.439500000000004
20.33,11.503720000000003
20.336,11.54226
20.341,11.565420000000001
20.347,11.57928
20.353,11.5076
20.359,11.464560000000002
20.364,11.438760000000002
20.37,11.423320000000004
20.376,11.49402
20.381,11.536420000000001
20.387,11.481800000000002
20.393,11.449100000000001
20.399,11.429459999999999
20.405,11.417659999999996
20.41,11.410639999999997
20.416,11.406379999999999
20.422,11.403879999999997
20.427,11.402299999999999
20.433,11.401359999999997
20.439,11.400839999999997
20.445,11.4005
20.45,11.400299999999998
20.456,11.480179999999999
20.461,11.44816
20.467,11.42888
20.473,11.41732
20.479,11.410400000000001
20.485,11.406220000000001
20.49,11.40374
20.496,11.482240000000001
20.502,11.44938
20.507,11.42964
20.513,11.417760000000001
20.519,11.41064
20.525,11.406380000000002
20.53,11.403820000000001
20.536,11.482260000000002
20.541,11.44936
20.547,11.429620000000002
20.553,11.417800000000002
20.559,11.41066
20.564,11.4064
20.57,11.403820000000001
20.575,11.40224
20.581,11.40132
20.586,11.400780000000001
20.592,11.400440000000001
20.599,11.400239999999998
20.604,11.40016
20.61,11.400139999999997
20.616,11.3201
20.621,11.352079999999999
20.627,11.37122
20.633,11.38278
20.639,11.389700000000001
20.645,11.39386
20.65,11.396339999999999
20.656,11.397799999999998
20.661,11.398699999999998
20.667,11.399280000000001
20.672,11.39962
20.678,11.3998
20.684,11.3999
20.69,11.399980000000001
20.696,11.400020000000001
20.701,11.32004
20.707,11.35204
20.713,11.371260000000001
20.719,11.382820000000002
20.724,11.389740000000003
20.73,11.393880000000003
20.735,11.396380000000002
20.741,11.31782
20.746,11.350700000000002
20.752,11.37044
20.757,11.382319999999998
20.764,11.389439999999999
20.769,11.393699999999999
20.775,11.396239999999997
20.781,11.317719999999998
20.786,11.270639999999995
20.792,11.322399999999996
20.797,11.353479999999994
20.804,11.372159999999996
20.809,11.383339999999999
20.815,11.390079999999998
20.82,11.314079999999999
20.826,11.26848
20.831,11.321119999999999
20.837,11.35268
20.842,11.37164
20.848,11.383039999999998
20.854,11.38986
20.86,11.31398
20.865,11.2684
20.871,11.3211
20.877,11.35268
20.882,11.371639999999998
20.888,11.383019999999998
20.894,11.3898
20.9,11.393899999999999
20.905,11.316339999999999
20.911,11.349719999999998
20.916,11.369539999999999
20.922,11.381099999999998
20.927,11.387339999999998
20.933,11.389859999999997
20.939,11.389419999999996
20.945,11.381799999999997
20.95,11.371099999999997
20.956,11.356559999999996
20.962,11.337183999999999
20.967,11.312018
20.973,11.280085999999997
20.979,11.295845999999997
20.985,11.276245999999997
20.991,11.150555999999996
20.996,11.035896
21.002,10.922105999999998
21.007,10.802755999999997
21.013,10.673625999999997
21.019,10.540329999999996
21.025,10.381819999999998
21.031,10.120863999999997
21.036,9.871346586
21.042,9.621832385999998
21.048,9.365626385999999
21.054,9.099216386000002
21.06,8.776644386
21.066,8.454056386
21.071,8.126728386
21.077,7.712340386
21.082,7.321890385999995
21.088,6.942350385999996
21.094,6.495410385999996
21.1,6.074050385999996
21.106,5.666250385999997
21.112,5.265012385999998
21.117,4.786572385999997
21.124,4.340996385999998
21.13,3.914508385999998
21.135,3.4193083859999978
21.141,2.962328385999997
21.146,2.528128385999998
21.152,2.107648385999997
21.158,1.6153283859999978
21.164,1.1599683859999979
21.17,0.7267483859999979
21.175,0.22676838599999852
21.181,-0.23319161399999852
21.186,-0.6691516139999991
21.192,-1.090691613999999
21.198,-1.5835516139999983
21.204,-2.0390516139999986
21.21,-2.472031613999999
21.215,-2.9711116139999993
21.221,-3.429351613999999
21.227,-3.862311613999999
21.232,-4.354771614000001
21.238,-4.804111614
21.245,-5.225611614
21.251,-5.627875613999999
21.256,-6.095649613999998
21.262,-6.5194776139999995
21.267,-6.9687576139999985
21.273,-7.369217614
21.279,-7.735587614
21.285,-8.076107614
21.29,-8.395477614
21.296,-8.776047614
21.301,-9.106837614
21.307,-9.409521614
21.313,-9.672511614000001
21.319,-9.904475614
21.325,-10.110738200000002
21.33,-10.294684000000002
21.336,-10.458558
21.341,-10.684187999999999
21.347,-10.816856
21.353,-10.927368
21.359,-11.019939999999998
21.365,-11.097511999999998
21.37,-11.11187978391356
21.376,-11.14061535174069
21.382,-11.169350919567822
21.387,-11.198086487394953
21.393,-11.226822055222083
21.399,-11.255557623049214
21.405,-11.284293190876346
21.41,-11.313028758703476
21.416,-11.341764326530607
21.421,-11.370499894357739
21.427,-11.399235462184869
21.433,-11.427971030012
21.439,-11.45670659783913
21.444,-11.485442165666262
21.45,-11.514177733493392
21.455,-11.542913301320523
21.461,-11.571648869147655
21.466,-11.600384436974785
21.472,-11.629120004801916
21.477,-11.657855572629046
21.485,-11.686591140456178
21.491,-11.715326708283309
21.497,-11.744062276110439
21.502,-11.77279784393757
21.508,-11.801533411764701
