time,value
1.4e-05,10400
0.00579,6240
0.011236,3744
0.018679,2246.4
0.024252,1347.8
0.029839,808.7
0.035252,485.22
0.041161,291.14
0.046773,174.69
0.053738,104.87
0.059272,62.966
0.064843,37.854
0.070263,22.823
0.07607,13.844
0.083193,8.7789
0.088833,5.603
0.094249,3.7842
0.10002,2.782
0.10561,2.2832
0.111,2.0975
0.11646,2.1069
0.1221,3.3686
0.12851,3.2944
0.1339,3.4109
0.13945,3.6469
0.14485,3.9594
0.15025,4.3239
0.15593,4.7183
0.16132,5.1308
0.16688,5.5492
0.1736,8.7519
0.17903,8.1894
0.18473,7.9873
0.19013,7.9955
0.19563,8.1189
0.20102,8.299
0.20648,8.5073
0.21187,8.7176
0.21808,12.688
0.22351,11.429
0.22894,10.726
0.23484,10.343
0.24024,10.141
0.24589,10.046
0.25129,10.002
0.257,9.9881
0.26346,13.982
0.26887,12.388
0.27431,11.432
0.27985,10.861
0.28557,10.515
0.29108,10.31
0.29651,10.186
0.30186,10.109
0.30808,14.067
0.3135,12.441
0.31891,11.465
0.32447,10.879
0.32987,10.525
0.33526,10.317
0.34083,10.19
0.34623,10.116
0.35185,10.067
0.35831,14.04
0.36392,12.423
0.3699,11.454
0.3753,10.873
0.38091,10.524
0.38632,10.315
0.39193,10.189
0.39853,14.114
0.40397,12.469
0.4095,11.481
0.41488,10.888
0.42029,10.535
0.42589,10.321
0.4313,10.193
0.43683,10.112
0.44315,14.069
0.44879,12.443
0.45419,11.464
0.45978,10.877
0.46519,10.528
0.47079,10.319
0.47619,10.188
0.48205,10.116
0.48874,14.066
0.49415,12.444
0.49973,11.464
0.50513,10.879
0.51073,10.526
0.51613,10.315
0.52179,10.19
0.52813,14.115
0.53371,12.468
0.53915,11.482
0.54481,10.888
0.55023,10.532
0.5559,10.318
0.5613,10.194
0.56683,10.115
0.57359,14.07
0.57903,12.441
0.58474,11.465
0.59014,10.882
0.59571,10.527
0.6011,10.316
0.60652,10.189
0.61191,10.112
0.61814,14.067
0.62377,12.44
0.62921,11.467
0.63498,10.879
0.64048,10.526
0.64588,10.317
0.65128,10.189
0.657,14.115
0.66348,12.469
0.66889,11.482
0.67433,10.887
0.67986,10.531
0.6856,10.321
0.69115,10.193
0.69678,10.115
0.70317,14.069
0.7088,12.441
0.71433,11.463
0.71984,10.882
0.72564,10.525
0.73122,10.317
0.73701,14.188
0.74385,12.512
0.74957,11.511
0.75515,10.903
0.76081,10.545
0.76625,10.327
0.77179,10.194
0.77721,14.117
0.78387,12.472
0.78959,11.481
0.79516,10.889
0.80084,10.535
0.80627,10.321
0.81186,10.193
0.81823,14.113
0.8239,12.47
0.82969,11.481
0.83509,10.889
0.84051,10.534
0.84604,10.32
0.85145,10.192
0.85702,10.116
0.86348,14.07
0.86888,12.441
0.87432,11.464
0.87984,10.88
0.88564,10.527
0.89105,10.316
0.89646,10.19
0.90185,10.113
0.90815,14.068
0.91409,12.442
0.91975,11.463
0.92516,10.879
0.93106,10.528
0.93648,10.316
0.94187,10.19
0.94818,14.113
0.95382,12.468
0.95923,11.481
0.96495,10.889
0.97054,10.535
0.97596,10.319
0.98171,10.194
0.98711,14.112
0.99396,12.47
0.99952,11.481
1.0056,10.89
1.011,10.534
1.0165,10.318
1.0219,10.192
1.0282,14.115
1.0338,12.469
1.0392,11.48
1.0449,10.889
1.0503,10.533
1.056,10.321
1.0617,10.192
1.0671,10.117
1.074,14.068
1.0797,12.441
1.0851,11.466
1.091,10.879
1.0965,10.527
1.1019,10.317
1.1082,14.191
1.1138,12.513
1.1192,11.507
1.1249,10.906
1.1303,10.542
1.1359,10.326
1.1417,10.197
1.1471,10.116
1.1539,14.07
1.1593,12.443
1.165,11.465
1.1704,10.879
1.1759,10.527
1.1816,10.316
1.1871,14.191
1.1938,12.514
1.1992,11.506
1.2048,10.905
1.2102,10.543
1.2159,10.325
1.2216,10.196
1.2271,10.117
1.234,14.071
1.2397,12.443
1.2451,11.467
1.2511,10.878
1.2565,10.526
1.2619,10.318
1.2682,14.189
1.2738,12.514
1.2792,11.508
1.2849,10.907
1.2903,10.543
1.2959,10.326
1.3016,10.193
1.3071,14.117
1.314,12.471
1.3195,11.484
1.325,10.888
1.3305,10.533
1.3359,10.321
1.3416,10.193
1.3471,10.115
1.3535,14.067
1.3589,12.442
1.3643,11.466
1.3698,10.88
1.3752,10.528
1.3808,10.315
1.3862,10.188
1.3919,10.114
1.3985,14.069
1.404,12.44
1.4099,11.466
1.4153,10.877
1.4207,10.529
1.4261,10.316
1.4317,10.19
1.4372,14.112
1.4439,12.468
1.4495,11.482
1.4549,10.889
1.4603,10.531
1.4659,10.319
1.4713,10.193
1.4768,10.115
1.4822,14.069
1.4888,12.443
1.4942,11.464
1.4999,10.878
1.5053,10.527
1.511,10.315
1.5168,10.191
1.5222,14.112
1.5288,12.469
1.5342,11.48
1.5399,10.888
1.5453,10.533
1.5511,10.319
1.5567,10.192
1.5622,14.115
1.5689,12.471
1.5745,11.483
1.5801,10.887
1.5861,10.534
1.5917,10.319
1.5985,14.193
1.604,12.516
1.6096,11.509
1.6149,10.906
1.6205,10.544
1.6261,10.325
1.6315,10.197
1.6369,10.116
1.6423,14.071
1.6488,12.444
1.6542,11.464
1.6599,10.879
1.6655,10.526
1.671,10.317
1.6768,10.192
1.6822,14.114
1.6888,12.468
1.6942,11.48
1.6998,10.888
1.7052,10.535
1.7109,10.32
1.7163,10.192
1.722,10.116
1.7282,14.069
1.7338,12.44
1.7392,11.464
1.7448,10.879
1.7503,10.528
1.7558,10.317
1.7612,10.189
1.7668,10.114
1.7722,14.069
1.7791,12.44
1.7848,11.463
1.7902,10.878
1.7957,10.528
1.8011,10.317
1.8067,10.189
1.8136,14.114
1.8191,12.467
1.8247,11.482
1.8301,10.889
1.8356,10.534
1.841,10.321
1.8465,10.193
1.852,10.115
1.8582,14.068
1.8638,12.441
1.8692,11.465
1.8751,10.879
1.8805,10.528
1.886,10.317
1.8915,10.188
1.897,10.113
1.9032,14.07
1.9088,12.441
1.9142,11.465
1.9198,10.88
1.9252,10.525
1.931,10.316
1.9364,10.191
1.9418,10.115
1.9472,14.069
1.954,12.441
1.9597,11.463
1.9651,10.878
1.9709,10.526
1.9763,10.316
1.9818,10.192
1.9872,14.113
1.9938,12.468
1.9992,11.481
2.0049,10.888
2.0103,10.533
2.0159,10.321
2.0217,10.191
2.0272,14.117
2.0341,12.468
2.0397,11.48
2.0451,10.891
2.0509,10.533
2.0562,10.319
2.0618,10.192
2.0672,14.115
2.0741,12.468
2.0797,11.482
2.0851,10.887
2.091,10.535
2.0964,10.32
2.1019,10.191
2.1072,14.115
2.114,12.469
2.1197,11.482
2.1251,10.888
2.1309,10.534
2.1363,10.321
2.1418,10.192
2.1471,10.116
2.1538,14.069
2.1592,12.44
2.1648,11.463
2.1702,10.879
2.1759,10.528
2.1815,10.315
2.1871,10.19
2.1938,14.116
2.1993,12.469
2.2049,11.48
2.2105,10.887
2.2159,10.535
2.2216,10.32
2.2272,10.193
2.2338,14.114
2.2392,12.469
2.2449,11.48
2.2503,10.888
2.2559,10.535
2.2617,10.32
2.2671,10.192
2.2739,14.116
2.2793,12.47
2.285,11.481
2.2906,10.89
2.2959,10.532
2.3015,10.319
2.3071,10.193
2.3135,14.115
2.3189,12.469
2.3246,11.481
2.33,10.89
2.3354,10.534
2.3409,10.321
2.3463,10.19
2.3522,14.116
2.3589,12.469
2.3647,11.483
2.3701,10.887
2.3758,10.534
2.3817,10.318
2.3872,14.193
2.3939,12.516
2.3995,11.509
2.405,10.905
2.411,10.545
2.4165,10.327
2.4219,10.194
2.4286,14.118
2.4341,12.471
2.4396,11.48
2.445,10.89
2.4505,10.534
2.4559,10.319
2.4615,10.193
2.4671,10.115
2.4732,14.068
2.4788,12.441
2.4842,11.465
2.4898,10.879
2.4952,10.527
2.5008,10.316
2.5062,10.19
2.5118,10.115
2.5185,14.069
2.5239,12.441
2.5293,11.464
2.5349,10.879
2.5407,10.527
2.5461,10.317
2.5517,10.19
2.5572,14.113
2.5639,12.468
2.5693,11.481
2.5749,10.889
2.5807,10.532
2.5861,10.32
2.5915,10.192
2.5969,10.115
2.6022,14.07
2.6088,12.441
2.6142,11.466
2.6199,10.879
2.6253,10.527
2.6309,10.315
2.6368,10.191
2.6422,14.114
2.6488,12.468
2.6542,11.48
2.6598,10.888
2.6652,10.532
2.6709,10.321
2.6763,10.193
2.6819,10.115
2.6873,14.069
2.6939,12.442
2.6993,11.465
2.7048,10.878
2.7102,10.528
2.7158,10.317
2.7212,10.189
2.7268,10.114
2.7322,14.068
2.7391,12.441
2.7445,11.465
2.75,10.879
2.7555,10.528
2.7609,10.316
2.7665,10.188
2.7719,10.116
2.7773,14.069
2.7838,12.44
2.7892,11.464
2.795,10.878
2.8005,10.527
2.8059,10.318
2.8113,10.191
2.8171,10.113
2.8232,14.07
2.8288,12.441
2.8342,11.464
2.8398,10.878
2.8452,10.527
2.8511,10.315
2.8567,10.189
2.8621,10.114
2.8685,14.069
2.8739,12.442
2.8793,11.464
2.8849,10.879
2.8905,10.527
2.896,10.318
2.9018,10.19
2.9072,10.114
2.9139,14.068
2.9195,12.44
2.925,11.465
2.9304,10.879
2.9359,10.527
2.9415,10.316
2.9471,10.191
2.9532,14.113
2.9588,12.47
2.9642,11.481
2.9699,10.888
2.9753,10.532
2.9808,10.319
2.9862,10.193
2.9918,10.116
2.9985,14.068
3.0039,12.442
3.0093,11.465
3.0149,10.877
3.0208,10.528
3.0262,10.317
3.0318,10.19
3.0385,14.11
3.0439,12.456
3.0495,11.455
3.055,10.839
3.0604,10.441
3.0669,10.169
3.0742,13.732
3.0799,11.938
3.0855,10.752
3.0911,9.9189
3.0967,9.2753
3.1021,8.7244
3.1082,10.98
3.1138,9.1335
3.1192,7.7848
3.1249,6.707
3.1303,5.7771
3.1358,4.9128
3.1411,4.0707
3.147,3.2237
3.1535,2.4335
3.159,1.1696
3.1647,0.053543
3.1701,-0.95786
3.1759,-1.8992
3.1817,-2.774
3.1872,-5.7977
3.1939,-5.9359
3.1993,-6.2483
3.205,-6.6469
3.2109,-7.0814
3.2163,-7.5106
3.222,-7.9207
3.2286,-11.958
3.2341,-10.926
3.2397,-10.383
3.2456,-10.114
3.2512,-9.9929
3.257,-9.952
3.2635,-13.938
3.269,-12.358
3.2744,-11.413
3.28,-10.847
3.2857,-10.509
3.2912,-10.306
3.2969,-10.185
3.3023,-14.109
3.3089,-12.466
3.3145,-11.48
3.32,-10.887
3.3257,-10.534
3.3312,-10.319
3.3369,-10.192
3.3433,-14.114
3.3489,-12.468
3.3543,-11.482
3.3599,-10.888
3.3657,-10.536
3.3711,-10.319
3.3765,-10.193
3.3819,-10.115
3.3873,-14.068
3.394,-12.442
3.3997,-11.464
3.4052,-10.879
3.4109,-10.528
3.4165,-10.317
3.4218,-10.19
3.4272,-14.113
3.4338,-12.468
3.4392,-11.48
3.4449,-10.889
3.4503,-10.533
3.456,-10.32
3.4617,-10.192
3.4672,-10.116
3.474,-14.069
3.4797,-12.441
3.4851,-11.464
3.491,-10.88
3.4964,-10.528
3.5018,-10.317
3.5072,-14.19
3.5139,-12.514
3.5193,-11.506
3.5249,-10.905
3.5305,-10.542
3.536,-10.327
3.5416,-10.198
3.5472,-10.118
3.5539,-14.07
3.5595,-12.443
3.565,-11.464
3.5704,-10.88
3.5759,-10.527
3.5815,-10.316
3.5871,-10.19
3.5935,-14.113
3.5989,-12.469
3.6046,-11.482
3.61,-10.889
3.6154,-10.533
3.6208,-10.319
3.6262,-10.193
3.6318,-10.113
3.6385,-14.07
3.6439,-12.441
3.6493,-11.465
3.6549,-10.88
3.6608,-10.528
3.6662,-10.317
3.6718,-10.189
3.6785,-14.114
3.6839,-12.468
3.6893,-11.482
3.6949,-10.889
3.7003,-10.53
3.7058,-10.321
3.7112,-10.192
3.7168,-10.115
3.7222,-10.068
3.7288,-14.041
3.7342,-12.425
3.7398,-11.455
3.7452,-10.873
3.7508,-10.524
3.7562,-10.314
3.7622,-14.189
3.7688,-12.515
3.7742,-11.508
3.7798,-10.904
3.7852,-10.544
3.7909,-10.326
3.7963,-10.195
3.8019,-10.116
3.8073,-14.07
3.8138,-12.441
3.8192,-11.466
3.8249,-10.88
3.8303,-10.527
3.8358,-10.316
3.8412,-10.19
3.8468,-10.114
3.8522,-14.068
3.8591,-12.442
3.8646,-11.464
3.87,-10.88
3.8754,-10.527
3.881,-10.315
3.8864,-10.188
3.8919,-10.113
3.8973,-14.068
3.9038,-12.441
3.9092,-11.466
3.915,-10.879
3.9205,-10.526
3.926,-10.317
3.9315,-10.191
3.9369,-10.112
3.9433,-14.068
3.9489,-12.441
3.9543,-11.465
3.9599,-10.878
3.9658,-10.528
3.9712,-10.317
3.9768,-10.188
3.9833,-14.115
3.9888,-12.468
3.9942,-11.482
3.9999,-10.888
4.0056,-10.533
4.0111,-10.321
4.0167,-10.192
4.0221,-10.114
4.0286,-14.069
4.0341,-12.443
4.0398,-11.464
4.0452,-10.88
4.0509,-10.527
4.0564,-10.318
4.0619,-10.191
4.0673,-14.113
4.0739,-12.469
4.0805,-11.482
4.0861,-10.887
4.0917,-10.532
4.0973,-14.32
4.1039,-12.592
4.1097,-11.554
4.1153,-10.933
4.1209,-10.561
4.1265,-10.337
4.1319,-10.201
4.1383,-14.121
4.1439,-12.472
4.1496,-11.485
4.155,-10.89
4.1604,-10.534
4.166,-10.322
4.1715,-10.193
4.1769,-10.114
4.1833,-14.068
4.1889,-12.441
4.1943,-11.466
4.1999,-10.879
4.2055,-10.527
4.2111,-10.317
4.2167,-10.19
4.2222,-14.113
4.2288,-12.468
4.2342,-11.481
4.2399,-10.889
4.2457,-10.534
4.2511,-10.32
4.2565,-10.191
4.2619,-10.114
4.2673,-14.068
4.274,-12.442
4.2797,-11.468
4.2851,-10.879
4.2908,-10.527
4.2962,-10.315
4.3018,-10.19
4.3072,-14.114
4.3138,-12.469
4.3192,-11.48
4.3249,-10.888
4.3303,-10.535
4.336,-10.32
4.3417,-10.191
4.3471,-10.116
4.3539,-14.07
4.3593,-12.44
4.3649,-11.465
4.3705,-10.879
4.376,-10.528
4.3816,-10.316
4.3872,-14.19
4.3938,-12.514
4.3992,-11.508
4.4049,-10.905
4.4103,-10.544
4.416,-10.326
4.4217,-10.194
4.4271,-10.116
4.4339,-14.07
4.4393,-12.441
4.4449,-11.467
4.4505,-10.879
4.456,-10.53
4.4616,-10.316
4.4672,-10.189
4.4738,-14.115
4.4792,-12.469
4.4849,-11.481
4.4903,-10.887
4.4959,-10.533
4.5017,-10.32
4.5071,-10.192
4.5139,-14.116
4.5194,-12.47
4.525,-11.482
4.5305,-10.888
4.536,-10.533
4.5416,-10.32
4.5472,-10.192
4.5538,-14.116
4.5592,-12.469
4.5649,-11.48
4.5703,-10.89
4.576,-10.533
4.5817,-10.32
4.5871,-10.192
4.5939,-14.115
4.5993,-12.469
4.6049,-11.48
4.6103,-10.89
4.616,-10.534
4.6216,-10.319
4.6271,-10.193
4.6339,-14.115
4.6393,-12.469
4.6449,-11.482
4.6505,-10.888
4.656,-10.532
4.6617,-10.321
4.6672,-14.194
4.6741,-12.514
4.6798,-11.509
4.6852,-10.906
4.6911,-10.544
4.6967,-10.328
4.702,-10.196
4.7074,-14.117
4.7139,-12.471
4.7193,-11.482
4.7249,-10.888
4.7304,-10.534
4.736,-10.32
4.7416,-10.191
4.7472,-14.116
4.7539,-12.469
4.7594,-11.48
4.765,-10.891
4.7704,-10.532
4.776,-10.32
4.7816,-10.193
4.7871,-10.116
4.7937,-14.068
4.7991,-12.442
4.8048,-11.464
4.8102,-10.879
4.8158,-10.526
4.8217,-10.316
4.8271,-10.19
4.834,-14.116
4.8394,-12.468
4.845,-11.48
4.8505,-10.89
4.8559,-10.533
4.8617,-10.321
4.8672,-14.192
4.8739,-12.514
4.8795,-11.509
4.885,-10.904
4.8911,-10.543
4.8967,-10.326
4.902,-10.196
4.9075,-14.117
4.9141,-12.472
4.9198,-11.483
4.9253,-10.889
4.9312,-10.535
4.9369,-10.319
4.9423,-14.192
4.9489,-12.514
4.9545,-11.51
4.96,-10.906
4.9657,-10.544
4.9711,-10.325
4.9768,-10.197
4.9823,-14.119
4.9889,-12.47
4.9943,-11.481
4.9999,-10.888
5.0056,-10.535
5.0111,-10.319
5.0168,-10.192
5.0223,-14.117
5.0289,-12.469
5.0343,-11.482
5.0399,-10.888
5.0456,-10.534
5.0511,-10.321
5.0567,-10.192
5.0621,-10.115
5.0687,-14.068
5.0741,-12.44
5.0797,-11.464
5.0851,-10.88
5.0911,-10.527
5.0965,-10.316
5.1018,-10.19
5.1072,-14.113
5.1138,-12.469
5.1192,-11.482
5.1249,-10.889
5.1304,-10.534
5.136,-10.319
5.1416,-10.191
5.1472,-10.116
5.1541,-14.07
5.1597,-12.441
5.1651,-11.465
5.171,-10.878
5.1765,-10.527
5.1819,-10.316
5.1873,-14.19
5.1939,-12.514
5.1993,-11.51
5.2049,-10.905
5.2105,-10.542
5.216,-10.327
5.2216,-10.194
5.2272,-14.118
5.2341,-12.47
5.2397,-11.482
5.2451,-10.89
5.2508,-10.534
5.2562,-10.318
5.2617,-10.192
5.2673,-14.116
5.2738,-12.469
5.2793,-11.481
5.2849,-10.888
5.2905,-10.535
5.296,-10.32
5.3016,-10.191
5.3072,-14.115
5.3141,-12.471
5.3198,-11.48
5.3252,-10.888
5.3311,-10.534
5.3367,-10.318
5.342,-10.193
5.3475,-14.115
5.3539,-12.47
5.3593,-11.482
5.3649,-10.888
5.3705,-10.533
5.376,-10.318
5.3817,-10.192
5.3872,-14.115
5.3941,-12.468
5.3997,-11.485
5.4051,-10.891
5.4109,-10.534
5.4163,-10.318
5.4218,-10.192
5.4275,-14.116
5.4339,-12.47
5.4393,-11.48
5.445,-10.889
5.4504,-10.535
5.456,-10.32
5.4617,-10.191
5.4671,-10.115
5.474,-14.069
5.4795,-12.439
5.485,-11.466
5.4904,-10.879
5.496,-10.528
5.5016,-10.316
5.5072,-10.19
5.5138,-14.115
5.5192,-12.468
5.5249,-11.479
5.5303,-10.889
5.536,-10.532
5.5417,-10.322
5.5471,-10.191
5.5539,-14.116
5.5593,-12.47
5.5649,-11.481
5.5705,-10.888
5.576,-10.535
5.5816,-10.318
5.5872,-10.192
5.5938,-14.113
5.5992,-12.471
5.6049,-11.479
5.6103,-10.889
5.6158,-10.535
5.6217,-10.321
5.6271,-10.192
5.6339,-14.116
5.6394,-12.47
5.645,-11.482
5.6504,-10.888
5.656,-10.533
5.6617,-10.32
5.667,-10.192
5.6736,-14.115
5.679,-12.469
5.6845,-11.482
5.69,-10.89
5.6955,-10.532
5.7009,-10.319
5.7063,-10.191
5.7119,-10.116
5.7186,-14.071
5.724,-12.441
5.7295,-11.466
5.735,-10.879
5.7408,-10.526
5.7463,-10.317
5.7519,-10.191
5.7586,-14.112
5.764,-12.469
5.7695,-11.48
5.775,-10.891
5.7805,-10.532
5.7859,-10.318
5.7915,-10.193
5.7969,-10.116
5.8037,-14.07
5.8092,-12.442
5.815,-11.463
5.8207,-10.879
5.8263,-10.525
5.832,-10.317
5.8386,-14.189
5.844,-12.514
5.8495,-11.51
5.8551,-10.904
5.8608,-10.544
5.8662,-10.325
5.8719,-10.195
5.8786,-14.118
5.8841,-12.472
5.8901,-11.481
5.8958,-10.89
5.9016,-10.536
5.9071,-10.319
5.914,-14.191
5.9195,-12.516
5.925,-11.51
5.9309,-10.906
5.9363,-10.543
5.9419,-10.326
5.9474,-14.196
5.9542,-12.517
5.9601,-11.509
5.9657,-10.906
5.9712,-10.545
5.9769,-10.327
5.9823,-14.194
5.989,-12.521
5.9949,-11.508
6.0005,-10.905
6.0059,-10.543
6.0115,-10.33
6.0169,-10.196
6.0225,-14.117
6.0289,-12.47
6.0345,-11.48
6.04,-10.885
6.0457,-10.525
6.0513,-10.296
6.059,-14.079
6.0645,-12.351
6.07,-11.258
6.0754,-10.538
6.081,-10.018
6.0864,-9.6045
6.0918,-9.2283
6.0972,-12.021
6.1038,-10.185
6.1092,-8.8821
6.1151,-7.8769
6.1207,-7.0308
6.126,-6.2546
6.1315,-5.5045
6.1369,-4.7504
6.1425,-4.7533
6.1489,-3.2829
6.1543,-2.0381
6.1599,-0.93234
6.1655,0.08757
6.1711,1.0438
6.1767,1.9483
6.1821,2.8071
6.1887,5.8176
6.1941,5.9466
6.1997,6.2547
6.2051,6.6496
6.2108,7.0818
6.2169,7.5096
6.2224,11.467
6.2288,10.541
6.2342,10.076
6.2399,9.8689
6.2455,9.808
6.2511,9.8118
6.2567,9.8434
6.2621,9.8843
6.2675,13.914
6.2741,12.344
6.2797,11.408
6.2851,10.844
6.2909,10.506
6.2962,10.304
6.3019,10.18
6.3073,14.11
6.3138,12.466
6.3192,11.48
6.3249,10.888
6.3305,10.531
6.336,10.32
6.3416,10.192
6.3472,10.117
6.354,14.068
6.3594,12.44
6.365,11.463
6.3704,10.878
6.3758,10.527
6.3816,10.316
6.3871,10.19
6.3937,14.115
6.3991,12.469
6.4045,11.482
6.41,10.889
6.4155,10.533
6.4208,10.322
6.4262,10.194
6.4318,10.116
6.4372,14.067
6.4439,12.441
6.4493,11.466
6.4549,10.878
6.4608,10.526
6.4662,10.317
6.4718,10.193
6.4775,14.115
6.4839,12.468
6.4894,11.479
6.4949,10.891
6.5005,10.532
6.506,10.32
6.5114,10.191
6.5169,10.114
6.5223,14.07
6.5288,12.442
6.5342,11.464
6.5398,10.88
6.5452,10.527
6.5508,10.315
6.5562,10.188
6.5622,14.115
6.5688,12.468
6.5742,11.482
6.5798,10.888
6.5851,10.533
6.5907,10.323
6.5963,10.191
6.6019,10.115
6.6074,14.067
6.6138,12.442
6.6192,11.463
6.6249,10.878
6.6303,10.529
6.6358,10.317
6.6412,10.189
6.6468,10.115
6.6538,14.067
6.6592,12.443
6.6648,11.466
6.6702,10.88
6.6758,10.526
6.6812,10.314
6.6868,10.191
6.6923,14.114
6.6991,12.467
6.7047,11.482
6.7101,10.888
6.7157,10.532
6.7211,10.323
6.7267,10.189
6.7322,14.115
6.7391,12.468
6.7447,11.48
6.7501,10.892
6.7555,10.532
6.761,10.322
6.7665,10.193
6.772,10.114
6.7775,14.069
6.7839,12.443
6.7897,11.463
6.7952,10.878
6.8008,10.528
6.8065,10.317
6.8119,10.191
6.819,14.111
6.8245,12.469
6.83,11.481
6.8354,10.889
6.8409,10.533
6.8465,10.32
6.8519,10.192
6.8575,14.116
6.8639,12.47
6.8697,11.481
6.8751,10.888
6.8807,10.534
6.8861,10.319
6.8917,10.192
6.8972,10.115
6.9038,14.07
6.9092,12.441
6.9152,11.466
6.9208,10.877
6.9262,10.528
6.9318,10.317
6.9372,14.189
6.9438,12.515
6.9492,11.507
6.9551,10.904
6.9605,10.543
6.966,10.326
6.9715,10.197
6.9769,10.116
6.9824,14.07
6.9888,12.44
6.9942,11.467
6.9999,10.879
7.0055,10.529
7.0111,10.318
7.0167,10.188
7.0221,10.114
7.0286,14.068
7.034,12.441
7.0395,11.464
7.045,10.878
7.0505,10.527
7.0559,10.318
7.0616,10.19
7.0672,10.115
7.074,14.067
7.0794,12.441
7.085,11.466
7.0904,10.879
7.096,10.527
7.1016,10.317
7.107,10.189
7.1124,14.114
7.1188,12.467
7.1242,11.482
7.1299,10.888
7.1353,10.533
7.1408,10.321
7.1462,14.191
7.1551,12.515
7.1605,11.51
7.1659,10.905
7.1714,10.543
7.1769,10.325
7.1824,14.196
7.1888,12.519
7.1943,11.51
7.1999,10.904
7.2056,10.544
7.2111,10.327
7.2167,10.195
7.2221,10.118
7.2288,14.069
7.2342,12.443
7.2399,11.466
7.2453,10.881
7.2511,10.526
7.2567,10.315
7.2621,10.192
7.2686,14.113
7.274,12.468
7.2794,11.481
7.2849,10.89
7.2904,10.533
7.2959,10.32
7.3017,10.19
7.3072,10.115
7.314,14.07
7.3194,12.443
7.325,11.464
7.3304,10.879
7.3359,10.529
7.3416,10.317
7.3471,10.189
7.3537,14.112
7.3591,12.468
7.3645,11.483
7.37,10.89
7.3754,10.534
7.3808,10.318
7.3862,10.19
7.3918,10.115
7.3972,14.07
7.4039,12.441
7.4093,11.466
7.415,10.877
7.4208,10.529
7.4262,10.316
7.4318,10.19
7.4375,14.112
7.444,12.468
7.4494,11.482
7.455,10.889
7.4604,10.531
7.4658,10.319
7.4712,10.193
7.4768,10.115
7.4822,10.07
7.4888,14.043
7.4942,12.423
7.4998,11.454
7.5052,10.873
7.5108,10.523
7.5162,10.315
7.5222,10.188
7.5288,14.113
7.5342,12.467
7.5398,11.48
7.5452,10.889
7.5508,10.532
7.5562,10.32
7.5618,10.193
7.5673,14.116
7.5742,12.47
7.5798,11.48
7.5852,10.889
7.5909,10.533
7.5967,10.321
7.6021,10.193
7.6088,14.115
7.6142,12.469
7.6198,11.482
7.6252,10.888
7.6309,10.534
7.6365,10.318
7.6419,10.193
7.6475,14.117
7.654,12.468
7.6594,11.481
7.6648,10.888
7.6703,10.534
7.6758,10.322
7.6812,10.19
7.6868,10.117
7.6937,14.068
7.6991,12.441
7.7048,11.467
7.7102,10.879
7.7158,10.528
7.7212,10.317
7.7268,10.189
7.7323,14.113
7.7391,12.468
7.7447,11.481
7.7501,10.889
7.7557,10.534
7.7611,10.319
7.7667,10.192
7.7722,14.116
7.7791,12.468
7.7848,11.48
7.7902,10.888
7.7958,10.534
7.8012,10.321
7.8068,10.192
7.8125,14.115
7.8191,12.468
7.8245,11.482
7.83,10.89
7.8354,10.534
7.8408,10.321
7.8462,10.193
7.8519,10.115
7.8573,14.068
7.8638,12.441
7.8692,11.465
7.8752,10.879
7.8808,10.528
7.8862,10.317
7.8918,10.188
7.8973,14.113
7.9038,12.469
7.9092,11.481
7.9151,10.889
7.9205,10.535
7.926,10.317
7.9314,10.192
7.9369,10.117
7.9424,14.069
7.9488,12.443
7.9543,11.465
7.9597,10.878
7.9651,10.527
7.9709,10.315
7.9763,10.189
7.9818,10.116
7.9874,14.068
7.9939,12.441
7.9993,11.465
8.0049,10.878
8.0104,10.527
8.0159,10.318
8.0215,10.188
8.0271,10.113
8.0339,14.068
8.0395,12.44
8.045,11.467
8.0505,10.879
8.0559,10.526
8.0617,10.316
8.0672,10.19
8.0738,14.113
8.0792,12.469
8.0849,11.479
8.0903,10.89
8.0959,10.533
8.1017,10.319
8.1072,10.192
8.114,14.115
8.1194,12.47
8.1249,11.481
8.1304,10.89
8.1359,10.534
8.1415,10.32
8.1472,10.193
8.1538,14.115
8.1592,12.468
8.1649,11.48
8.1703,10.889
8.1762,10.534
8.1818,10.318
8.1874,34.194
8.2195,24.515
8.225,18.711
8.2304,15.223
8.2359,13.135
8.2413,11.881
8.2468,11.128
8.2538,14.678
8.2592,12.806
8.2649,11.684
8.2703,11.011
8.2758,10.607
8.2812,10.364
8.2868,10.218
8.2924,14.13
8.2991,12.478
8.3047,11.488
8.3101,10.894
8.3157,10.534
8.3212,10.321
8.3268,10.192
8.3338,14.117
8.3392,12.47
8.3449,11.48
8.3503,10.888
8.3559,10.534
8.3613,10.32
8.3668,10.193
8.3722,10.114
8.3793,14.068
8.3849,12.443
8.3904,11.465
8.3959,10.879
8.4015,10.527
8.4069,10.316
8.414,14.191
8.4195,12.513
8.425,11.51
8.4305,10.905
8.4359,10.543
8.4414,10.324
8.4469,10.196
8.4525,14.117
8.4592,12.471
8.4648,11.482
8.4703,10.891
8.4759,10.532
8.482,10.32
8.4875,14.192
8.4939,12.514
8.4993,11.509
8.5049,10.906
8.5104,10.545
8.5158,10.326
8.5213,10.196
8.5268,10.118
8.5324,14.07
8.5391,12.442
8.5447,11.466
8.5501,10.88
8.5558,10.528
8.5612,10.316
8.5669,10.19
8.5739,14.114
8.5793,12.468
8.585,11.481
8.5904,10.889
8.5959,10.533
8.6013,10.319
8.6068,10.193
8.6124,10.115
8.6191,14.069
8.6247,12.442
8.6301,11.464
8.6357,10.88
8.6412,10.528
8.6468,10.316
8.6538,14.189
8.6592,12.514
8.6649,11.507
8.6703,10.906
8.6759,10.544
8.6813,10.325
8.6868,10.195
8.6925,14.118
8.6991,12.471
8.7047,11.482
8.7101,10.89
8.7155,10.534
8.7209,10.32
8.7263,10.192
8.7318,10.114
8.7373,10.069
8.7439,14.042
8.7495,12.425
8.7552,11.455
8.7608,10.872
8.7662,10.522
8.7718,10.316
8.7773,10.189
8.7839,14.112
8.7895,12.468
8.7951,11.48
8.8007,10.888
8.8062,10.534
8.8118,10.321
8.8173,10.192
8.8239,14.117
8.8296,12.469
8.8351,11.48
8.8407,10.888
8.8461,10.533
8.8517,10.319
8.8572,10.192
8.8637,14.114
8.8691,12.47
8.875,11.482
8.8804,10.888
8.8858,10.533
8.8912,10.32
8.8968,10.194
8.9022,10.115
8.9088,14.07
8.9142,12.441
8.9197,11.463
8.9251,10.88
8.9309,10.528
8.9364,10.316
8.9418,10.19
8.9475,14.114
8.9539,12.468
8.9593,11.483
8.965,10.889
8.9704,10.532
8.9758,10.318
8.9817,10.191
8.9872,10.116
8.9941,14.069
8.9997,12.44
9.0051,11.466
9.011,10.88
9.0164,10.526
9.0218,10.317
9.0275,14.191
9.0339,12.515
9.0394,11.508
9.0449,10.9
9.0504,10.533
9.0559,10.3
9.0616,10.144
9.0671,10.026
9.0735,13.768
9.0789,12.043
9.0848,10.921
9.0902,10.145
9.0958,9.555
9.1015,9.0557
9.107,8.5938
9.1124,8.1312
9.1188,10.196
9.1242,8.4199
9.1297,7.0905
9.1351,6.006
9.1408,5.0514
9.1462,4.1526
9.1518,3.2728
9.1572,2.463
9.1639,1.1873
9.1693,0.064159
9.175,-0.95272
9.1808,-1.8937
9.1862,-2.7744
9.1918,-3.5946
9.1986,-6.8137
9.204,-6.775
9.2095,-6.9642
9.2152,-7.2705
9.2216,-7.6253
9.2271,-7.9895
9.2337,-11.999
9.2391,-10.951
9.2448,-10.396
9.2503,-10.123
9.2559,-9.9997
9.2617,-9.9574
9.2671,-9.9515
9.2738,-13.953
9.2793,-12.37
9.2849,-11.422
9.2903,-10.852
9.2958,-10.513
9.3015,-10.308
9.3071,-10.186
9.3136,-14.11
9.319,-12.466
9.3246,-11.48
9.3301,-10.887
9.3357,-10.534
9.3413,-10.319
9.347,-10.192
9.3524,-10.115
9.3589,-14.067
9.3643,-12.442
9.3708,-11.464
9.3763,-10.881
9.385,-14.528
9.3925,-16.715
9.4,-14.029
9.4057,-12.419
9.4113,-11.45
9.4168,-10.87
9.4224,-10.523
9.4289,-14.314
9.4353,-12.586
9.4409,-11.553
9.4463,-10.932
9.4518,-10.558
9.4574,-10.336
9.4638,-14.201
9.4692,-12.521
9.475,-11.513
9.4804,-10.908
9.4858,-10.544
9.4912,-10.327
9.4968,-10.195
9.5022,-10.118
9.5087,-14.072
9.5141,-12.443
9.5198,-11.465
9.5252,-10.879
9.531,-10.525
9.5364,-10.317
9.5418,-10.189
9.5474,-10.115
9.5541,-14.069
9.5597,-12.441
9.5651,-11.465
9.5709,-10.88
9.5771,-10.526
9.5836,-14.316
9.589,-12.59
9.5944,-11.554
9.6,-10.933
9.6055,-10.559
9.6109,-10.337
9.6162,-10.202
9.6218,-10.122
9.6274,-10.072
9.6341,-14.044
9.6397,-12.424
9.6451,-11.456
9.6509,-10.874
9.6563,-10.523
9.6618,-10.314
9.6675,-10.19
9.6739,-14.114
9.6794,-12.468
9.685,-11.48
9.6904,-10.889
9.6959,-10.533
9.7017,-10.321
9.707,-10.193
9.7124,-10.112
9.7193,-14.069
9.7251,-12.442
9.7309,-11.464
9.7363,-10.879
9.7418,-10.527
9.7474,-10.317
9.754,-14.191
9.7595,-12.515
9.765,-11.508
9.7705,-10.906
9.7759,-10.543
9.7816,-10.327
9.787,-10.195
9.7925,-10.116
9.7989,-14.071
9.8048,-12.442
9.8102,-11.464
9.8158,-10.88
9.8215,-10.527
9.827,-10.315
9.8324,-10.191
9.8389,-14.114
9.8444,-12.468
9.8498,-11.481
9.8552,-10.889
9.8608,-10.532
9.8662,-10.32
9.8718,-10.193
9.8785,-14.116
9.8839,-12.469
9.8894,-11.48
9.895,-10.887
9.9007,-10.533
9.9062,-10.321
9.9118,-10.192
9.9175,-14.117
9.9239,-12.469
9.9294,-11.48
9.9349,-10.89
9.9404,-10.534
9.9458,-10.318
9.9512,-10.194
9.9568,-10.114
9.9624,-10.069
9.9689,-14.04
9.9743,-12.426
9.9798,-11.456
9.9852,-10.871
9.9908,-10.524
9.9962,-10.315
10.002,-10.188
10.009,-14.113
10.014,-12.468
10.02,-11.482
10.025,-10.888
10.031,-10.532
10.036,-10.319
10.042,-10.192
10.049,-14.114
10.054,-12.47
10.059,-11.481
10.065,-10.89
10.07,-10.534
10.076,-10.32
10.081,-10.191
10.087,-10.116
10.092,-14.068
10.099,-12.441
10.105,-11.465
10.11,-10.879
10.116,-10.528
10.121,-10.316
10.127,-10.19
10.132,-10.115
10.139,-14.068
10.145,-12.441
10.15,-11.465
10.156,-10.878
10.161,-10.528
10.167,-10.316
10.174,-14.191
10.179,-12.515
10.185,-11.507
10.19,-10.904
10.196,-10.542
10.201,-10.325
10.207,-10.197
10.212,-10.117
10.219,-14.071
10.225,-12.443
10.23,-11.465
10.236,-10.879
10.241,-10.528
10.247,-10.317
10.252,-14.191
10.259,-12.515
10.265,-11.508
10.27,-10.904
10.276,-10.544
10.281,-10.324
10.287,-10.196
10.292,-10.12
10.299,-14.07
10.305,-12.441
10.31,-11.465
10.316,-10.879
10.321,-10.528
10.327,-10.317
10.332,-14.189
10.339,-12.515
10.345,-11.508
10.35,-10.904
10.356,-10.544
10.361,-10.327
10.367,-10.196
10.372,-10.115
10.379,-14.071
10.384,-12.443
10.39,-11.465
10.395,-10.879
10.401,-10.528
10.406,-10.317
10.412,-10.189
10.417,-10.114
10.424,-14.069
10.429,-12.44
10.435,-11.463
10.44,-10.879
10.446,-10.527
10.451,-10.315
10.457,-10.192
10.462,-10.114
10.469,-14.069
10.474,-12.44
10.48,-11.466
10.486,-10.88
10.491,-10.528
10.497,-10.316
10.502,-10.189
10.509,-14.114
10.514,-12.468
10.52,-11.481
10.525,-10.889
10.531,-10.534
10.537,-10.32
10.542,-10.191
10.549,-14.115
10.554,-12.469
10.56,-11.481
10.565,-10.89
10.571,-10.533
10.577,-10.319
10.582,-10.193
10.589,-14.115
10.594,-12.469
10.6,-11.482
10.605,-10.888
10.611,-10.533
10.616,-10.319
10.622,-10.193
10.627,-10.116
10.634,-14.07
10.639,-12.441
10.645,-11.465
10.65,-10.879
10.656,-10.528
10.662,-10.316
10.667,-10.188
10.674,-14.114
10.679,-12.471
10.685,-11.48
10.69,-10.888
10.696,-10.533
10.702,-10.32
10.707,-10.194
10.714,-14.114
10.719,-12.469
10.725,-11.483
10.73,-10.889
10.736,-10.532
10.742,-10.321
10.747,-10.192
10.754,-14.117
10.76,-12.469
10.765,-11.48
10.771,-10.887
10.777,-10.535
10.784,-14.319
10.789,-12.593
10.795,-11.556
10.801,-10.933
10.806,-10.559
10.812,-10.337
10.817,-10.201
10.824,-14.12
10.829,-12.472
10.835,-11.484
10.84,-10.889
10.846,-10.536
10.851,-10.321
10.857,-10.191
10.862,-10.116
10.869,-14.07
10.874,-12.441
10.88,-11.465
10.885,-10.878
10.891,-10.527
10.897,-10.315
10.902,-10.189
10.909,-14.114
10.914,-12.47
10.92,-11.48
10.925,-10.889
10.931,-10.534
10.937,-10.319
10.942,-10.193
10.949,-14.115
10.954,-12.468
10.959,-11.48
10.965,-10.889
10.97,-10.534
10.976,-10.321
10.982,-10.191
10.987,-10.116
10.994,-14.07
10.999,-12.441
11.005,-11.464
11.01,-10.877
11.016,-10.529
11.022,-10.315
11.027,-10.189
11.034,-14.115
11.039,-12.468
11.044,-11.481
11.05,-10.888
11.055,-10.534
11.061,-10.321
11.066,-10.191
11.072,-10.115
11.077,-14.068
11.084,-12.44
11.09,-11.464
11.096,-10.88
11.101,-10.527
11.107,-10.316
11.112,-10.19
11.119,-14.113
11.124,-12.469
11.13,-11.482
11.135,-10.889
11.141,-10.534
11.146,-10.319
11.152,-10.191
11.157,-14.115
11.164,-12.47
11.169,-11.481
11.175,-10.889
11.18,-10.532
11.186,-10.32
11.192,-10.192
11.198,-14.116
11.204,-12.47
11.209,-11.483
11.215,-10.889
11.22,-10.532
11.226,-10.321
11.231,-10.19
11.237,-10.114
11.245,-14.069
11.251,-12.442
11.256,-11.465
11.262,-10.879
11.267,-10.525
11.274,-14.316
11.279,-12.591
11.285,-11.554
11.29,-10.932
11.296,-10.558
11.302,-10.338
11.307,-10.202
11.313,-14.119
11.319,-12.473
11.325,-11.485
11.33,-10.889
11.336,-10.534
11.341,-10.322
11.347,-10.191
11.352,-10.116
11.359,-14.069
11.364,-12.443
11.37,-11.466
11.375,-10.879
11.381,-10.527
11.386,-10.314
11.392,-10.19
11.397,-14.113
11.404,-12.467
11.409,-11.484
11.415,-10.891
11.421,-10.533
11.426,-10.318
11.432,-10.192
11.437,-14.116
11.444,-12.47
11.449,-11.48
11.455,-10.889
11.46,-10.535
11.466,-10.32
11.471,-10.191
11.477,-10.115
11.482,-10.069
11.489,-14.04
11.494,-12.426
11.499,-11.455
11.505,-10.873
11.51,-10.523
11.516,-10.314
11.522,-10.189
11.529,-14.114
11.534,-12.466
11.54,-11.481
11.545,-10.888
11.551,-10.535
11.557,-10.319
11.562,-10.192
11.569,-14.117
11.574,-12.469
11.58,-11.48
11.585,-10.891
11.591,-10.531
11.597,-10.32
11.602,-10.194
11.608,-14.115
11.614,-12.466
11.619,-11.481
11.625,-10.89
11.63,-10.534
11.636,-10.32
11.641,-10.192
11.647,-10.115
11.652,-10.07
11.659,-14.041
11.664,-12.425
11.67,-11.455
11.675,-10.873
11.681,-10.524
11.686,-10.314
11.692,-10.188
11.697,-10.113
11.704,-14.067
11.709,-12.441
11.715,-11.463
11.721,-10.879
11.726,-10.525
11.732,-10.319
11.737,-10.189
11.744,-14.114
11.749,-12.467
11.755,-11.482
11.76,-10.889
11.766,-10.531
11.771,-10.319
11.777,-10.193
11.782,-10.115
11.789,-14.069
11.794,-12.441
11.8,-11.466
11.805,-10.88
11.811,-10.527
11.817,-10.318
11.822,-10.191
11.829,-14.114
11.834,-12.466
11.839,-11.481
11.845,-10.889
11.851,-10.532
11.856,-10.32
11.862,-10.193
11.867,-10.114
11.874,-14.069
11.88,-12.441
11.885,-11.466
11.891,-10.879
11.896,-10.529
11.902,-10.315
11.907,-10.191
11.914,-14.114
11.919,-12.47
11.925,-11.48
11.93,-10.889
11.936,-10.534
11.942,-10.321
11.947,-10.191
11.954,-14.115
11.959,-12.469
11.965,-11.481
11.97,-10.887
11.976,-10.533
11.982,-10.321
11.987,-10.193
11.993,-14.114
11.999,-12.472
12.005,-11.479
12.01,-10.887
12.016,-10.533
12.022,-10.324
12.027,-10.192
12.033,-14.114
12.039,-12.469
12.045,-11.479
12.05,-10.885
12.056,-10.527
12.061,-10.298
12.067,-10.147
12.072,-10.032
12.079,-13.792
12.084,-12.071
12.09,-10.959
12.095,-10.19
12.101,-9.6075
12.106,-9.1178
12.112,-8.6652
12.118,-11.026
12.124,-9.2093
12.129,-7.8767
12.135,-6.8207
12.141,-5.9027
12.146,-5.0504
12.152,-4.2168
12.157,-3.8814
12.164,-2.4717
12.169,-1.2657
12.175,-0.18447
12.18,0.81583
12.187,1.748
12.193,4.4961
12.199,4.8473
12.205,5.3156
12.21,5.8322
12.216,6.357
12.221,6.8672
12.227,10.735
12.234,9.9641
12.24,9.6137
12.245,9.5048
12.251,9.5164
12.256,9.5831
12.262,9.6708
12.267,9.7514
12.274,13.812
12.279,12.279
12.285,11.368
12.29,10.821
12.296,10.493
12.302,10.292
12.307,10.178
12.314,14.104
12.319,12.464
12.325,11.481
12.33,10.885
12.336,10.533
12.342,10.321
12.347,10.192
12.354,14.113
12.36,12.468
12.366,11.482
12.371,10.891
12.377,10.534
12.382,10.319
12.389,14.191
12.394,12.515
12.4,11.51
12.406,10.905
12.411,10.543
12.417,10.326
12.422,10.197
12.429,14.114
12.435,12.471
12.44,11.483
12.446,10.889
12.451,10.536
12.457,10.322
12.462,10.19
12.469,14.116
12.474,12.47
12.48,11.482
12.486,10.888
12.491,10.531
12.497,10.321
12.502,10.19
12.509,14.116
12.515,12.469
12.521,11.484
12.526,10.889
12.532,10.533
12.539,14.321
12.544,12.592
12.55,11.553
12.555,10.934
12.561,10.56
12.566,10.336
12.572,10.201
12.579,14.12
12.585,12.472
12.59,11.485
12.596,10.892
12.602,10.534
12.607,10.321
12.612,10.19
12.619,14.115
12.624,12.468
12.63,11.482
12.635,10.888
12.641,10.534
12.646,10.318
12.652,10.191
12.657,10.115
12.664,14.072
12.669,12.441
12.675,11.466
12.681,10.881
12.686,10.525
12.692,10.317
12.697,10.191
12.704,14.113
12.709,12.468
12.715,11.482
12.72,10.888
12.726,10.531
12.731,10.321
12.737,10.191
12.742,10.116
12.749,14.07
12.754,12.439
12.76,11.466
12.766,10.88
12.771,10.527
12.777,10.315
12.782,10.191
12.789,14.115
12.794,12.468
12.8,11.481
12.805,10.889
12.811,10.532
12.817,10.321
12.822,10.193
12.829,14.114
12.834,12.47
12.84,11.482
12.845,10.889
12.851,10.534
12.857,10.321
12.862,10.19
12.869,14.115
12.874,12.469
12.88,11.483
12.885,10.889
12.891,10.532
12.897,10.32
12.902,10.193
12.909,14.114
12.914,12.467
12.92,11.481
12.925,10.892
12.931,10.533
12.937,10.32
12.942,10.191
12.949,14.116
12.954,12.47
12.96,11.484
12.965,10.887
12.971,10.533
12.976,10.32
12.982,10.191
12.987,10.114
12.994,14.069
12.999,12.441
13.005,11.465
13.01,10.881
13.016,10.527
13.021,10.315
13.027,10.19
13.034,14.114
13.039,12.469
13.045,11.481
13.05,10.888
13.056,10.533
13.062,10.321
13.067,10.192
13.073,14.114
13.079,12.469
13.085,11.482
13.09,10.888
13.096,10.533
13.102,10.32
13.107,10.192
13.114,14.116
13.119,12.469
13.125,11.481
13.13,10.889
13.136,10.534
13.141,10.319
13.147,10.193
13.153,14.116
13.159,12.47
13.165,11.481
13.17,10.886
13.176,10.535
13.181,10.319
13.187,10.191
13.194,14.117
13.199,12.47
13.205,11.482
13.21,10.888
13.216,10.531
13.222,10.319
13.227,10.191
13.233,14.117
13.239,12.47
13.245,11.481
13.25,10.889
13.256,10.534
13.261,10.319
13.267,10.192
13.274,14.116
13.279,12.468
13.285,11.482
13.29,14.889
13.299,12.933
13.305,11.76
13.311,11.056
13.316,10.632
13.322,10.382
13.327,10.228
13.334,14.137
13.339,12.483
13.345,11.489
13.35,10.893
13.356,10.538
13.362,10.323
13.367,10.191
13.374,14.117
13.379,12.469
13.385,11.483
13.39,10.889
13.396,10.535
13.402,10.317
13.407,10.192
13.414,14.116
13.42,12.468
13.425,11.48
13.431,10.89
13.437,10.533
13.444,14.32
13.449,12.592
13.455,11.556
13.46,10.932
13.466,10.56
13.472,10.335
13.477,14.201
13.484,12.522
13.49,11.514
13.496,10.908
13.501,10.545
13.507,10.327
13.514,14.196
13.519,12.518
13.525,11.51
13.53,10.907
13.536,10.542
13.542,10.327
13.547,10.196
13.554,14.117
13.559,12.472
13.565,11.482
13.57,10.888
13.576,10.533
13.582,10.32
13.587,10.191
13.594,14.115
13.599,12.469
13.605,11.482
13.611,10.889
13.617,10.534
13.622,10.321
13.629,14.192
13.635,12.516
13.64,11.509
13.646,10.903
13.651,10.543
13.657,10.326
13.662,10.196
13.669,14.118
13.674,12.47
13.68,11.482
13.686,10.89
13.691,10.534
13.697,10.319
13.702,10.192
13.709,14.116
13.715,12.47
13.72,11.482
13.726,10.888
13.732,10.532
13.737,10.321
13.744,14.193
13.75,12.516
13.755,11.507
13.761,10.903
13.767,10.544
13.772,14.327
13.779,12.596
13.785,11.558
13.79,10.935
13.796,10.561
13.802,10.337
13.807,10.202
13.814,14.12
13.819,12.473
13.825,11.483
13.83,10.889
13.836,10.535
13.841,10.321
13.847,10.193
13.854,14.116
13.859,12.468
13.865,11.482
13.87,10.888
13.876,10.532
13.881,10.322
13.887,10.192
13.892,10.116
13.899,14.071
13.904,12.442
13.91,11.465
13.915,10.876
13.921,10.527
13.926,10.315
13.932,10.191
13.937,10.115
13.944,14.07
13.949,12.44
13.955,11.462
13.96,10.88
13.966,10.527
13.971,10.316
13.977,10.191
13.982,10.114
13.989,14.069
13.994,12.44
14,11.464
14.005,10.88
14.011,10.528
14.016,10.316
14.022,10.19
14.027,10.114
14.034,14.068
14.039,12.44
14.045,11.464
14.05,10.879
14.056,10.529
14.061,10.316
14.067,10.189
14.073,14.114
14.079,12.467
14.085,11.482
14.09,10.888
14.096,10.533
14.102,10.32
14.107,10.191
14.113,14.116
14.119,12.469
14.125,11.482
14.13,10.889
14.136,10.534
14.141,10.32
14.147,10.191
14.153,14.115
14.159,12.468
14.165,11.482
14.17,10.89
14.176,10.533
14.182,10.321
14.187,10.192
14.194,14.114
14.199,12.468
14.205,11.482
14.21,10.888
14.216,10.533
14.221,10.32
14.227,10.191
14.234,14.116
14.239,12.47
14.245,11.484
14.25,10.888
14.256,10.533
14.262,10.32
14.267,10.191
14.273,14.116
14.279,12.468
14.285,11.483
14.29,10.889
14.296,10.532
14.301,10.321
14.307,10.193
14.313,14.114
14.319,12.467
14.325,11.483
14.33,10.888
14.336,10.533
14.341,10.32
14.347,10.193
14.354,14.115
14.359,12.468
14.365,11.482
14.37,10.89
14.376,10.534
14.381,10.319
14.387,10.192
14.393,14.116
14.399,12.468
14.405,11.481
14.41,10.888
14.416,10.534
14.421,10.32
14.427,10.192
14.433,14.117
14.439,12.469
14.445,11.482
14.45,10.889
14.456,10.534
14.461,10.319
14.467,10.191
14.473,14.115
14.479,12.469
14.485,11.483
14.49,10.888
14.496,10.533
14.502,10.319
14.507,10.193
14.513,14.116
14.519,12.469
14.525,11.481
14.53,10.888
14.536,10.534
14.542,10.32
14.547,10.192
14.554,14.117
14.559,12.469
14.565,11.482
14.57,10.888
14.576,10.533
14.582,10.321
14.587,10.192
14.594,14.114
14.599,12.47
14.605,11.482
14.61,10.888
14.616,10.532
14.622,10.319
14.627,10.191
14.634,14.116
14.639,12.47
14.645,11.482
14.65,10.89
14.656,10.533
14.662,10.32
14.667,10.192
14.674,14.116
14.679,12.469
14.685,11.481
14.69,10.889
14.696,10.534
14.702,10.319
14.707,10.192
14.714,14.116
14.719,12.468
14.725,11.481
14.73,10.889
14.736,10.534
14.742,10.32
14.747,10.193
14.753,10.116
14.759,14.069
14.765,12.441
14.77,11.464
14.776,10.88
14.781,10.527
14.787,10.316
14.794,14.19
14.799,12.514
14.805,11.508
14.81,10.906
14.816,10.543
14.821,10.326
14.827,10.195
14.833,14.118
14.839,12.47
14.845,11.482
14.85,10.89
14.856,10.533
14.861,10.321
14.867,10.193
14.873,14.116
14.879,12.466
14.885,11.481
14.89,10.888
14.896,10.533
14.902,10.32
14.907,10.192
14.914,14.116
14.919,12.467
14.925,11.482
14.93,10.889
14.936,10.534
14.941,10.321
14.947,10.194
14.953,14.117
14.959,12.468
14.965,11.481
14.97,10.89
14.976,10.533
14.981,10.319
14.987,10.192
14.993,14.114
14.999,12.47
15.005,11.48
15.01,10.889
15.016,10.535
15.021,10.319
15.027,10.193
15.033,14.114
15.039,12.47
15.045,11.481
15.05,10.885
15.056,10.52
15.061,10.295
15.067,10.142
15.073,13.927
15.079,12.205
15.085,11.105
15.09,10.359
15.096,9.808
15.101,9.3528
15.107,8.9332
15.113,11.495
15.119,9.6693
15.125,8.3468
15.13,7.3115
15.136,6.4255
15.141,5.607
15.147,4.8095
15.153,4.79
15.159,3.3049
15.165,2.0537
15.17,0.9405
15.176,-0.082672
15.182,-1.042
15.187,-1.9485
15.193,-4.7372
15.199,-5.0445
15.205,-5.4815
15.21,-5.9769
15.216,-6.4841
15.222,-6.9813
15.227,-7.4529
15.233,-11.433
15.239,-10.517
15.245,-10.063
15.25,-9.8646
15.256,-9.8018
15.262,-9.8081
15.267,-9.8412
15.273,-13.87
15.279,-12.316
15.285,-11.39
15.29,-10.833
15.296,-10.5
15.301,-10.299
15.307,-10.18
15.313,-14.11
15.319,-12.465
15.325,-11.478
15.33,-10.888
15.336,-10.531
15.341,-10.32
15.347,-10.193
15.354,-14.114
15.36,-12.467
15.366,-11.483
15.371,-10.888
15.377,-10.534
15.382,-10.321
15.388,-14.192
15.394,-12.514
15.4,-11.511
15.406,-10.904
15.411,-10.544
15.417,-10.324
15.422,-10.196
15.429,-14.118
15.434,-12.47
15.44,-11.482
15.446,-10.888
15.451,-10.533
15.457,-10.321
15.462,-10.192
15.469,-14.116
15.474,-12.47
15.48,-11.481
15.486,-10.889
15.491,-10.533
15.497,-10.32
15.502,-10.192
15.509,-14.114
15.514,-12.47
15.52,-11.482
15.526,-10.888
15.531,-10.533
15.537,-10.319
15.542,-10.192
15.549,-14.117
15.555,-12.468
15.56,-11.481
15.566,-10.89
15.572,-10.533
15.577,-10.321
15.584,-14.192
15.59,-12.514
15.595,-11.51
15.601,-10.906
15.606,-10.542
15.612,-10.326
15.617,-10.196
15.624,-14.117
15.63,-12.47
15.635,-11.482
15.641,-10.89
15.646,-10.534
15.652,-10.321
15.657,-10.191
15.664,-14.115
15.67,-12.468
15.676,-11.484
15.682,-10.888
15.689,-14.533
15.694,-12.719
15.7,-11.632
15.706,-10.979
15.711,-10.588
15.717,-10.353
15.722,-10.212
15.729,-14.126
15.734,-12.476
15.74,-11.487
15.745,-10.893
15.751,-10.535
15.757,-10.321
15.762,-10.192
15.769,-14.114
15.774,-12.469
15.78,-11.482
15.785,-10.889
15.791,-10.535
15.796,-10.32
15.802,-10.19
15.808,-10.115
15.814,-14.071
15.82,-12.44
15.825,-11.464
15.831,-10.879
15.836,-10.526
15.842,-10.316
15.848,-14.193
15.854,-12.513
15.86,-11.507
15.865,-10.906
15.871,-10.544
15.876,-10.325
15.882,-10.197
15.887,-10.117
15.894,-14.072
15.899,-12.442
15.905,-11.464
15.91,-10.88
15.916,-10.527
15.921,-10.315
15.927,-10.188
15.932,-10.113
15.939,-14.07
15.945,-12.442
15.95,-11.465
15.956,-10.88
15.961,-10.527
15.967,-10.315
15.972,-10.192
15.979,-14.113
15.984,-12.468
15.99,-11.481
15.995,-10.889
16.001,-10.532
16.006,-10.32
16.012,-10.193
16.017,-10.115
16.024,-14.069
16.029,-12.442
16.035,-11.465
16.04,-10.879
16.046,-10.527
16.051,-10.314
16.057,-10.191
16.062,-10.115
16.069,-14.068
16.074,-12.442
16.08,-11.463
16.085,-10.878
16.091,-10.527
16.097,-10.317
16.102,-10.19
16.108,-14.115
16.114,-12.467
16.12,-11.481
16.126,-10.889
16.131,-10.532
16.137,-10.319
16.142,-10.194
16.148,-14.116
16.154,-12.468
16.16,-11.481
16.166,-10.889
16.171,-10.534
16.177,-10.32
16.182,-10.191
16.188,-14.115
16.194,-12.469
16.2,-11.482
16.205,-10.889
16.211,-10.533
16.217,-10.32
16.222,-10.192
16.228,-14.116
16.234,-12.468
16.24,-11.484
16.245,-10.888
16.251,-10.532
16.257,-10.322
16.262,-10.191
16.268,-14.115
16.274,-12.469
16.28,-11.482
16.285,-10.888
16.291,-10.534
16.297,-10.321
16.302,-10.192
16.308,-14.114
16.314,-12.468
16.32,-11.483
16.325,-10.888
16.331,-10.532
16.337,-10.322
16.342,-10.192
16.348,-14.114
16.354,-12.469
16.36,-11.48
16.366,-10.891
16.371,-10.534
16.377,-10.32
16.382,-10.192
16.388,-14.116
16.394,-12.469
16.4,-11.48
16.406,-10.89
16.411,-10.532
16.417,-10.32
16.422,-14.192
16.43,-12.515
16.435,-11.508
16.44,-10.905
16.446,-10.543
16.451,-10.327
16.457,-10.195
16.462,-10.118
16.468,-14.07
16.474,-12.443
16.48,-11.466
16.485,-10.879
16.491,-10.528
16.496,-10.317
16.502,-10.192
16.507,-10.113
16.514,-14.068
16.519,-12.441
16.525,-11.464
16.53,-10.878
16.536,-10.527
16.541,-10.315
16.547,-10.188
16.553,-14.116
16.559,-12.469
16.565,-11.481
16.571,-10.889
16.577,-10.532
16.582,-10.321
16.589,-14.192
16.595,-12.513
16.601,-11.51
16.606,-10.905
16.612,-10.543
16.617,-10.328
16.624,-14.193
16.63,-12.519
16.635,-11.51
16.641,-10.908
16.646,-10.544
16.652,-10.325
16.657,-10.195
16.664,-14.118
16.669,-12.47
16.675,-11.481
16.68,-10.89
16.686,-10.535
16.691,-10.32
16.697,-10.19
16.702,-10.114
16.708,-14.071
16.714,-12.442
16.72,-11.465
16.725,-10.878
16.731,-10.527
16.737,-10.317
16.742,-10.19
16.748,-14.113
16.754,-12.468
16.76,-11.481
16.766,-10.889
16.771,-10.535
16.777,-10.321
16.782,-10.19
16.788,-14.115
16.794,-12.469
16.8,-11.482
16.805,-10.889
16.811,-10.533
16.816,-10.319
16.822,-10.194
16.827,-10.115
16.834,-14.068
16.839,-12.443
16.845,-11.465
16.85,-10.878
16.856,-10.527
16.862,-10.319
16.867,-10.189
16.873,-14.113
16.879,-12.467
16.885,-11.481
16.89,-10.889
16.896,-10.534
16.901,-10.319
16.907,-10.191
16.913,-14.116
16.919,-12.47
16.925,-11.48
16.93,-10.891
16.936,-10.532
16.941,-10.321
16.947,-10.193
16.953,-14.115
16.959,-12.469
16.965,-11.482
16.97,-10.889
16.976,-10.533
16.981,-10.321
16.987,-10.192
16.993,-14.117
16.999,-12.468
17.005,-11.482
17.01,-10.888
17.016,-10.533
17.022,-10.319
17.027,-10.192
17.033,-14.114
17.039,-12.47
17.045,-11.482
17.05,-10.888
17.056,-10.534
17.062,-10.321
17.069,-14.191
17.075,-12.515
17.08,-11.51
17.086,-10.906
17.091,-10.543
17.097,-10.325
17.102,-10.196
17.108,-14.118
17.114,-12.469
17.12,-11.482
17.126,-10.889
17.131,-10.534
17.136,-10.32
17.142,-10.193
17.147,-10.116
17.154,-14.069
17.159,-12.441
17.165,-11.466
17.17,-10.879
17.176,-10.526
17.182,-10.316
17.187,-10.189
17.193,-14.115
17.199,-12.468
17.205,-11.483
17.21,-10.888
17.216,-10.532
17.221,-10.321
17.227,-10.191
17.233,-14.117
17.239,-12.468
17.245,-11.482
17.25,-10.888
17.256,-10.533
17.262,-10.32
17.267,-10.192
17.273,-14.115
17.279,-12.469
17.285,-11.482
17.29,-10.89
17.296,-10.533
17.302,-10.318
17.307,-10.193
17.313,-14.114
17.319,-12.469
17.325,-11.481
17.33,-10.889
17.336,-10.534
17.342,-10.323
17.347,-10.19
17.354,-14.115
17.359,-12.469
17.365,-11.48
17.371,-10.891
17.376,-10.535
17.382,-10.319
17.39,-14.193
17.395,-12.512
17.401,-11.508
17.406,-10.906
17.412,-10.545
17.417,-10.325
17.424,-14.195
17.43,-12.519
17.435,-11.511
17.44,-10.907
17.446,-10.543
17.451,-10.325
17.457,-10.195
17.462,-10.117
17.468,-14.072
17.474,-12.441
17.48,-11.466
17.486,-10.88
17.491,-10.527
17.497,-10.316
17.502,-10.191
17.508,-14.113
17.514,-12.468
17.52,-11.482
17.525,-10.887
17.531,-10.533
17.537,-10.319
17.542,-10.193
17.548,-14.116
17.554,-12.467
17.56,-11.482
17.565,-10.889
17.571,-10.531
17.577,-10.322
17.582,-10.193
17.588,-14.114
17.594,-12.469
17.6,-11.484
17.606,-10.887
17.611,-10.534
17.617,-10.322
17.622,-10.19
17.628,-14.117
17.634,-12.47
17.64,-11.48
17.645,-10.889
17.651,-10.534
17.657,-10.321
17.662,-10.193
17.668,-14.115
17.674,-12.47
17.68,-11.481
17.686,-10.887
17.691,-10.535
17.697,-10.32
17.702,-10.191
17.708,-14.114
17.714,-12.47
17.72,-11.48
17.725,-10.89
17.731,-10.533
17.737,-10.32
17.742,-10.191
17.748,-14.116
17.754,-12.469
17.76,-11.482
17.766,-10.888
17.771,-10.534
17.777,-10.32
17.782,-10.192
17.788,-14.114
17.794,-12.471
17.8,-11.481
17.806,-10.89
17.811,-10.533
17.817,-10.321
17.822,-10.192
17.828,-14.116
17.834,-12.47
17.84,-11.482
17.846,-10.888
17.851,-10.536
17.857,-10.319
17.862,-10.191
17.868,-14.115
17.874,-12.468
17.88,-11.482
17.886,-10.89
17.891,-10.533
17.897,-10.321
17.902,-10.19
17.908,-14.112
17.914,-12.469
17.92,-11.483
17.926,-10.89
17.931,-10.533
17.937,-10.32
17.942,-10.191
17.948,-14.115
17.954,-12.468
17.96,-11.484
17.965,-10.889
17.971,-10.534
17.977,-10.319
17.982,-10.191
17.988,-14.116
17.994,-12.469
18,-11.483
18.006,-10.889
18.011,-10.535
18.017,-10.319
18.022,-10.193
18.028,-14.115
18.034,-12.47
18.04,-11.48
18.045,-10.887
18.051,-10.53
18.057,-10.308
18.062,-10.166
18.068,-14.004
18.074,-12.307
18.08,-11.231
18.086,-10.523
18.092,-10.007
18.097,-9.597
18.103,-12.55
18.109,-10.691
18.115,-9.3867
18.12,-8.4018
18.126,-7.5899
18.131,-6.855
18.137,-6.1516
18.144,-6.8892
18.15,-5.2553
18.156,-3.9357
18.161,-2.7899
18.167,-1.7447
18.172,-0.10689
18.179,0.92586
18.185,1.8775
18.191,2.7623
18.196,3.5885
18.202,4.3565
18.208,7.7567
18.214,7.5508
18.22,7.6237
18.226,7.8384
18.232,8.1137
18.237,8.4156
18.244,12.46
18.249,11.302
18.255,10.664
18.26,10.325
18.266,10.154
18.271,10.068
18.277,10.028
18.282,10.012
18.288,14.008
18.294,12.405
18.3,11.44
18.305,10.866
18.311,10.52
18.317,10.309
18.322,10.187
18.328,14.111
18.334,12.468
18.34,11.482
18.345,10.888
18.351,10.533
18.357,10.318
18.364,14.192
18.369,12.517
18.375,11.509
18.381,10.905
18.386,10.543
18.392,10.325
18.397,10.195
18.404,14.118
18.409,12.471
18.415,11.483
18.42,10.891
18.426,10.534
18.431,10.317
18.437,10.193
18.442,10.116
18.448,14.071
18.454,12.443
18.46,11.462
18.465,10.878
18.471,10.528
18.477,10.317
18.482,10.19
18.488,14.111
18.494,12.469
18.5,11.479
18.505,10.89
18.511,10.533
18.516,10.319
18.522,10.194
18.527,10.115
18.533,14.07
18.539,12.442
18.545,11.464
18.55,10.876
18.556,10.529
18.561,10.316
18.567,10.19
18.572,14.113
18.579,12.467
18.585,11.48
18.59,10.89
18.596,10.535
18.601,10.32
18.607,10.192
18.612,10.113
18.618,14.068
18.624,12.44
18.63,11.466
18.635,10.878
18.641,10.528
18.646,10.315
18.652,10.189
18.657,10.114
18.663,14.071
18.669,12.441
18.675,11.466
18.68,10.881
18.686,10.525
18.691,10.317
18.697,10.191
18.702,10.114
18.709,14.068
18.714,12.442
18.72,11.464
18.726,10.876
18.731,10.528
18.737,10.315
18.742,10.19
18.748,14.115
18.754,12.465
18.76,11.482
18.766,10.889
18.771,10.533
18.777,10.319
18.782,10.193
18.788,14.116
18.794,12.469
18.8,11.481
18.806,10.889
18.811,10.532
18.817,10.321
18.822,10.193
18.828,14.114
18.835,12.47
18.841,11.482
18.846,10.889
18.852,10.534
18.857,10.321
18.863,14.192
18.87,12.514
18.875,11.509
18.881,10.907
18.886,10.543
18.892,10.325
18.897,10.195
18.903,14.119
18.909,12.469
18.915,11.48
18.921,10.889
18.926,10.537
18.932,10.32
18.937,10.192
18.944,14.116
18.95,12.47
18.955,11.482
18.961,10.891
18.966,10.531
18.972,10.32
18.977,10.192
18.984,14.113
18.99,12.47
18.995,11.481
19.001,10.889
19.006,10.533
19.012,10.322
19.017,10.192
19.024,14.114
19.03,12.47
19.035,11.481
19.041,10.889
19.046,10.534
19.052,10.319
19.057,10.192
19.063,14.116
19.069,12.468
19.075,11.481
19.08,10.889
19.086,10.534
19.091,10.319
19.097,10.192
19.102,10.115
19.108,14.07
19.114,12.442
19.12,11.464
19.126,10.879
19.131,10.528
19.137,10.317
19.142,10.189
19.148,14.114
19.154,12.47
19.16,11.482
19.166,10.888
19.171,10.531
19.177,10.321
19.182,10.19
19.188,14.116
19.194,12.47
19.2,11.482
19.206,10.89
19.211,10.533
19.217,10.317
19.222,10.191
19.228,14.117
19.234,12.469
19.24,11.482
19.246,10.888
19.251,10.533
19.257,10.32
19.262,10.191
19.268,14.115
19.274,12.469
19.28,11.481
19.286,10.89
19.291,10.533
19.297,10.32
19.302,10.192
19.308,14.116
19.314,12.467
19.32,11.483
19.326,10.889
19.331,10.534
19.337,10.32
19.342,10.192
19.348,14.115
19.354,12.47
19.36,11.482
19.366,10.887
19.371,10.534
19.377,10.321
19.382,10.191
19.388,14.115
19.394,12.471
19.4,11.479
19.406,10.889
19.411,10.534
19.417,10.32
19.422,10.191
19.428,14.115
19.434,12.468
19.442,11.482
19.448,14.889
19.454,12.933
19.46,11.759
19.465,11.056
19.471,10.632
19.476,10.381
19.482,10.228
19.488,10.138
19.494,14.083
19.499,12.45
19.505,11.47
19.51,10.881
19.516,10.529
19.521,10.318
19.527,10.19
19.532,10.115
19.539,14.068
19.544,12.441
19.55,11.465
19.555,10.878
19.561,10.528
19.566,10.316
19.572,10.189
19.577,10.113
19.583,14.067
19.589,12.443
19.595,11.464
19.601,10.878
19.606,10.527
19.612,10.317
19.617,10.19
19.623,10.114
19.629,14.068
19.635,12.442
19.64,11.464
19.646,10.876
19.651,10.527
19.657,10.317
19.662,10.19
19.668,14.115
19.674,12.468
19.68,11.481
19.686,10.889
19.691,10.534
19.697,10.319
19.702,10.192
19.708,14.116
19.714,12.47
19.72,11.482
19.726,10.888
19.731,10.532
19.737,10.321
19.742,10.19
19.748,14.117
19.754,12.468
19.76,11.48
19.766,10.889
19.771,10.535
19.777,10.32
19.782,10.192
19.789,14.116
19.795,12.47
19.801,11.482
19.806,10.89
19.812,10.533
19.817,10.319
19.824,14.192
19.83,12.514
19.835,11.51
19.841,10.906
19.846,10.544
19.852,10.325
19.857,10.197
19.864,14.117
19.869,12.469
19.875,11.481
19.881,10.891
19.886,10.534
19.892,10.32
19.897,10.194
19.904,14.116
19.909,12.47
19.915,11.478
19.921,10.888
19.926,10.532
19.932,10.321
19.937,10.193
19.944,14.117
19.95,12.468
19.955,11.479
19.961,10.89
19.966,10.533
19.972,10.32
19.977,10.193
19.984,14.115
19.99,12.469
19.995,11.481
20.001,10.889
20.006,10.535
20.012,10.321
20.018,10.192
20.024,14.115
20.029,12.47
20.035,11.481
20.041,10.887
20.047,10.533
20.052,10.32
20.057,10.193
20.063,14.114
20.07,12.469
20.075,11.481
20.081,10.888
20.087,10.534
20.092,10.32
20.099,14.192
20.105,12.514
20.11,11.509
20.116,10.907
20.122,10.543
20.127,10.326
20.133,14.196
20.139,12.518
20.145,11.51
20.151,10.906
20.156,10.544
20.162,10.325
20.169,14.197
20.174,12.517
20.18,11.512
20.186,10.906
20.191,10.543
20.197,10.326
20.202,10.195
20.208,14.117
20.214,12.471
20.22,11.483
20.226,10.889
20.232,10.533
20.237,10.321
20.244,14.195
20.25,12.515
20.256,11.509
20.261,10.906
20.267,10.542
20.274,14.327
20.279,12.594
20.285,11.559
20.29,10.935
20.296,10.56
20.301,10.337
20.307,10.203
20.313,10.121
20.319,14.07
20.325,12.445
20.33,11.465
20.336,10.879
20.341,10.528
20.347,10.318
20.353,10.191
20.359,14.113
20.364,12.469
20.37,11.482
20.376,10.889
20.381,10.533
20.387,10.32
20.393,10.193
20.399,14.114
20.405,12.469
20.41,11.48
20.416,10.89
20.422,10.533
20.427,10.32
20.433,14.194
20.439,12.515
20.445,11.509
20.45,10.906
20.456,10.544
20.461,10.325
20.467,10.194
20.473,14.117
20.479,12.47
20.485,11.484
20.49,10.888
20.496,10.533
20.502,10.319
20.507,10.193
20.513,10.117
20.519,14.068
20.525,12.441
20.53,11.464
20.536,10.88
20.541,10.527
20.547,10.316
20.553,10.191
20.559,14.114
20.564,12.469
20.57,11.48
20.575,10.888
20.581,10.534
20.586,10.32
20.592,10.193
20.599,14.115
20.604,12.469
20.61,11.481
20.616,10.887
20.621,10.533
20.627,10.319
20.633,10.194
20.639,14.116
20.645,12.47
20.65,11.482
20.656,10.888
20.661,10.533
20.667,10.32
20.672,10.192
20.678,14.115
20.684,12.469
20.69,11.482
20.696,10.889
20.701,10.533
20.707,10.32
20.713,10.191
20.719,14.115
20.724,12.469
20.73,11.482
20.735,10.889
20.741,10.534
20.746,10.321
20.752,10.193
20.757,10.115
20.764,14.069
20.769,12.441
20.775,11.466
20.781,10.879
20.786,10.527
20.792,10.317
20.797,10.19
20.804,14.113
20.809,12.47
20.815,11.481
20.82,10.889
20.826,10.532
20.831,10.32
20.837,10.193
20.842,10.115
20.848,14.069
20.854,12.441
20.86,11.466
20.865,10.88
20.871,10.527
20.877,10.318
20.882,10.187
20.888,14.113
20.894,12.468
20.9,11.481
20.905,10.889
20.911,10.532
20.916,10.321
20.922,10.19
20.927,10.116
20.933,14.07
20.939,12.442
20.945,11.467
20.95,10.879
20.956,10.529
20.962,10.315
20.967,10.189
20.973,14.114
20.979,12.467
20.985,11.481
20.991,10.89
20.996,10.532
21.002,10.321
21.007,10.19
21.013,14.117
21.019,12.468
21.025,11.482
21.031,10.89
21.036,10.532
21.042,10.32
21.048,10.191
21.054,14.11
21.06,12.457
21.066,11.457
21.071,10.839
21.077,10.443
21.082,10.168
21.088,13.732
21.094,11.935
21.1,10.754
21.106,9.9202
21.112,9.2737
21.117,8.7234
21.124,10.981
21.13,9.135
21.135,7.7845
21.141,6.708
21.146,5.7765
21.152,4.9125
21.158,4.0705
21.164,3.6532
21.17,2.2615
21.175,1.0652
21.181,-0.0078707
21.186,-0.99471
21.192,-1.9213
21.198,-2.7885
21.204,-5.8076
21.21,-5.9394
21.215,-6.2504
21.221,-6.6494
21.227,-7.0805
21.232,-7.51
21.238,-11.468
21.245,-10.539
21.251,-10.075
21.256,-9.8729
21.262,-9.808
21.267,-9.8118
21.273,-9.8434
21.279,-13.87
21.285,-12.317
21.29,-11.389
21.296,-10.834
21.301,-10.499
21.307,-10.3
21.313,-10.179
21.319,-14.109
21.325,-12.466
21.33,-11.478
21.336,-10.886
21.341,-10.533
21.347,-10.318
21.353,-10.192
21.359,-14.115
21.365,-12.469
21.37,-11.48
21.376,-10.891
21.382,-10.532
21.387,-10.321
21.393,-10.193
21.399,-14.115
21.405,-12.468
21.41,-11.483
21.416,-10.888
21.421,-10.534
21.427,-10.318
21.433,-10.192
21.439,-14.116
21.444,-12.469
21.45,-11.481
21.455,-10.888
21.461,-10.533
21.466,-10.321
21.472,-10.192
21.477,-10.115
21.485,-14.07
21.491,-12.441
21.497,-11.465
21.502,-10.879
21.508,-10.528